target_gene	pcr_primer_forward	pcr_primer_reverse	pcr_primer_name_forward	pcr_primer_name_reverse	pcr_primer_reference	lib_layout	seq_meth	DNA_sequence	occurrenceID
16S	AGACGAGAAGACCCYdTGGAGCTT	GATCCAACATCGAGGTCGTAA	Vert-16S-eDNA-F1	Vert-16S-eDNA-R1	https://doi.org/10.1007/s12686-016-0550-y	Paired	NovaSeq6000	TAGACTTCGGAACAGGTCATGTCAATTACCTCCTTAAACAAGTAATAACTATTGAACCTCTGTCTCCTGTCTTTGGTTGGGGCGACCACGGGGAAGAAAAAAACCCCCATGTGGACTGGGAGCACCCTCCTCCCACAACCATGAGCCACAGCTCTAATGCACAGAATTTCTGACCATAAGATCCGGCAAAGCCGATCAACGAACCGAGTTACCCTAGGGATAACAGCGCAATCCCCTTTAAGAGTCCATATCGACAAGGGGGT	asv.2_EE0528
16S	AGACGAGAAGACCCYdTGGAGCTT	GATCCAACATCGAGGTCGTAA	Vert-16S-eDNA-F1	Vert-16S-eDNA-R1	https://doi.org/10.1007/s12686-016-0550-y	Paired	NovaSeq6000	AAGACTATAAATGGACCTAAAACACTCCTTTTATTTACTAAAGGAAGACAATCTGATTACCTTTTAATGTCTTTGGTTGGGGCGACCACGGGGGATAAAAAGCCCCCACGAGGACTAGGGAAAATTTCCTAAAACCAAGAGCTACAGCTCTAAGCAACAGAATATCTGACCTAAAAGATCCGGCAAAGCCGATCGACGAATCCAGTTACCCCAGGGATAACAGCGCAATCTTCTTCAAGAGCCCTTATCGACAAGAAGGT	asv.3_EE0528
16S	AGACGAGAAGACCCYdTGGAGCTT	GATCCAACATCGAGGTCGTAA	Vert-16S-eDNA-F1	Vert-16S-eDNA-R1	https://doi.org/10.1007/s12686-016-0550-y	Paired	NovaSeq6000	TAATTTATTAATGCAAACAGTACCTAACAAACCCACAGGTCCTAAACTACCAAACCTGCATTAAAAATTTCGGTTGGGGCGACCTCGGAGCAGAACCCAACCTCCGAGCAGTACATGCTAAGACTTCACCAGTCAAAGCGAACTACTATACTCAATTGATCCAATAACTTGACCAACGGAACAAGTTACCCTAGGGATAACAGCGCAATCCTATTCTAGAGTCCATATCAACAATAGGGT	asv.1_EE0526
16S	AGACGAGAAGACCCYdTGGAGCTT	GATCCAACATCGAGGTCGTAA	Vert-16S-eDNA-F1	Vert-16S-eDNA-R1	https://doi.org/10.1007/s12686-016-0550-y	Paired	NovaSeq6000	TAGACACCAGGGCAGGTCATGTTAAGAACCCCTATGTTAAAAGACAAAACAAGATGAACACTGCCCACATGTCTTTGGTTGGGGCGACCGCGGGGAAACAAACAACCCCCATGTGGACCGGGAGAACTTCTCCTAAAAGCAAGAACCGCAGTTCTAACTAACAGAACTTCTGACCTTTAAGATCCGGCTAGTGCCGATCAACGGACCGAGTTACCCTAGGGATAACAGCGCAATCCCCTTTGAGAGCCCATATCGATGAGGGGGT	asv.6_EE0528
16S	AGACGAGAAGACCCYdTGGAGCTT	GATCCAACATCGAGGTCGTAA	Vert-16S-eDNA-F1	Vert-16S-eDNA-R1	https://doi.org/10.1007/s12686-016-0550-y	Paired	NovaSeq6000	TAATTTATTAATGCAAACAGTACCTAACAAACCCACAGGTCCTAAACTACCAAACCTGCATTAAAAATTTCGGTTGGGGCGACCTCGGAGCAGAACCCAACCTCCGAGCAGTACATGCTAAGACTTCACCAGTCAAAGCGAACTACTATACTCAATTGATCCAATAACTTGACCAACGGAACAAGTTACCCTAGGGATAACAGCGCAATCCTATTCTAGAGTCCATATCAACAATAGGGT	asv.1_EE0539
16S	AGACGAGAAGACCCYdTGGAGCTT	GATCCAACATCGAGGTCGTAA	Vert-16S-eDNA-F1	Vert-16S-eDNA-R1	https://doi.org/10.1007/s12686-016-0550-y	Paired	NovaSeq6000	TAGACCAAAAATAGCGCTTGTAAAGAAAACTAAATGTAAAAACAGAAAGCCTGTCTATTTTATGTGTCTTCGGTTGGGGCGACCGCGGGGTAGCAATAAAACCCCCATGTGGAAAATGAACACCCTTCTTTAAGCCGAGAGTGACAGCTCAAAGTAACAGAACATCTGACCTAAATTGACCCGGGCTAACCGATCAACGAAAACAGTTACCCCAGGGATAACAGCGCAATCCTCTTCCAGAGCCCATATCGACAAGAGGGT	asv.4_EE0528
16S	AGACGAGAAGACCCYdTGGAGCTT	GATCCAACATCGAGGTCGTAA	Vert-16S-eDNA-F1	Vert-16S-eDNA-R1	https://doi.org/10.1007/s12686-016-0550-y	Paired	NovaSeq6000	TAGACACTAAGCCAGACTTTGTTAAGCACCCCTTTCAAAGGACTAAACTAATTGCAACCTGGCCTGATGTCTTTGGTTGGGGCGACCTCGGGGAAACAAAAAACCCCCGCGTGGAATGGAAGAACTCCTCTTCTAGAACCAAGAGCTACCGCTCAAATTGACAGAATATCTGACCAATTACAGATCCGGCTTTAACGCCGATCAACGGACCGAGTTACCCCAGGGATAACAGCGCAATCCTCTTTTAGAGCCCATATCGACAAGAGGGT	asv.5_EE0526
16S	AGACGAGAAGACCCYdTGGAGCTT	GATCCAACATCGAGGTCGTAA	Vert-16S-eDNA-F1	Vert-16S-eDNA-R1	https://doi.org/10.1007/s12686-016-0550-y	Paired	NovaSeq6000	TAATTTATTAATGCAAACAGTACCTAACAAACCCACAGGTCCTAAACTACCAAACCTGCATTAAAAATTTCGGTTGGGGCGACCTCGGAGCAGAACCCAACCTCCGAGCAGTACATGCTAAGACTTCACCAGTCAAAGCGAACTACTATACTCAATTGATCCAATAACTTGACCAACGGAACAAGTTACCCTAGGGATAACAGCGCAATCCTATTCTAGAGTCCATATCAACAATAGGGT	asv.1_EE0528
16S	AGACGAGAAGACCCYdTGGAGCTT	GATCCAACATCGAGGTCGTAA	Vert-16S-eDNA-F1	Vert-16S-eDNA-R1	https://doi.org/10.1007/s12686-016-0550-y	Paired	NovaSeq6000	TAGACACCAAAGCAGACCATGTTAATTACCCCTAAACAAAGGACCAAACAATATTGAACCCTGCCCTAATGTCTTCGGTTGGGGCGACCACGGAGAAATAAAAAACCCCCGCGTGGAACAGGGATACCATCCCCACAATTGTGAGCCTCCGCTCTACCAAACAGAACTTCTGACCAATTAGATCCGGCAATGCCGACCAACGGACCAAGTTACCCTAGGGATAACAGCGCAATCCCCTTTTAGAGCCCATATCGACAAGGGGGT	asv.7_EE0526
16S	AGACGAGAAGACCCYdTGGAGCTT	GATCCAACATCGAGGTCGTAA	Vert-16S-eDNA-F1	Vert-16S-eDNA-R1	https://doi.org/10.1007/s12686-016-0550-y	Paired	NovaSeq6000	TAGACAACAGAGCAGCCCATGTCAACACCCTCCCATCAAGGAGAAGAACTAATTGGACCCTGCCCTAATGTTTTTGGTTGGGGCGACCGCGGGGAAACAAAAATCCCCCACGTGGAATAGGAGCACCCCTCCTACAACCAAGAGCTACAGCTCTAAGCAACAGAAATTCTGACCATCAAGATCCGGCAACGCCGATCAACGAACCGAGTTACCCCAGGGATAACAGCGCAATCCTCTTTTAGAGCCCATATCGACAAGGGGGT	asv.8_EE0526
16S	AGACGAGAAGACCCYdTGGAGCTT	GATCCAACATCGAGGTCGTAA	Vert-16S-eDNA-F1	Vert-16S-eDNA-R1	https://doi.org/10.1007/s12686-016-0550-y	Paired	NovaSeq6000	TAGACCAAAAATAGCGCTTGTAAAGAAAACTAAATGTAAAAACAGAAAGCCTGTCTATTTTATGTGTCTTCGGTTGGGGCGACCGCGGGGTAGCAATAAAACCCCCATGTGGAAAATGAACACCCTTCTTTAAGCCGAGAGTGACAGCTCAAAGTAACAGAACATCTGACCTAAATTGACCCGGGCTAACCGATCAACGAAAACAGTTACCCCAGGGATAACAGCGCAATCCTCTTCCAGAGCCCATATCGACAAGAGGGT	asv.4_EE0526
16S	AGACGAGAAGACCCYdTGGAGCTT	GATCCAACATCGAGGTCGTAA	Vert-16S-eDNA-F1	Vert-16S-eDNA-R1	https://doi.org/10.1007/s12686-016-0550-y	Paired	NovaSeq6000	TAGACACTAAGACGGATCATGTTAATAAACCCTGCATAAAGGATTAAACAAGATGAACCCCGTCTGCATGTCTTTGGTTGGGGCGACCGCGGGGAAACAAATAACCCCCGTGTGGACTGGGAGAACTTCTCCTAAAAGCAAGAACCACAGTTCTAACTAACAGAACTTCTGACCTATAAGATCCGGCAGTGCCGATCAACGGACCGAGTTACCCTAGGGATAACAGCGCAATCCTCTTTGAGAGTCCATATCGATGAGAGGGT	asv.9_EE0528
16S	AGACGAGAAGACCCYdTGGAGCTT	GATCCAACATCGAGGTCGTAA	Vert-16S-eDNA-F1	Vert-16S-eDNA-R1	https://doi.org/10.1007/s12686-016-0550-y	Paired	NovaSeq6000	TAAGTGTAAGACAGACTATGCCCAAGCACCATTATCACTGGAATAAGCTATTAGATACTGCGCTTCGCTTTTGGTTGGGGCGACCCCGGGTGACTAATCAACACCTATTTTTAAGGAAAGGGACTATTCTAGAACCCAAGCTGAGAGCTACAACTCGAATAATTAAAACATTTAACCAAAATGATCCGGCAAGCCCGATCGACGAATCAAGTTACCCTAGGGATAACAGCGCAATTCCTTTCTAGAGTTCTTATCGACGAAGGAGT	asv.11_EE0528
16S	AGACGAGAAGACCCYdTGGAGCTT	GATCCAACATCGAGGTCGTAA	Vert-16S-eDNA-F1	Vert-16S-eDNA-R1	https://doi.org/10.1007/s12686-016-0550-y	Paired	NovaSeq6000	TAGACACTAAGCCAGACTTTGTTAAGCACCCCTTTCAAAGGACTAAACTAATTGCAACCTGGCCTGATGTCTTTGGTTGGGGCGACCTCGGGGAAACAAAAAACCCCCGCGTGGAATGGAAGAACTCCTCTTCTAGAACCAAGAGCTACCGCTCAAATTGACAGAATATCTGACCAATTACAGATCCGGCTTTAACGCCGATCAACGGACCGAGTTACCCCAGGGATAACAGCGCAATCCTCTTTTAGAGCCCATATCGACAAGAGGGT	asv.5_EE0528
16S	AGACGAGAAGACCCYdTGGAGCTT	GATCCAACATCGAGGTCGTAA	Vert-16S-eDNA-F1	Vert-16S-eDNA-R1	https://doi.org/10.1007/s12686-016-0550-y	Paired	NovaSeq6000	CAGACACTAAAACAGCCCATGTTAAGAACCCTCACAAAAGAGACCAAACTAGATGATCCCTGTCCTAATGTCTTTGGTTGGGGCGACCACGGAGTAACAAAAAACCCCCGCGCGGAACAGAAACACTGTTTCCAGAACCAAGAGCACCCGCTCTAAGTAACAAGACCCACTTGACCTTTGAGATCCGGCACAAGCCGATCAACGGACCGAGTTACCCTAGGGATAACAGCGCAATCTTCTTCGAGAGTTCATATCGACGAGAAGGT	asv.13_EE0526
16S	AGACGAGAAGACCCYdTGGAGCTT	GATCCAACATCGAGGTCGTAA	Vert-16S-eDNA-F1	Vert-16S-eDNA-R1	https://doi.org/10.1007/s12686-016-0550-y	Paired	NovaSeq6000	TAGACCAAAAATAGCGCTTGTAAAGAAAACTAAATGTAAAAACAGAAAGCCTGTCTATTTTATGTGTCTTCGGTTGGGGCGACCGCGGGGTAGCAATAAAACCCCCATGTGGAAAATGAACACCCTTCTTTAAGCCGAGAGTGACAGCTCAAAGTAACAGAACATCTGACCTAAATTGACCCGGGCTAACCGATCAACGAAACCAGTTACCCCAGGGATAACAGCGCAATCCTCTTCCAGAGCCCATATCGACAAGAGGGT	asv.10_EE0528
16S	AGACGAGAAGACCCYdTGGAGCTT	GATCCAACATCGAGGTCGTAA	Vert-16S-eDNA-F1	Vert-16S-eDNA-R1	https://doi.org/10.1007/s12686-016-0550-y	Paired	NovaSeq6000	TAGACCAAAAATAGCGCTTGTAAAGAAAACTAAATGTAAAAACAGAAAGCCTGTCTATTTTATGTGTCTTCGGTTGGGGCGACCGCGGGGTAGCAATAAAACCCCCATGTGGAAAATGAACACCCTTCTTTAAGCCGAGAGTGACAGCTCAAAGTAACAGAACATCTGACCTAAATTGACCCGGGCTAACCGATCAACGAAACCAGTTACCCCAGGGATAACAGCGCAATCCTCTTCCAGAGCCCATATCGACAAGAGGGT	asv.10_EE0526
16S	AGACGAGAAGACCCYdTGGAGCTT	GATCCAACATCGAGGTCGTAA	Vert-16S-eDNA-F1	Vert-16S-eDNA-R1	https://doi.org/10.1007/s12686-016-0550-y	Paired	NovaSeq6000	TAGACACTAAGACGAATCATGTTAAGTACCTCTAAATAAAGAACCAAACCAGATGAACCTCGCCCTATATGTCTTTGGTTGGGGCGACCGCGGGGAAATACAAAACCCCCACGTGGAATGGGAACACCCCTCCTACAACTCAGAGCTCCCGCTCTAATAAACAGAATTTCTGACCAATCAGATCCGGCGAAGCCGATCAACGGACCGAGTTACCCTAGGGATAACAGCGCAATCCCCTTCTAGAGCCCATATCGACAAGGGGGT	asv.12_EE0526
16S	AGACGAGAAGACCCYdTGGAGCTT	GATCCAACATCGAGGTCGTAA	Vert-16S-eDNA-F1	Vert-16S-eDNA-R1	https://doi.org/10.1007/s12686-016-0550-y	Paired	NovaSeq6000	TAGACACCAAAGCAGACCATGTTAATTATCCCTAAACAAAGGACTAAACAATATTGAACCCTGCCCTAATGTCTTCGGTTGGGGCGACCACGGAGAAATAAAAAACCCCCGCGTGGAATAGGGATACTATCCTGACAATCACGAGCCTCCGCTCTACTAAACAGAACCTCTGACCTTTTAGATCCGGCAATGCCGACCAACGGACCAAGTTACCCTAGGGATAACAGCGCAATCCCCTTTTAGAGCCCATATCGACAAGGGGGT	asv.18_EE0528
16S	AGACGAGAAGACCCYdTGGAGCTT	GATCCAACATCGAGGTCGTAA	Vert-16S-eDNA-F1	Vert-16S-eDNA-R1	https://doi.org/10.1007/s12686-016-0550-y	Paired	NovaSeq6000	TCTACGAATTTCACCTCTACACTGGAAATTCCATTTTCCTCTCCTGAATTCCAGAACAAAAGTTTTAAAAGCAATTCCTAGGTTGAGCCCAGGGATTTCACTTCTAACTTTTTGTTCCGCCTACATGCGCTTTACGCCCAGTAATTCCGA	asv.613_EE0524
16S	AGACGAGAAGACCCYdTGGAGCTT	GATCCAACATCGAGGTCGTAA	Vert-16S-eDNA-F1	Vert-16S-eDNA-R1	https://doi.org/10.1007/s12686-016-0550-y	Paired	NovaSeq6000	TAGACTCCAGAATAGACCATGTCAGCTACTCCCGTTAAACACAGTAGCAACTATTGAGCCTCTATTCTCTGTCTTTGGTTGGGGCGACCACGGGGAAGAAAAAATCCCCCATGTGGACCGGGAGCACCAATCTCACTCCCACAACCACGAGCCACAGCTCTAATGCGCAGAATTTCTGACCATATAGATCCGGCAACTAGCCGATCAACGGACCGAGTTACCCTAGGGATAACAGCGCAATCCCCTTTAAGAGTCCCTATCGACAAGGGGGT	asv.20_EE0528
16S	AGACGAGAAGACCCYdTGGAGCTT	GATCCAACATCGAGGTCGTAA	Vert-16S-eDNA-F1	Vert-16S-eDNA-R1	https://doi.org/10.1007/s12686-016-0550-y	Paired	NovaSeq6000	CAGACACTAAAACAGCTCATGTTAAGAACCCTCACAAAAGAGACCAAACTAGATGACCCCTGTCCTAATGTCTTTGGTTGGGGCGACCACGGGGTAACAAAAAACCCCCGCGCGGAACAGAAACACTGTTTCCAGAACCAAGAGCACCCGCTCTAAGTAACAAGACCCACTTGACCTTTGAGATCCGGCACAAGCCGATCAACGGACCGAGTTACCCTAGGGATAACAGCGCAATCTTCTTCGAGAGTTCATATCGACGAGAAGGT	asv.17_EE0526
16S	AGACGAGAAGACCCYdTGGAGCTT	GATCCAACATCGAGGTCGTAA	Vert-16S-eDNA-F1	Vert-16S-eDNA-R1	https://doi.org/10.1007/s12686-016-0550-y	Paired	NovaSeq6000	TAGACAATAAGTAGTGCCTGTAAAGACTTAACAACGCTAAAACAAAAGGTATATCTATTTTGATGTCTTCGGTTGGGGCGACCGCGGGGAAACAAAAAACCCCCACGTGGAATATGAACCTCTTCTTTCAACCAAGAGAGCCATCTCTAAGTACCAGAACATCTGACCTTCTTGACCCGGCACTCGCCGATCAACGAAACCAGTTACCCCAGGGATAACAGCGCAATCCCCTCCCAGAGCCCATATCGACGAGGGGGT	asv.16_EE0526
16S	AGACGAGAAGACCCYdTGGAGCTT	GATCCAACATCGAGGTCGTAA	Vert-16S-eDNA-F1	Vert-16S-eDNA-R1	https://doi.org/10.1007/s12686-016-0550-y	Paired	NovaSeq6000	TAGACACCAAGGCAGCTCCTGGTTAAAAGGCTAGTTTAATAGCCTACAGTTTCCCTACTGCTCTGCTTTAATGTCTTTGGTTGGGGCGACCGCGGAGTAACACCTAACCTCCATGAGGACTGGGGCCTTTGCTCTACAACTAAGAGTGACAACTCTAAATAACAGAAAATCTGACCAAAATTGATCCGGCCCTGCCGATCAACGAACCCAGTTACCCCAGGGATAACAGCGCAATCCTCTTCTAGAGCCCATATCGACAAGGGGGT	asv.19_EE0528
16S	AGACGAGAAGACCCYdTGGAGCTT	GATCCAACATCGAGGTCGTAA	Vert-16S-eDNA-F1	Vert-16S-eDNA-R1	https://doi.org/10.1007/s12686-016-0550-y	Paired	NovaSeq6000	TAGACACCAAAGCAGACCATGTTAATCACCCCTAAATAAAGGACCAAACAATATTGAACCCTGCCCTAATGTCTTCGGTTGGGGCGACCACGGAGAAATAAAAAACCCCCGCGTGGAACAGGGATACTATCCCCACAATTACGAGCTTCCGCTCTATCAAACAGAACCTCTGACCAGTCAGATCCGGCAATGCCGACCAACGGACCAAGTTACCCTAGGGATAACAGCGCAATCCCCTTTTAGAGCCCATATCGACAAGGGGGT	asv.22_EE0526
16S	AGACGAGAAGACCCYdTGGAGCTT	GATCCAACATCGAGGTCGTAA	Vert-16S-eDNA-F1	Vert-16S-eDNA-R1	https://doi.org/10.1007/s12686-016-0550-y	Paired	NovaSeq6000	TAGACACCAAAGCAGACCATGTTAATCACCCCTAAACAAAGGACTAAACAATATTGAACCCTGCCCTAATGTCTTCGGTTGGGGCGACCACGGAGAAATAAAAAACCCCCGCGTGGAACAGGGATACTATCCCCACAATCACGAGCCTCCGCTCTACTAAACAGAACCTCTGACCAACCAGATCCGGCAATGCCGACCAACGGACCAAGTTACCCTAGGGATAACAGCGCAATCCCCTTTTAGAGCCCATATCGACAAGGGGGT	asv.21_EE0528
16S	AGACGAGAAGACCCYdTGGAGCTT	GATCCAACATCGAGGTCGTAA	Vert-16S-eDNA-F1	Vert-16S-eDNA-R1	https://doi.org/10.1007/s12686-016-0550-y	Paired	NovaSeq6000	TAGACACTAAGCCAGATCACGTCAAATACCCCCACTAAAGGATCGAACTTACTGCAACCTGGCCTGATGTCTTTGGTTGGGGCGACCTCGGGGAAGCAAAAAACCCCCGCGTGGAATGGAAGAACTCTGCTTCCAGAACCAAGAGCCACCGCTCAAATTAACAGAATTTCTGACCAATTACAGATCCGGCTCAACGCCGATCAACGGACCGAGTTACCCCAGGGATAACAGCGCAATCCTCTTTTAGAGCCCATATCGACAAGAGGGT	asv.14_EE0528
16S	AGACGAGAAGACCCYdTGGAGCTT	GATCCAACATCGAGGTCGTAA	Vert-16S-eDNA-F1	Vert-16S-eDNA-R1	https://doi.org/10.1007/s12686-016-0550-y	Paired	NovaSeq6000	TAGACAATAAATAGCACCTGTAAAGACTAGCTTGCAACGTAAAACAAAAGGTATTTCTATTTTACATGTCTTCGGTTGGGGCGACCGCGGGGAATACAAAACCCCCACGTGGAACAAGAACTCCATCTTTAAACTGAGAGCTACACCTCTAAGGAACAGAATCTCTGACCAGAATGATCCGGCGGCAACCCCGCCGATCAACGGAACTAGTTACCCCAGGGATAACAGCGCAATCCTCTCCCAGAGCCCATATCGACGAGGGGGT	asv.15_EE0528
16S	AGACGAGAAGACCCYdTGGAGCTT	GATCCAACATCGAGGTCGTAA	Vert-16S-eDNA-F1	Vert-16S-eDNA-R1	https://doi.org/10.1007/s12686-016-0550-y	Paired	NovaSeq6000	TAGACAAAGAATGGACCCTGTAAATTAACTCTTTAAAAGTGCAAACATAAAAGGAACCCATTCCTATGTCTTTGGTTGGGGCGACCGCGGGGAAACACGAAACCCCCACGTGGTATTTAAGAATACTTCTTTGAACCTAGAGCGACAACTCAAAGTAACAAAAATTTTGACCTTTATGACCCGGCACTTTCATGCCGATCAACGAAACTAGTTACCCCAGGGATAACAGCGCAATCCTCTCCCAGAGCCCATATCGACAAGAGGGT	asv.24_EE0526
16S	AGACGAGAAGACCCYdTGGAGCTT	GATCCAACATCGAGGTCGTAA	Vert-16S-eDNA-F1	Vert-16S-eDNA-R1	https://doi.org/10.1007/s12686-016-0550-y	Paired	NovaSeq6000	TAGACGCCTACCAATCACATCAAAGGCGGTTAGAAAGCCTAAACCCCAAACAACGTGATCCTGGCCAGGGCGTCTTAGGTTGGGGCGACCGTGGAGGAGAGCAAAGCCTTCGACGAGGACAGGGGCCCATAACCCTAAAGCCAAGAGCCACACCTCTAAGTCTCGAAACATTCGACCGATAACTGATCCGGCTTTTGCCGATCAACGGACCAAGTTACCCTAGGGATAACAGCGCAATCCTCTCCCAGAGTCCATATCGACGAGAGGGT	asv.27_EE0528
16S	AGACGAGAAGACCCYdTGGAGCTT	GATCCAACATCGAGGTCGTAA	Vert-16S-eDNA-F1	Vert-16S-eDNA-R1	https://doi.org/10.1007/s12686-016-0550-y	Paired	NovaSeq6000	TAGACAAAAGACAGACCATGTTAAGCACCCTCAAATAAGAGACCAAACTTGATGTTTACTGCCCTAATGTCTTTGGTTGGGGTGACCGCGGCGAAATAAATAACCCCCGTGTAGAAAGAGGGCTCACTCCCTTCGAATCAAGAGCTTCCGCTCAAATAAACAGAACATCTGACTAAATAAGATCCGGCAACGCCGATCAACGGACCGAGTTACCCTAGGGATAACAGCGCAATCCCCTTCTAGAGCCCATATCGACAAGGGGGT	asv.23_EE0528
16S	AGACGAGAAGACCCYdTGGAGCTT	GATCCAACATCGAGGTCGTAA	Vert-16S-eDNA-F1	Vert-16S-eDNA-R1	https://doi.org/10.1007/s12686-016-0550-y	Paired	NovaSeq6000	TAGACTTCGGAACAGGTCATGTCAATTACCTCCTTAAACAAGTAATAACTATTGAACCTCTGTCTCCTGTCTTTGGTTGGGGCGACCACGGGGAAGAAAAAAACCCCCATGTGGACTGGGAGCACCCTCCTCCCACAACCATGAGCCACAGCTCTAATGCACAGAATTTCTGACCATAAGATCCGGCAAAGCCGATCAACGAACCGAGTTACCCTAGGGATAACAGCGCAATCCCCTTTAAGAGTCCATATCGACAAGGGGGT	asv.2_EE0526
16S	AGACGAGAAGACCCYdTGGAGCTT	GATCCAACATCGAGGTCGTAA	Vert-16S-eDNA-F1	Vert-16S-eDNA-R1	https://doi.org/10.1007/s12686-016-0550-y	Paired	NovaSeq6000	AAGAAAAAAGACTAACTACGTTAAGAATAAACCAATTAAACTAAGTAGAAACTAGTCTAGAATCTTTGGTTGGGGCGACCACGGAAGAAAACAAAGCTCCCATGAGGACCGGGCTACTAACCTAAAACCAAGAAAGACATTTCTAAGTCTCAGAATATCTGACCACCACCGATCCGGCCCAAGCCGATCAACGAAACAAGTTACCCAAGGGATAACAGCGCAATCCCCTTTGAGAGTCCATATCGACAAGGGGGT	asv.32_EE0528
16S	AGACGAGAAGACCCYdTGGAGCTT	GATCCAACATCGAGGTCGTAA	Vert-16S-eDNA-F1	Vert-16S-eDNA-R1	https://doi.org/10.1007/s12686-016-0550-y	Paired	NovaSeq6000	TAGACTCCAGAATAGACCATGTCAGCTATTCCCGTTAAACATAATAGCAACTATTGAGCCTCTATTCTCTGTCTTTGGTTGGGGCGACCACGGGGAAGAAAAAATCCCCCATGTGGACCGGGAGCACCAATCTCACTCCCACAACCACGAGCCACAGCTCTAATGCGCAGAACTTCTGACCATATAGATCCGGCAACTAGCCGATCAACGGACCGAGTTACCCTAGGGATAACAGCGCAATCCCCTTTAAGAGTCCCTATCGACAAGGGGGT	asv.33_EE0528
16S	AGACGAGAAGACCCYdTGGAGCTT	GATCCAACATCGAGGTCGTAA	Vert-16S-eDNA-F1	Vert-16S-eDNA-R1	https://doi.org/10.1007/s12686-016-0550-y	Paired	NovaSeq6000	TAGACACTAAGCCAGATCACGTCAAATACCCCCACTAAAGGATCGAACTTACTGCAACCTGGCCTGATGTCTTTGGTTGGGGCGACCTCGGGGAAGCAAAAAACCCCCGCGTGGAATGGAAGAACTCTGCTTCCAGAACCAAGAGCCACCGCTCAAATTAACAGAATTTCTGACCAATTACAGATCCGGCTCAACGCCGATCAACGGACCGAGTTACCCCAGGGATAACAGCGCAATCCTCTTTTAGAGCCCATATCGACAAGAGGGT	asv.14_EE0526
16S	AGACGAGAAGACCCYdTGGAGCTT	GATCCAACATCGAGGTCGTAA	Vert-16S-eDNA-F1	Vert-16S-eDNA-R1	https://doi.org/10.1007/s12686-016-0550-y	Paired	NovaSeq6000	TAGACACCAAGACAGCTTACGTCAAGAACCTTATACAAAAGATTGAACTACATAAATCCTGTCCTAATGTCTTCGGTTGGGGCGACCCTGGGGAGATAAAGAACCCCCATGAGGACTGGAGAGATATCTCCAAAACTAAGAGCTTCCGCTCTAAGAAGCAGAACTTCTGACCGCAAGATCCGGCAGCGCCGATCAACGGACCGAGTTACCCTAGGGATAACAGCGCAATCCCCTTCTAGAGCCCCTATCGACAAGGGGGT	asv.29_EE0528
16S	AGACGAGAAGACCCYdTGGAGCTT	GATCCAACATCGAGGTCGTAA	Vert-16S-eDNA-F1	Vert-16S-eDNA-R1	https://doi.org/10.1007/s12686-016-0550-y	Paired	NovaSeq6000	TAGACACCAAGGCAGATCATGTTAAACACCCCTTCACAAAGGACTAAACCAGATGAACCCTGCCCTAATGTCTTTGGTTGGGGCGACCGCGGGGAAACAAAAAACCCCCATGTGGAATGGGAACACTCCTTCCTACAACTAAGAGCTCCCGCTCTAATGACCAGAACTTCTGACCAATCAGATCCGGCAACGCCGATCAACGAACCGAGTTACCCTAGGGATAACAGCGCAATCCCCTTTTAGAGCCCATATCGACAAGGGGGT	asv.35_EE0526
16S	AGACGAGAAGACCCYdTGGAGCTT	GATCCAACATCGAGGTCGTAA	Vert-16S-eDNA-F1	Vert-16S-eDNA-R1	https://doi.org/10.1007/s12686-016-0550-y	Paired	NovaSeq6000	TAGACAATAAATAGCACCTGTAAAGACTAGCTTGCAACGTAAAACAAAAGGTATTTCTATTTTACATGTCTTCGGTTGGGGCGACCGCGGGGAATACAAAACCCCCACGTGGAACAAGAACTCCATCTTTAAACTGAGAGCTACACCTCTAAGGAACAGAATCTCTGACCAGAATGATCCGGCGGCAACCCCGCCGATCAACGGAACTAGTTACCCCAGGGATAACAGCGCAATCCTCTCCCAGAGCCCATATCGACGAGGGGGT	asv.15_EE0526
16S	AGACGAGAAGACCCYdTGGAGCTT	GATCCAACATCGAGGTCGTAA	Vert-16S-eDNA-F1	Vert-16S-eDNA-R1	https://doi.org/10.1007/s12686-016-0550-y	Paired	NovaSeq6000	CAGACAAAAGAACAGACTATGTCAAAACCCCCAGACAAGGAAAAGAACCAATTAGACCCTGTCCTAATGTCTTTGGTTGGGGCGACCGCGGGGAAATAAAAATCCCCCATGTGGAATAGAGCCACACCTTCTACAACCGAGAGTAACAACTCTAAGCAACAGAAATTCTGACCATCATGATCCGGCACCGCCGATCAACGGAACGAGTTACCCCAGGGATAACAGCGCAATCCTCTTTTAGAGCCCATATCGACAAGAGGGT	asv.37_EE0528
16S	AGACGAGAAGACCCYdTGGAGCTT	GATCCAACATCGAGGTCGTAA	Vert-16S-eDNA-F1	Vert-16S-eDNA-R1	https://doi.org/10.1007/s12686-016-0550-y	Paired	NovaSeq6000	TAGACTTCGGAACAGGTCATGTCAACTACCTCCTTAAACAAGTAATAACTATTGAACCTCTGTCTCCTGTCTTTGGTTGGGGCGACCACGGGGAAGAAAAAAACCCCCATGTGGACTGGGAGCACCCTCCTCCCACAACCATGAGCCACAGCTCTAATGCACAGAATTTCTGACCATAAGATCCGGCAAAGCCGATCAACGAACCGAGTTACCCTAGGGATAACAGCGCAATCCCCTTTAAGAGTCCATATCGACAAGGGGGT	asv.41_EE0528
16S	AGACGAGAAGACCCYdTGGAGCTT	GATCCAACATCGAGGTCGTAA	Vert-16S-eDNA-F1	Vert-16S-eDNA-R1	https://doi.org/10.1007/s12686-016-0550-y	Paired	NovaSeq6000	GTCGGTAAACTCGTGCCAGCAGCCGCGGTAATACGGAAGGTCCTAGCGTTGTTCGGAATTACTGGGCGTAAAGCGCATGTAGGCGGAACAAAAAGTTAGAAGTGAAATCCCTGGGCTCAACCTAGGAATTGCTTTTAAAACTTTTGTTCTGGAATTCAGGAGAGGAAAATGGAATTTCCAGTGTAGAGGTGAAATTCGTA	asv.335_EE0524
16S	AGACGAGAAGACCCYdTGGAGCTT	GATCCAACATCGAGGTCGTAA	Vert-16S-eDNA-F1	Vert-16S-eDNA-R1	https://doi.org/10.1007/s12686-016-0550-y	Paired	NovaSeq6000	TAATTTATTAATGCAAACAGTACCTAACAAACCCACAGGTCCTAAACTACCAAACCTGCATTAAAAATTTCGGTTGGGGCGACCTCGGAGCAGAACCCAACCTCCGAGCAGTACATGCTAAGACTTCACCAGTCAAAGCGAACTACTATACTCAATTGATCCAATAACTTGACCAACGGAACAAGTTACCCTAGGGATAACAGCGCAATCCTATTCTAGAGTCCATATCAACAATAGGGT	asv.1_EE0524
16S	AGACGAGAAGACCCYdTGGAGCTT	GATCCAACATCGAGGTCGTAA	Vert-16S-eDNA-F1	Vert-16S-eDNA-R1	https://doi.org/10.1007/s12686-016-0550-y	Paired	NovaSeq6000	TAGACGCCGAGTCAGCCCTAGTCCAACACCCCTGTTCAAAGGGTTGAACGCTATAGGAGACCTGATCTAATGTCTTCGGTTGGGGCGACCCCGGGGAAAGAAAAACCCCCGTGTGGAATAGGAGTACTACACTCCCAAAACTAAGAGTCACCACTCAAAGTATCAGAAATTCTGACCAACTACGTGATCCAGCTTAAACGCCGATCAACGGACCAAGTTACCCCAGGGATAACAGCGCAATCCTCTTTTAGAGCCCATATCGACAAGAGGGT	asv.25_EE0526
16S	AGACGAGAAGACCCYdTGGAGCTT	GATCCAACATCGAGGTCGTAA	Vert-16S-eDNA-F1	Vert-16S-eDNA-R1	https://doi.org/10.1007/s12686-016-0550-y	Paired	NovaSeq6000	TAGACACTAAGCCAGACTTTGTTAAGCACCCCTCCTAAAGGACTAAACTGATTGTAACCTGGCCTGATGTCTTTGGTTGGGGCGACCTCGGGGAAACAAAAAACCCCCGCGTGGAATGGAAGAACACTTCTTCTAGAACTAAGAGCTACCGCTCAAACTGACAGAATATCTGACCAATTACAGATCCGGCTCACGCCGATCAACGGACCGAGTTACCCCAGGGATAACAGCGCAATCCTCTTTTAGAGCCCATATCGACAAGAGGGT	asv.43_EE0526
16S	AGACGAGAAGACCCYdTGGAGCTT	GATCCAACATCGAGGTCGTAA	Vert-16S-eDNA-F1	Vert-16S-eDNA-R1	https://doi.org/10.1007/s12686-016-0550-y	Paired	NovaSeq6000	TAGACACTAAGACGAATCATGTTAAGTACCTCTAAATAAAGAACCAAACCAGATGAACCTCGCCCTATATGTCTTTGGTTGGGGCGACCGCGGGGAAATACAAAACCCCCACGTGGAATGGGAACACCCCTCCTACAACTCAGAGCTCCCGCTCTAATAAACAGAATTTCTGACCAATCAGATCCGGCGAAGCCGATCAACGGACCGAGTTACCCTAGGGATAACAGCGCAATCCCCTTCTAGAGCCCATATCGACAAGGGGGT	asv.12_EE0528
16S	AGACGAGAAGACCCYdTGGAGCTT	GATCCAACATCGAGGTCGTAA	Vert-16S-eDNA-F1	Vert-16S-eDNA-R1	https://doi.org/10.1007/s12686-016-0550-y	Paired	NovaSeq6000	TAGACACCAAAGCAGATCATGTTAAACACCCCCAAATAAAGGGCCAAACCAGATGAAACCTGCCCTAATGTCTTTGGTTGGGGCGACCGCGGGGAAACACAAAACCCCCACGTGGAATGGGACTACCCGTCCTACAGCAACAGAGCTCCCGCTCTCAGCAACAGAATTTCTGACCATTAAGATCCGGCAAAGCCGATCAACGGACCGAGTTACCCTAGGGATAACAGCGCAATCCTCTTTTAGAGCCCATATCGACAAGAGGGT	asv.44_EE0528
16S	AGACGAGAAGACCCYdTGGAGCTT	GATCCAACATCGAGGTCGTAA	Vert-16S-eDNA-F1	Vert-16S-eDNA-R1	https://doi.org/10.1007/s12686-016-0550-y	Paired	NovaSeq6000	TAGACGCCAAGGACAGATCATGTTAAAAACTCTGAACAAAGACTAAACTGTATGAACTCTGCCCTAATGTCTTTGGTTGGGGCGACCCTGGGGAACAACAAAACCCCCATGAAGACAGGGAGAACGCTTTATTTCTCCTGCAAACAAGAACAACAATTCTAATTAACAGAACCTCTGACTTACAAGATCCGGCCCTGCCGATCAACGGACCGAGTTACCCTAGGGATAACAGCGCAATCCTCTTTTAGAGCCCATATCGACAAGAGGGT	asv.45_EE0528
16S	AGACGAGAAGACCCYdTGGAGCTT	GATCCAACATCGAGGTCGTAA	Vert-16S-eDNA-F1	Vert-16S-eDNA-R1	https://doi.org/10.1007/s12686-016-0550-y	Paired	NovaSeq6000	TAGACAAAAAGCAGGCCATGTTAAGCACCCTCAGATAAGAGACCAAACTTAATGTTCACTGCCCTAATGTCTTTGGTTGGGGTGACCGCGGCGAAATAAATAACCCCCGTGTAGAAAAAGGGCTCACTCCCTTTGAATCAAGAGCTTCCGCTCAAATAAACAGAATATCTGACTAAACAAGATCCGGCAATGCCGATCAACGGACCGAGTTACCCTAGGGATAACAGCGCAATCCCCTTCTAGAGCCCATATCGACAAGGGGGT	asv.46_EE0526
16S	AGACGAGAAGACCCYdTGGAGCTT	GATCCAACATCGAGGTCGTAA	Vert-16S-eDNA-F1	Vert-16S-eDNA-R1	https://doi.org/10.1007/s12686-016-0550-y	Paired	NovaSeq6000	CAGACACTAAAACAGCTCATGTTAAAAACCCTCACAAAAGAGGCCAAACTAGATGACCCCTGTCCTAATGTCTTTGGTTGGGGCGACCACGGGGCAACAAAAAACCCCCGCGCGGAACAGAAACACTGTTTCCAGAACCAAGAGCACCCGCTCTAAGTAACAAGACCCACTTGACCTTTGAGATCCGGCACAAGCCGATCAACGGACCGAGTTACCCTAGGGATAACAGCGCAATCTTCTTCGAGAGCTCATATCGACGAGAAGGT	asv.39_EE0528
16S	AGACGAGAAGACCCYdTGGAGCTT	GATCCAACATCGAGGTCGTAA	Vert-16S-eDNA-F1	Vert-16S-eDNA-R1	https://doi.org/10.1007/s12686-016-0550-y	Paired	NovaSeq6000	TAGACACCAAGACAGACCATGTTAAAGACCCTAAAACAAAAGACTAAACTCAATGCCCCCTGCCCTGATGTCTTCGGTTGGGGTGACCGAGGAGAAGAACACAACCTCCATGCGGAATAGGAGTACTACTCCCACAACCACGAACCCCCGTTCTAACTACCAGAATTTCTGACCCTATGATCCGGCAACGCCGATTAACGAACCAAGTTACCCCAGGGATAACAGCGCAATCCCCTTTTAGAGCCCCTATCAACAAGGGGGT	asv.28_EE0528
16S	AGACGAGAAGACCCYdTGGAGCTT	GATCCAACATCGAGGTCGTAA	Vert-16S-eDNA-F1	Vert-16S-eDNA-R1	https://doi.org/10.1007/s12686-016-0550-y	Paired	NovaSeq6000	TAGACACCAAAGCAGACCACGTAAACACCCCCAAAATAATGAGTTGAACACAATGTCACCTGCCCTATTGTCTTCGGTTGGGGCGACCGCGGGGAAACACCTAACCCCCACGTGGAACGGGCCCACCCTTCCCTAAACCCAGAGCGCCAGCTCTAAGTAACAGACCCTCTGACCTTAAGATCCGGCTAAGCCGATCAACGGACCAAGTTACCCTAGGGATAACAGCGCAATCCCCTTTTAGAGTCCATATCGCCAAGGGGGT	asv.26_EE0528
16S	AGACGAGAAGACCCYdTGGAGCTT	GATCCAACATCGAGGTCGTAA	Vert-16S-eDNA-F1	Vert-16S-eDNA-R1	https://doi.org/10.1007/s12686-016-0550-y	Paired	NovaSeq6000	TAGACACCAAAGCAGACCACGTAAACACCCCCAAAATAATGAGTTGAACACAATGTCACCTGCCCTATTGTCTTCGGTTGGGGCGACCGCGGGGAAACACCTAACCCCCACGTGGAACGGGCCCACCCTTCCCTAAACCCAGAGCGCCAGCTCTAAGTAACAGACCCTCTGACCTTAAGATCCGGCTAAGCCGATCAACGGACCAAGTTACCCTAGGGATAACAGCGCAATCCCCTTTTAGAGTCCATATCGCCAAGGGGGT	asv.26_EE0526
16S	AGACGAGAAGACCCYdTGGAGCTT	GATCCAACATCGAGGTCGTAA	Vert-16S-eDNA-F1	Vert-16S-eDNA-R1	https://doi.org/10.1007/s12686-016-0550-y	Paired	NovaSeq6000	AAGACGCCAGGGCGGACCACGTTAAAACCCCTGATTCACCAGGAACAAACCAAGTGGCCTCCACCCCCCTGTCTTTGGTTGGGGCGACCGCGGAGAAACATAAAACCCCCACGTGGAACGGGCACTCACCCCCAAAGCCAGAGCCACAGCTCTAACAAACAGAATATCTGACCATCAAGATCCGGCAACGCCGATCAACGGACCCAGTTACCCTAGGGATAACAGCGCAATCCCCTTTTAGAGCCCATATCGACAAGGGGGT	asv.51_EE0524
16S	AGACGAGAAGACCCYdTGGAGCTT	GATCCAACATCGAGGTCGTAA	Vert-16S-eDNA-F1	Vert-16S-eDNA-R1	https://doi.org/10.1007/s12686-016-0550-y	Paired	NovaSeq6000	TAGACACTAAAACAGCCCATGTTAAGAACCCTCACATAAGAGGCCAAACTAGATGGCCCCTGTCCTAATGTCTTTGGTTGGGGCGACCACGGGGTAACAGAAAACCCCCGCGCGGAACAGAAACATTGTTTCCAGAACCAAGAGTACCCACTCTAAGTAACAAGACCTACTTGACCTTTGAGATCCGGCACTTAGCCGATCAACGGACCGAGTTACCCTAGGGATAACAGCGCAATCTTCTTCGAGAGTTCATATCGACGAGAGGGT	asv.30_EE0526
16S	AGACGAGAAGACCCYdTGGAGCTT	GATCCAACATCGAGGTCGTAA	Vert-16S-eDNA-F1	Vert-16S-eDNA-R1	https://doi.org/10.1007/s12686-016-0550-y	Paired	NovaSeq6000	TAGACAAAGAATGGAGCCTGTAAAGAAAATACTTAATAAAACAAAAGGACCCCCATTATTATGTCTTTGGTTGGGGCGACCGCGGGGTAACGAAAAACCCCCATGTGGTATTTGAAAAATATTCTTTAAACTAAGAGTGGCAACTCAAAGAAACAGAATGTCTGACCTAAAATGACCCGGTATACTATTTACCGATCAACGAAACTAGTTACCCCAGGGATAACAGCGCAATCCTCTCCCAGAGTCCATATCGACGAGAGGGT	asv.52_EE0526
16S	AGACGAGAAGACCCYdTGGAGCTT	GATCCAACATCGAGGTCGTAA	Vert-16S-eDNA-F1	Vert-16S-eDNA-R1	https://doi.org/10.1007/s12686-016-0550-y	Paired	NovaSeq6000	TAGACACCAAGGCAGGTCATGTTAAGAACCACTAAGCTAAAAGACAAAACAAGATGAACACTGCCCACATGTCTTTGGTTGGGGCGACCGTGGGGAAACAAACAACCCCCATGTGGACCGGGAGAACTTCTCCTAAAAGCAAGAACCGCAGTTCTAACTAACAGAACTTCTGACCTTTAAGATCCGGCTTACGCCGATCAACGGACCGAGTTACCCTAGGGATAACAGCGCAATCCCCTTTGAGAGCCCATATCGATGAGGGGGT	asv.31_EE0528
16S	AGACGAGAAGACCCYdTGGAGCTT	GATCCAACATCGAGGTCGTAA	Vert-16S-eDNA-F1	Vert-16S-eDNA-R1	https://doi.org/10.1007/s12686-016-0550-y	Paired	NovaSeq6000	TAGACAATAAGTAGTGCCTGTAAAGACTTAACAACGCTAAAACAAAAGGTATATCTATTTTGATGTCTTCGGTTGGGGCGACCGCGGGGAAACAAAAAACCCCCACGTGGAATATGAACCTCTTCTTTCAACCAAGAGAGCCATCTCTAAGTACCAGAACATCTGACCTTCTTGACCCGGCACTCGCCGATCAACGAAACCAGTTACCCCAGGGATAACAGCGCAATCCCCTCCCAGAGCCCATATCGACGAGGGGGT	asv.16_EE0528
16S	AGACGAGAAGACCCYdTGGAGCTT	GATCCAACATCGAGGTCGTAA	Vert-16S-eDNA-F1	Vert-16S-eDNA-R1	https://doi.org/10.1007/s12686-016-0550-y	Paired	NovaSeq6000	TAAGTGTAAGACAGACTATGCCCAAGCACCATTATCATTGGAATAAGCTATTAGATACTGCGCTTCGCTTTTGGTTGGGGCGACCCCGGGTGACTAATCAACACCTATTTTTAAGGAAAGGGACTATTCTAGAACCCAAGCTGAGAGCTACAACTCGAATAATTAAAACATTTAACCAAAATGATCCGGCAAGCCCGATCGACGAATCAAGTTACCCTAGGGATAACAGCGCAATTCCTTTCTAGAGTTCTTATCGACGAAGGAGT	asv.54_EE0528
16S	AGACGAGAAGACCCYdTGGAGCTT	GATCCAACATCGAGGTCGTAA	Vert-16S-eDNA-F1	Vert-16S-eDNA-R1	https://doi.org/10.1007/s12686-016-0550-y	Paired	NovaSeq6000	TAGACGCCGAGTCAGCCCTAGTCCAACACCCCTGTTCAAAGGGTTGAACGCTATAGGAGACCTGATCTAATGTCTTCGGTTGGGGCGACCCCGGGGAAAGAAAAACCCCCGTGTGGAATAGGAGTACTACACTCCCAAAACTAAGAGTCACCACTCAAAGTATCAGAAATTCTGACCAACTACGTGATCCAGCTTAAACGCCGATCAACGGACCAAGTTACCCCAGGGATAACAGCGCAATCCTCTTTTAGAGCCCATATCGACAAGAGGGT	asv.25_EE0528
16S	AGACGAGAAGACCCYdTGGAGCTT	GATCCAACATCGAGGTCGTAA	Vert-16S-eDNA-F1	Vert-16S-eDNA-R1	https://doi.org/10.1007/s12686-016-0550-y	Paired	NovaSeq6000	TAGACACCAAGACAGACCATGTTAAAGACCCTAAAACAAAAGACTAAACTCAATGCCCCCTGCCCTGATGTCTTCGGTTGGGGTGACCGAGGAGAAGAACACAACCTCCATGCGGAATAGGAGTACTACTCCCACAACCACGAACCCCCGTTCTAACTACCAGAATTTCTGACCCTATGATCCGGCAACGCCGATTAACGAACCAAGTTACCCCAGGGATAACAGCGCAATCCCCTTTTAGAGCCCCTATCAACAAGGGGGT	asv.28_EE0526
16S	AGACGAGAAGACCCYdTGGAGCTT	GATCCAACATCGAGGTCGTAA	Vert-16S-eDNA-F1	Vert-16S-eDNA-R1	https://doi.org/10.1007/s12686-016-0550-y	Paired	NovaSeq6000	TAGACCAAAAATAGCGCTTGTAAAGAAAACTAAATGTAAAAACAGAAAGCCTGTCTATTTTATGTGTCTTCGGTTGGGGCGACCGCGGGGTAGCAATAAAACCCCCATGTGGAAAATGAACACCCTTCTTTAAGCCGAGAGTGACAGCTCAAAGTAACAGAACATCTGACCTAAATTGACCCGGACTAACCGATCAACGAAAACAGTTACCCCAGGGATAACAGCGCAATCCTCTTCCAGAGCCCATATCGACAAGAGGGT	asv.40_EE0528
16S	AGACGAGAAGACCCYdTGGAGCTT	GATCCAACATCGAGGTCGTAA	Vert-16S-eDNA-F1	Vert-16S-eDNA-R1	https://doi.org/10.1007/s12686-016-0550-y	Paired	NovaSeq6000	GAGACACCAAAGCAGCCTTTGCCACAAGGCCTAGTTAAAGGCTAGTGAACTTCAACCCCCCTGCTTTAATGTCTTTGGTTGGGGCGACCGCGGAGTAGCATAAAACCTCCACGAAGATTGCAAGCATACGCTTTCTACAACCATGAGCGCCAGCTCTAAGTGCCAGAACATCTGTCTTAAACTTGATCCGGTCAGACCGATCAACGGACCCAGTTACCCCAGGGATAACAGCGCAATCCTCTTTTAGAGCCCATATCGACAAGAGGGT	asv.36_EE0528
16S	AGACGAGAAGACCCYdTGGAGCTT	GATCCAACATCGAGGTCGTAA	Vert-16S-eDNA-F1	Vert-16S-eDNA-R1	https://doi.org/10.1007/s12686-016-0550-y	Paired	NovaSeq6000	TAGACACCAAGGCAGATCATGTTAAACACCCCTTCACAAAGGACTAAACCAGATGAACCCTGCCCTAATGTCTTTGGTTGGGGCGACCGCGGGGAAACAAAAAACCCCCACGTGGAATGGGAATACTCCTTCCTACAACTAAGAGCTCCCGCTCTAATGACCAGAACTTCTGACCAATCAGATCCGGCAACGCCGATCAACGAACCGAGTTACCCTAGGGATAACAGCGCAATCCCCTTTTAGAGCCCATATCGACAAGGGGGT	asv.56_EE0526
16S	AGACGAGAAGACCCYdTGGAGCTT	GATCCAACATCGAGGTCGTAA	Vert-16S-eDNA-F1	Vert-16S-eDNA-R1	https://doi.org/10.1007/s12686-016-0550-y	Paired	NovaSeq6000	GAGACGTCAGGGCAGCCCATGCAGGCAACCTTCACCACGAAGTGAACCAGCATAATGGACCCTGCTCTAGTGTCTTCGGTTGGGGCGACCATGGGGAACACCAAACCCCCATGAAGAAAGGGAGCACTCATAACGGAGCTTTCCACCAAACCTACAATAATACTCCTAAAAACCAGAGCACCCACTCTGGTTAACGAAACATTCGACTTAGACTGATCCGGGCATACCGATCAACGAACCAAGTTACCCCAGGGATAACAGCGCCATCCCCTTCCAGAGCCCATATCGCCAAGGGGGT	asv.57_EE0528
16S	AGACGAGAAGACCCYdTGGAGCTT	GATCCAACATCGAGGTCGTAA	Vert-16S-eDNA-F1	Vert-16S-eDNA-R1	https://doi.org/10.1007/s12686-016-0550-y	Paired	NovaSeq6000	TAGACACCAAGGCAGGTCATGTTAAGAACCACTAAGCTAAAAGACAAAACAAGATGAACACTGCCCACATGTCTTTGGTTGGGGCGACCGTGGGGAAACAAACAACCCCCATGTGGACCGGGAGAACTTCTCCTAAAAGCAAGAACCGCAGTTCTAACTAACAGAACTTCTGACCTTTAAGATCCGGCTTACGCCGATCAACGGACCGAGTTACCCTAGGGATAACAGCGCAATCCCCTTTGAGAGCCCATATCGATGAGGGGGT	asv.31_EE0526
16S	AGACGAGAAGACCCYdTGGAGCTT	GATCCAACATCGAGGTCGTAA	Vert-16S-eDNA-F1	Vert-16S-eDNA-R1	https://doi.org/10.1007/s12686-016-0550-y	Paired	NovaSeq6000	TAGACACTAAAACAGCCCATGTTAAGAACCCTCACATAAGAGGCCAAACTAGATGGCCCCTGTCCTAATGTCTTTGGTTGGGGCGACCACGGGGTAACAGAAAACCCCCGCGCGGAACAGAAACATTGTTTCCAGAACCAAGAGTACCCACTCTAAGTAACAAGACCTACTTGACCTTTGAGATCCGGCACTTAGCCGATCAACGGACCGAGTTACCCTAGGGATAACAGCGCAATCTTCTTCGAGAGTTCATATCGACGAGAGGGT	asv.30_EE0528
16S	AGACGAGAAGACCCYdTGGAGCTT	GATCCAACATCGAGGTCGTAA	Vert-16S-eDNA-F1	Vert-16S-eDNA-R1	https://doi.org/10.1007/s12686-016-0550-y	Paired	NovaSeq6000	TAGACACTAAAACAGCCCATGTTAAGAACCCTCACATAAGAGCCCAAACTAGATGGCCCCTGTCCTAATGTCTTTGGTTGGGGCGACCACGGGGTAACAAAAAACCCCCGCGCGGAACAGAAACATTGTTTCCAGAACCAAGAGTACCCACTCTAAGTAACAAGACCTACTTGACCTTTGAGATCCGGCACTTAGCCGATCAACGGACCGAGTTACCCTAGGGATAACAGCGCAATCTTCTTCGAGAGTTCATATCGACGAGAGGGT	asv.34_EE0526
16S	AGACGAGAAGACCCYdTGGAGCTT	GATCCAACATCGAGGTCGTAA	Vert-16S-eDNA-F1	Vert-16S-eDNA-R1	https://doi.org/10.1007/s12686-016-0550-y	Paired	NovaSeq6000	TAGACACTAAAACAGCCCATGTTAAGAACCCTCACATAAGAGCCCAAACTAGATGGCCCCTGTCCTAATGTCTTTGGTTGGGGCGACCACGGGGTAACAAAAAACCCCCGCGCGGAACAGAAACATTGTTTCCAGAACCAAGAGTACCCACTCTAAGTAACAAGACCTACTTGACCTTTGAGATCCGGCACTTAGCCGATCAACGGACCGAGTTACCCTAGGGATAACAGCGCAATCTTCTTCGAGAGTTCATATCGACGAGAGGGT	asv.34_EE0528
16S	AGACGAGAAGACCCYdTGGAGCTT	GATCCAACATCGAGGTCGTAA	Vert-16S-eDNA-F1	Vert-16S-eDNA-R1	https://doi.org/10.1007/s12686-016-0550-y	Paired	NovaSeq6000	CAGACACAAAAATAGACTACGTTAATACCCTCCCCTGACCGAGACTAAACCAAGTAGCCCACTATTTTTTTGTCTTTGGTTGGGGCGACCGCGGGGAAATAAACAACCCCCATGTGGAAAAGGAAACCTCCTTTAAGACAAGGCCGACAGGCCAAGCAAGCAGAACATCTGACCAATACAGATCCGGCAAAGCCGATCAACGGACCCAGTTACCCTAGGGATAACAGCGCAATCCCCTTTTAGAGTCCCTATCGACAAGGGGGT	asv.60_EE0528
16S	AGACGAGAAGACCCYdTGGAGCTT	GATCCAACATCGAGGTCGTAA	Vert-16S-eDNA-F1	Vert-16S-eDNA-R1	https://doi.org/10.1007/s12686-016-0550-y	Paired	NovaSeq6000	CAGACAAAAGAACAGACTATGTCAAAACCCCCAGACAAGGAAAAGAACCAATTAGACCCTGTCCTAATGTCTTTGGTTGGGGCGACCGCGGGGAAATGAAAATCCCCCATGTGGAATAGAGCCACACCTTCTACAACCGAGAGTAACAACTCTAAGCAACAGAAATTCTGACCATTATGATCCGGCACCGCCGATCAACGGAACGAGTTACCCCAGGGATAACAGCGCAATCCTCTTTTAGAGCCCATATCGACAAGAGGGT	asv.38_EE0528
16S	AGACGAGAAGACCCYdTGGAGCTT	GATCCAACATCGAGGTCGTAA	Vert-16S-eDNA-F1	Vert-16S-eDNA-R1	https://doi.org/10.1007/s12686-016-0550-y	Paired	NovaSeq6000	TAGACGACGGAGGCAGCCCTTGTTAAAACACCCAAATAGCAGGATTAAACCCGCAGGACCCTACTCCTATGTCTTTGGTTGGGGCGACCGCGGGGATAAAAATAACCCCCATGTTGATTGAGAAGAGAGACTTCTTAGATGCAAGAGCTACCGCTCGAACCCACAGAAACTCTGACCAAAAGATCCGGCAAAGCCGATCAACGGACCCAGTTACCCCGGGGATAACAGCGCAATCTTCTTTTAGAGGCCATATCGACAAGAGGGC	asv.50_EE0526
16S	AGACGAGAAGACCCYdTGGAGCTT	GATCCAACATCGAGGTCGTAA	Vert-16S-eDNA-F1	Vert-16S-eDNA-R1	https://doi.org/10.1007/s12686-016-0550-y	Paired	NovaSeq6000	TAGACACCAAAGTAGACCACGTTAAGCATCCCTAAACAAAGGACTAAACCAAATGGGTCCCTACTCTAATGTCTTTGGTTGGGGCGACCGCGGGGAAATACAAAACCCCCATGTGGAATGGGAATACCTCTCCTACAACCCAGAGCTCCCGCTCTAATTAACAGAAATTCTGACCAGTCAGATCCGGCTAACGCCGATCAACGGACCGAGTTACCCTAGGGATAACAGCGCAATCCCCTTTTAGAGCCCATATCGACAAGGGGGT	asv.61_EE0526
16S	AGACGAGAAGACCCYdTGGAGCTT	GATCCAACATCGAGGTCGTAA	Vert-16S-eDNA-F1	Vert-16S-eDNA-R1	https://doi.org/10.1007/s12686-016-0550-y	Paired	NovaSeq6000	CAGACGCTAAATCAGCCCTAGTCCAACACCTCTGCCCAAAGAGTTGAACGCTGTAGGAGACCTGATCTTATGTCTTCGGTTGGGGTGACCCCGGGGAAAAAAGAAACCCCCGCGTGGAATAGGAGTACTACACTCCCAAATCTAAGAGCCACCACTCAAAGCATCAGTAATTCTGACCAACTTCATGATCCGGCTTAACGCCGATTAACGGACCAAGTTACCCCAGGGATAACAGCGCAATCCTCTTTTAGAGTCCATATCGCCAAGAGGGT	asv.49_EE0528
16S	AGACGAGAAGACCCYdTGGAGCTT	GATCCAACATCGAGGTCGTAA	Vert-16S-eDNA-F1	Vert-16S-eDNA-R1	https://doi.org/10.1007/s12686-016-0550-y	Paired	NovaSeq6000	TAGACAAAGAATGGAGCCTGTAAAGAAAATGCTTAATAAAACAAAAGGACCCCCATTATTATGTCTTTGGTTGGGGCGACCGCGGGGTAACGAAAAACCCCCATGTGGTATTTGAAAAATATTCTTTAAACTAAGAGTGGCAACTCAAAGAAACAGAATGTCTGACCTAAAATGACCCGGTATACTATTTACCGATCAACGAAACTAGTTACCCCAGGGATAACAGCGCAATCCTCTCCCAGAGTCCATATCGACGAGAGGGT	asv.62_EE0526
16S	AGACGAGAAGACCCYdTGGAGCTT	GATCCAACATCGAGGTCGTAA	Vert-16S-eDNA-F1	Vert-16S-eDNA-R1	https://doi.org/10.1007/s12686-016-0550-y	Paired	NovaSeq6000	TAGACACCAAGGCAGATCATGTTAAGAACCACTACGTTAAGAGACAAAACAAGATGAACGCTGCCCACATGTCTTTGGTTGGGGCGACCGCGGGGAAAGAAACAACCCCCATGAGGACCGGGAGAACTTCTCCTAAAAGCAAGAACCGCAGTTCTAACTAACAGAACTTCTGACTTTATAGATCCGGCTTACGCCGATCAACGGACCGAGTTACCCTAGGGATAACAGCGCAATCCCCTTTAAGAGACCATATCGATGAGGGGGT	asv.47_EE0526
16S	AGACGAGAAGACCCYdTGGAGCTT	GATCCAACATCGAGGTCGTAA	Vert-16S-eDNA-F1	Vert-16S-eDNA-R1	https://doi.org/10.1007/s12686-016-0550-y	Paired	NovaSeq6000	TAATTTATTAATGCAAACAGTACCTAACAAACCCACAGGTCCTAAACTACCAAACCTGCATTAAAAATTTCGGTTGGGGCGACCTCGGAGCAGAACCCAACCTCCGAGCAGTACATGCTAAGACTTCACCAGTCAAAGCGAACTACTATACTCAATTGATCCAATAACTTGACCAACGGAACAAGTTACCCTAGGGATAACAGCGCAATCCTATTCTAGAGTCCATATCAACAATAGGGC	asv.42_EE0526
16S	AGACGAGAAGACCCYdTGGAGCTT	GATCCAACATCGAGGTCGTAA	Vert-16S-eDNA-F1	Vert-16S-eDNA-R1	https://doi.org/10.1007/s12686-016-0550-y	Paired	NovaSeq6000	CAGACGCCAGGACAGACCGTGTTAAAACCCCTAAATAACCAGGATTAAACAAAATGGCCCCTGCCCCTATGTCTTTGGTTGGGGCGACCGCGGGGTAACACCAACCCCCCACGTGGAATGGAACACCCTTCCCAATGCCAGAGCCACAGCTCTAACAAGCAGAAAATCTGACCAACAAGACCCGGCCATGCGCCGATCAACGAACCCAGTTACCCTAGGGATAACAGCGCAATCCCCTTCTAGAGCCCATATCGACAAGGGGGT	asv.65_EE0526
16S	AGACGAGAAGACCCYdTGGAGCTT	GATCCAACATCGAGGTCGTAA	Vert-16S-eDNA-F1	Vert-16S-eDNA-R1	https://doi.org/10.1007/s12686-016-0550-y	Paired	NovaSeq6000	TAGACAAAGAATGGACCCTGTAAATTAACTCTTTAAAAGTGCAAACATAAAAGGAACCCATTCCTATGTCTTTGGTTGGGGCGACCGCGGGGAAACACGAAACCCCCACGTGGTATTTAAGAATACTTCTTTGAACCTAGAGAGACAACTCAAAGTAACAAAAATTTTGACCTTTATGACCCGGCACTTTCATGCCGATCAACGAAACTAGTTACCCCAGGGATAACAGCGCAATCCTCTCCCAGAGCCCATATCGACAAGAGGGT	asv.66_EE0526
16S	AGACGAGAAGACCCYdTGGAGCTT	GATCCAACATCGAGGTCGTAA	Vert-16S-eDNA-F1	Vert-16S-eDNA-R1	https://doi.org/10.1007/s12686-016-0550-y	Paired	NovaSeq6000	TAGACACTAAGCCAGACTTTGTTAAGCCCCCCTCTCAAAGGACTAAACTGATTGCAACCTGGCCTGATGTCTTTGGTTGGGGCGACCTCGGGGAAACAAAAAACCCCCGCGTGGAATGGAAGAACGCTTCTTCTAGAACCAAGAGCTACCGCTCAAATTGACAGAACATCTGACCAACTACAGATCCGGCTTAACGCCGATCAACGGACCGAGTTACCCCAGGGATAACAGCGCAATCCTCTTTTAGAGCCCATATCGACAAGAGGGT	asv.67_EE0528
16S	AGACGAGAAGACCCYdTGGAGCTT	GATCCAACATCGAGGTCGTAA	Vert-16S-eDNA-F1	Vert-16S-eDNA-R1	https://doi.org/10.1007/s12686-016-0550-y	Paired	NovaSeq6000	CAGACAAAAGAACAGACTATGTCAAAACCCCCAGACAAGGAAAAGAACCAATTAGACCCTGTCCTAATGTCTTTGGTTGGGGCGACCGCGGGGAAATGAAAATCCCCCATGTGGAATAGAGCCACACCTTCTACAACCGAGAGTAACAACTCTAAGCAACAGAAATTCTGACCATTATGATCCGGCACCGCCGATCAACGGAACGAGTTACCCCAGGGATAACAGCGCAATCCTCTTTTAGAGCCCATATCGACAAGAGGGT	asv.38_EE0526
16S	AGACGAGAAGACCCYdTGGAGCTT	GATCCAACATCGAGGTCGTAA	Vert-16S-eDNA-F1	Vert-16S-eDNA-R1	https://doi.org/10.1007/s12686-016-0550-y	Paired	NovaSeq6000	TAGACACTGGAGCAGCCCACACCAAAAGTCTCGCACTAAACGAGCTAGGCCAACTGGACCCTGTTCAAATGTCTTTGGTTGGGGCGACCATGGGGAGCAACAAACCCCCCACGCGGAGTGGACAACCCATACCCCTACAACTAAGAACTCCCATTCTAAGTAACAGAAATTCTGACCACCATGATCCGGCAGAGCCGATCAACGGACCGAGTTACCCCAGGGATAACAGCGCAATCCCCTTCTAGAGCCCATATCGACAAGGGGGT	asv.68_EE0528
16S	AGACGAGAAGACCCYdTGGAGCTT	GATCCAACATCGAGGTCGTAA	Vert-16S-eDNA-F1	Vert-16S-eDNA-R1	https://doi.org/10.1007/s12686-016-0550-y	Paired	NovaSeq6000	CAGACACTAAAACAGCTCATGTTAAGAACCCTCACAAAAGAGACCAAACTAGATGACCCCTGTCCTAATGTCTTTGGTTGGGGCGACCACGGGGTAACAAAAAACCCCCGCGCGGAACAGAAACACTGTTTCCAGAACCAAGAGCACCCGCTCTAAGTAACAAGACCCACTTGACCTTTGAGATCCGGCACAAGCCGATCAACGGACCGAGTTACCCTAGGGATAACAGCGCAATCTTCTTCGAGAGTTCATATCGACGAGAAGGT	asv.17_EE0528
16S	AGACGAGAAGACCCYdTGGAGCTT	GATCCAACATCGAGGTCGTAA	Vert-16S-eDNA-F1	Vert-16S-eDNA-R1	https://doi.org/10.1007/s12686-016-0550-y	Paired	NovaSeq6000	TAGATACCAAGACCGATCCTGTCCCCGCCTAAAAAACATAGGCCATAATCAAGGAAAACCGTCCGATTATCTTTGGTTGGGGCGACCGCGGGGATTAACAAAACCCCCACGTAGACCGGGAGTATAATACACCTAAAACCAAGAGTTACCACTCTAACTAACAGAATTTCTGACTAAAAAATGATCCGACGAAGTCGATCAGCGAACCGAGTTACCCCAGGGATAACAGCGCAATCCCCTTTGAGAGTTCACATCGACAAGGGGGT	asv.48_EE0526
16S	AGACGAGAAGACCCYdTGGAGCTT	GATCCAACATCGAGGTCGTAA	Vert-16S-eDNA-F1	Vert-16S-eDNA-R1	https://doi.org/10.1007/s12686-016-0550-y	Paired	NovaSeq6000	TAGACACCGAGACAGCCTGTGCTATTAAAGCATAACTAAATGCTTATACCTCTCAGCCCTCCTCCTGTCTTAATGTCTTTGGTTGGGGCGACCGCGGAGAAACACTAAACCTCCATGAGGACTGAAAACTTTCCCTTTTACAGCTCAGAGTGCCAGCTCTAAGCAACAGAACTTCTGACCAAAACCGATCCGGTAAAACCGATCAACGAACCCAGTTACCCCAGGGATAACAGCGCAATCCTCTTCCAGAGCCCATATCGACAAGAGGGT	asv.70_EE0528
16S	AGACGAGAAGACCCYdTGGAGCTT	GATCCAACATCGAGGTCGTAA	Vert-16S-eDNA-F1	Vert-16S-eDNA-R1	https://doi.org/10.1007/s12686-016-0550-y	Paired	NovaSeq6000	GAGACACCAAAGCAGCCTTTGCCACAAGGCCTAGTTAAAGGCTAGTGAACTTCAACCCCCCTGCTTTAATGTCTTTGGTTGGGGCGACCGCGGAGTAGCATAAAACCTCCACGAAGATTGCAAGCATACGCTTTCTACAACCATGAGCGCCAGCTCTAAGTGCCAGAACATCTGTCTTAAACTTGATCCGGTCAGACCGATCAACGGACCCAGTTACCCCAGGGATAACAGCGCAATCCTCTTTTAGAGCCCATATCGACAAGAGGGT	asv.36_EE0526
16S	AGACGAGAAGACCCYdTGGAGCTT	GATCCAACATCGAGGTCGTAA	Vert-16S-eDNA-F1	Vert-16S-eDNA-R1	https://doi.org/10.1007/s12686-016-0550-y	Paired	NovaSeq6000	CAGACACTAAAACAGCTCATGTTAAAAACCCTCACAAAAGAGGCCAAACTAGATGACCCCTGTCCTAATGTCTTTGGTTGGGGCGACCACGGGGTAACAAAAAACCCCCGCGCGGAACAGAAACACTGTTTCCAGAACCAAGAGCACCCGCTCTAAGTAACAGGACCCACTTGACCTTTGAGATCCGGCACTAGCCGATCAACGGACCGAGTTACCCTAGGGATAACAGCGCAATCTTCTTCGAGAGTTCATATCGACGAGAGGGT	asv.55_EE0526
16S	AGACGAGAAGACCCYdTGGAGCTT	GATCCAACATCGAGGTCGTAA	Vert-16S-eDNA-F1	Vert-16S-eDNA-R1	https://doi.org/10.1007/s12686-016-0550-y	Paired	NovaSeq6000	TAATTTATTAATGCAAACAGTACCTAACAAACCCACAGGTCCTAAACTACCAAACCTGCATTAAAAATTTCGGTTGGGGCGACCTCGGAGCAGAACCCAACCTCCGAGCAGTACATGCTAAGACTTCACCAGTCAAAGCGAACTACTATACTCAATTGATCCAATAACTTGACCAACAGAACAAGTTACCCTAGGGATAACAGCGCAATCCTATTCTAGAGTCCATATCAACAATAGGGT	asv.71_EE0526
16S	AGACGAGAAGACCCYdTGGAGCTT	GATCCAACATCGAGGTCGTAA	Vert-16S-eDNA-F1	Vert-16S-eDNA-R1	https://doi.org/10.1007/s12686-016-0550-y	Paired	NovaSeq6000	TAGACACTAAGCCAGACTTTGTTAAGCACCCCTTTCAAAGGACTAAACTAATTGCAACCTGGCCTGATGTCTTTGGTTGGGGCGACCTCGGGGAAACAAAAAACCCCCGCGTGGAATGGAAGAACTCCTCTTCTAGAACCAAGAGCTACCGCTCAAATTGACAGAATATCTGACCAATTACAGATCCGGCTTTAACACCGATCAACGGACCGAGTTACCCCAGGGATAACAGCGCAATCCTCTTTTAGAGCCCATATCGACAAGAGGGT	asv.73_EE0528
16S	AGACGAGAAGACCCYdTGGAGCTT	GATCCAACATCGAGGTCGTAA	Vert-16S-eDNA-F1	Vert-16S-eDNA-R1	https://doi.org/10.1007/s12686-016-0550-y	Paired	NovaSeq6000	TAGACACTAAGAGAGCCTACGTCAAACATTCCTCACAAAGACCTAAACTAAGTTTAATCCTCTCCTAATGTCTTCGGTTGGGGCGACCCTGGGGAGATAAAGAACCCCCATGCGGACTGGAAATATTTTCTAGAACCAAGAGCTACCGCTCTAAGAAGCAGAACTTCTGACCAAAAGATCCGGCAAAGCCGATCAACGGACCGAGTTACCCTAGGGATAACAGCGCAATCTCCTTTTAGAGACCATATCGACAAGGGGGT	asv.53_EE0528
16S	AGACGAGAAGACCCYdTGGAGCTT	GATCCAACATCGAGGTCGTAA	Vert-16S-eDNA-F1	Vert-16S-eDNA-R1	https://doi.org/10.1007/s12686-016-0550-y	Paired	NovaSeq6000	TAGACATAAAACAGATCATGTCAAACATCCTTAAACAAAAGAACAAACTAAATGAACCCTGTTCAAATGTCTTTGGTTGGGGCGACCGCGGGGTAACAAAAAACCCCCATGTGGAATAAAAACACTCTTTTTAAAACCAAGAGCCACTGCTCTAATAAACAGAACATCTGACCAACTATGATCCGGCCTAAACCGATCAACGAACCGAGTTACCCTAGGGATAACAGCGCAATCCTCTTTTAGAGTCCATATCGACAAGAGGGT	asv.75_EE0526
16S	AGACGAGAAGACCCYdTGGAGCTT	GATCCAACATCGAGGTCGTAA	Vert-16S-eDNA-F1	Vert-16S-eDNA-R1	https://doi.org/10.1007/s12686-016-0550-y	Paired	NovaSeq6000	AAGAAAAAAGACTAACTACGTTAAGAATAGACCAATTAAACTAAGTAGAAACTAGTCTAGAATCTTTGGTTGGGGCGACCACGGAAGAAAACAAAGCTCCCATGAGGACCGGGCTACTAACCTAAAACCAAGAAAGACATTTCTAAGTCTCAGAATATCTGACCACCACCGATCCGGCCCAAGCCGATCAACGAAACAAGTTACCCAAGGGATAACAGCGCAATCCCCTTTGAGAGTCCATATCGACAAGGGGGT	asv.76_EE0528
16S	AGACGAGAAGACCCYdTGGAGCTT	GATCCAACATCGAGGTCGTAA	Vert-16S-eDNA-F1	Vert-16S-eDNA-R1	https://doi.org/10.1007/s12686-016-0550-y	Paired	NovaSeq6000	TAGACACCAAAGTAGACCACGTTAAACATCCCTAAACAAAGGACTAAACCAAATGGGCCCCTACTCTAATGTCTTTGGTTGGGGCGACCGCGGGGAAATACAAAACCCCCATGTGGAATGGGAATACTTTTCCTACAACCCAGAGCTCCCGCTCTAATTAACAGAAATTCTGACCAGTCAGATCCGGCTAACGCCGATCAACGGACCGAGTTACCCTAGGGATAACAGCGCAATCCCCTTTTAGAGCCCATATCGACAAGGGGGT	asv.77_EE0528
16S	AGACGAGAAGACCCYdTGGAGCTT	GATCCAACATCGAGGTCGTAA	Vert-16S-eDNA-F1	Vert-16S-eDNA-R1	https://doi.org/10.1007/s12686-016-0550-y	Paired	NovaSeq6000	GTTGGTAAATCTCGTGCCAGCAGCCGCGGTAATACGAGAGGGGCAAGCGTTATTCAAAATGATTGGGCGTAAAGCGCACGTAGGTGGTGGTATGGTGTGGTATGTATTCAAACCATGGGTTTTGTCGATAGATACAGACATCATATCACTTGAGGACGTGAAAGGAGCATGGAATTTCCCAGGAAGCGGTAGAATGTGTT	asv.337_EE0524
16S	AGACGAGAAGACCCYdTGGAGCTT	GATCCAACATCGAGGTCGTAA	Vert-16S-eDNA-F1	Vert-16S-eDNA-R1	https://doi.org/10.1007/s12686-016-0550-y	Paired	NovaSeq6000	TAGACACTAAGCCAGATCACGTCAAATACCCCCACTAAAGGATCGAACTTGCTGCAACCTGGCCTGATGTCTTTGGTTGGGGCGACCTCGGGGAAGCAAAAAACCCCCGCGTGGAATGGAAGAACTCTGCTTCCAGAACCAAGAGCTACCGCTCAAATTAACAGAATTTCTGACCAATTACAGATCCGGCTCAACGCCGATCAACGGACCGAGTTACCCCAGGGATAACAGCGCAATCCTCTTTTAGAGCCCATATCGACAAGAGGGT	asv.78_EE0528
16S	AGACGAGAAGACCCYdTGGAGCTT	GATCCAACATCGAGGTCGTAA	Vert-16S-eDNA-F1	Vert-16S-eDNA-R1	https://doi.org/10.1007/s12686-016-0550-y	Paired	NovaSeq6000	TAACTAACTAGTCCAAAAGAAATAAATTTAACCACCAAGGGATAACAACATCCTTTATGGACTAGCAGTTTTGGTTGGGGTGACCTCGGAGAACAAGAGATCCTCCGAGCGATTTTAAAGACTAGACTTACAAGTCAAATCAAATTATCGCTTATTGATCCAAAAAACTTGATCAACGGAACAAGTTACCCTAGGGATAACAGCGCAATCCTATTCAAGAGTCCATATCGACAATAGGGT	asv.59_EE0526
16S	AGACGAGAAGACCCYdTGGAGCTT	GATCCAACATCGAGGTCGTAA	Vert-16S-eDNA-F1	Vert-16S-eDNA-R1	https://doi.org/10.1007/s12686-016-0550-y	Paired	NovaSeq6000	TAGAGCCCGGGCTGCCTGCATCCATGCTAATTAATTATTCCCTAGCAAACCTCGCAGTCACTGCCCGCCTCTTTGGTTGGGGCGACCACGTGGAAATACAAAACCCCCGAGAGGAATGAGAGTACCACCCTGAGGCGAGGCCCACCGGCCCAGCCCCCAAAACATTTGACCTACTATGATCCGGCACAGCCGATCAACGGACCGAGTTACCCTAGGGATAACAGCGCAATCCCCTTTAAGAGTCCCCATCGACAAGGGGGT	asv.79_EE0528
16S	AGACGAGAAGACCCYdTGGAGCTT	GATCCAACATCGAGGTCGTAA	Vert-16S-eDNA-F1	Vert-16S-eDNA-R1	https://doi.org/10.1007/s12686-016-0550-y	Paired	NovaSeq6000	CAGACACTAAAACAGCTCATGTTAAGAACCCTCACAAAAGAGACCAAACTAGATGACTCCTGTCCTAATGTCTTTGGTTGGGGCGACCACGGGGTAACAAAAAACCCCCGCGCGGAACAGAAACACTGTTTCCAGAACCAAGAGCACCCGCTCTAAGTAACAAGACCCACTTGACCTTTGAGATCCGGCACAAGCCGATCAACGGACCGAGTTACCCTAGGGATAACAGCGCAATCTTCTTCGAGAGTTCATATCGACGAGAAGGT	asv.80_EE0526
16S	AGACGAGAAGACCCYdTGGAGCTT	GATCCAACATCGAGGTCGTAA	Vert-16S-eDNA-F1	Vert-16S-eDNA-R1	https://doi.org/10.1007/s12686-016-0550-y	Paired	NovaSeq6000	TAGACACCAAGACAGATTTTTGTCAAGTACCCCGAACTAATGGATTGAACCAATTAAGCCCTGTCCTTATGTCTTCGGTTGGGGCGACCGCGGGGAAATGAATAACCCCCACGTGGAATGGGAGCACCTCCTCCCACAACTAAGAGCCCCCGCTCTAATGACCAGGACTTCTGACCAATGAGATCCGGCAACGCCGATTAACGAACCAAGTTACCCCAGGGATAACAGCGCAATCCCCTTTTAGAGCCCATATCGACAAGGGGGT	asv.63_EE0528
16S	AGACGAGAAGACCCYdTGGAGCTT	GATCCAACATCGAGGTCGTAA	Vert-16S-eDNA-F1	Vert-16S-eDNA-R1	https://doi.org/10.1007/s12686-016-0550-y	Paired	NovaSeq6000	TAGACGAAGGAGGAAGCCCTTGTTAAAAAGCCTTTATAATAGGCTTTAACCCACGGGATTTTCCCTTTATGTCTTTGGTTGGGGCGACCGCGGGGAAAAGAATAACCCCCATGTTGACTGAGGAGAGAACCTTCTTAAATGTGAGAGTTACCGCTCAAGCTCGCAGAAATTTTGACCAAAAGATCCGGCACAGCCGATCGACGGACCCAGTTACCCCGGGGATAACAGCGCAATCCTCTTCTAGAGGCCATATCGACAAGAGGGC	asv.72_EE0528
16S	AGACGAGAAGACCCYdTGGAGCTT	GATCCAACATCGAGGTCGTAA	Vert-16S-eDNA-F1	Vert-16S-eDNA-R1	https://doi.org/10.1007/s12686-016-0550-y	Paired	NovaSeq6000	TAGACACTAAGCCAGACTTTGTTAAGCACCCCTTTTAAAGGACTAAACTAATTGCAACCTGGCCTGATGTCTTTGGTTGGGGCGACCTCGGGGAAACAAAAAACCCCCGCGTGGAATGGAAGAACTCCTCTTCTAGAACCAAGAGCTACCGCTCAAATTGACAGAATATCTGACCAATTACAGATCCGGCTTTAACGCCGATCAACGGACCGAGTTACCCCAGGGATAACAGCGCAATCCTCTTTTAGAGCCCATATCGACAAGAGGGT	asv.83_EE0528
16S	AGACGAGAAGACCCYdTGGAGCTT	GATCCAACATCGAGGTCGTAA	Vert-16S-eDNA-F1	Vert-16S-eDNA-R1	https://doi.org/10.1007/s12686-016-0550-y	Paired	NovaSeq6000	CAGACAACATGTGGACCATGTTAATAAACCTTACTCAACAAGAACAAACCAATTGGAACCCACCTTAATGTCTTTGGTTGGGGCGACCGCGGGGTAATAAAAAACCCCCATGTGGAAAGAGAGAACCTTCTCTTATAACTAAGACTGACAAGTCTAAGTACCAGAATATCTGACCAAAAATGATCCGGCAAAGCCGATCAACGAACCGAGTTACCCTAGGGATAACAGCGCAATCCTCTCCTAGAGCCCATATCGACGAGAGGGT	asv.84_EE0528
16S	AGACGAGAAGACCCYdTGGAGCTT	GATCCAACATCGAGGTCGTAA	Vert-16S-eDNA-F1	Vert-16S-eDNA-R1	https://doi.org/10.1007/s12686-016-0550-y	Paired	NovaSeq6000	GTCGGTAAAACTCGTGCCAGCAGCCGCGGTAATACGAGAGGGGCAAGCGTTATTCAAAATGATTGGGCGTAAAGCGCACGTAGGTGGTGGTATGGTGTGGTATGTATTCAAACCATGGGTTTTGTCGATAGATACAGACATCATATCACTTGAGGACGTGAAAGGAGCATGGAATTTCCCAGGAAGCGGTAGAATGTGTT	asv.338_EE0524
16S	AGACGAGAAGACCCYdTGGAGCTT	GATCCAACATCGAGGTCGTAA	Vert-16S-eDNA-F1	Vert-16S-eDNA-R1	https://doi.org/10.1007/s12686-016-0550-y	Paired	NovaSeq6000	TAGACCAAAAATAGCGCTTGTAAAGAAAACTAAATGTAAAAACAGAAAGCCTGTCTATTTTATGTGTCTTCGGTTGGGGCGACCGCGGGGTAGCAATAAAACCCCCATGTGGAAAATGAACACCCTTCTTTAAGCCGAGAGTGACAGCTCAAAGTAACAGAACATCTGACCTAAATTGACCCGGACTAACCGATCAACGAAAACAGTTACCCCAGGGATAACAGCGCAATCCTCTTCCAGAGCCCATATCGACAAGAGGGT	asv.40_EE0526
16S	AGACGAGAAGACCCYdTGGAGCTT	GATCCAACATCGAGGTCGTAA	Vert-16S-eDNA-F1	Vert-16S-eDNA-R1	https://doi.org/10.1007/s12686-016-0550-y	Paired	NovaSeq6000	TAGGCAAATGATCAAGCGCACCAAAACCTACTTTCAACCAAACCTTAGGGAAATATAAAACCAATGATCAAGATGCCTTCGGTTGGGGCGACCTTGGAGGAGAAACAAGCCTCCAAGTGGAACGGGAAAACCCTTTAACTAAGAAGAACAACTCGAAGTACCAGAAATTCTGACCAAACATGACCCAGGTTACACCTGATCAACGAACTAAGTTACCCTAGGGATAACAGCGCAATCCCCTCCCAGAGTCCATATCGACGAGGGGGT	asv.85_EE0528
16S	AGACGAGAAGACCCYdTGGAGCTT	GATCCAACATCGAGGTCGTAA	Vert-16S-eDNA-F1	Vert-16S-eDNA-R1	https://doi.org/10.1007/s12686-016-0550-y	Paired	NovaSeq6000	TAGACACAAAATAGACCACGTCAAACACCCTTGAATAAAAGAACAAACTAAGTGGGCCCTATTCAAATGTCTTTGGTTGGGGCGACCGCGGAGTAACAAAAAACCCCCACGTGGAATAAAACACCACTTTAAAACCAAGAGCCACTGCTCTAATAAACAGAACATCTGACCAATGAGATCCGGCCTAGCCGAGCAACGAACCGAGTTACCCTAGGGATAACAGCGCAATCCTCTTTTAGAGCCCATATCGACAAGAGGGT	asv.58_EE0526
16S	AGACGAGAAGACCCYdTGGAGCTT	GATCCAACATCGAGGTCGTAA	Vert-16S-eDNA-F1	Vert-16S-eDNA-R1	https://doi.org/10.1007/s12686-016-0550-y	Paired	NovaSeq6000	TAGACACTAAAGCAGCTTATGTCAAATACCCCCAGATAAAGGATTAAACTAACTAAATACTGCCCTAATGTCTTCGGTTGGGGCGACCCCGGGGAAATAAATAACCCCCATGAGGAATGGAAGCATGCTTCCAAAACCAAGAGCAACCACTCTAAGAATCAGAACTTCTGACCACCAGATCCGGCAATGCCGATCAACGGACCGAGTTACCCTAGGGATAACAGCGCAATCCCCTTATAGAGTCCCTATCGACAAGGGGGT	asv.86_EE0528
16S	AGACGAGAAGACCCYdTGGAGCTT	GATCCAACATCGAGGTCGTAA	Vert-16S-eDNA-F1	Vert-16S-eDNA-R1	https://doi.org/10.1007/s12686-016-0550-y	Paired	NovaSeq6000	TAGATAGTGAACCGCTCATAACAGACACCACCCAACAAAGTAAGGTGAACTAATGACGCCCGTCCCACTATCTTCGGTTGGGGCGACCTTGGGGTAATACACAACCCCCACACGGAATGAAGCATCTACCCTCCACACCTGCTGCCCGAAGCTAGAAACACAACTCTAACTAACAGAACTTCTGACCCACCTTGACCCGGAAATACCGATCAATGAACCAAGTTACCCCAGGGATAACAGCGCAATCCCCTTATAGAGCCCATATCAACAAGGGGGT	asv.87_EE0528
16S	AGACGAGAAGACCCYdTGGAGCTT	GATCCAACATCGAGGTCGTAA	Vert-16S-eDNA-F1	Vert-16S-eDNA-R1	https://doi.org/10.1007/s12686-016-0550-y	Paired	NovaSeq6000	TAGATACCAAGACCGATCCTGTCCCCGCCTAAAAAACATAGGCCATAATCAAGGAAAACCGTCCGATTATCTTTGGTTGGGGCGACCGCGGGGATTAACAAAACCCCCACGTAGACCGGGAGTATAATACACCTAAAACCAAGAGTTACCACTCTAACTAACAGAATTTCTGACTAAAAAATGATCCGACGAAGTCGATCAGCGAACCGAGTTACCCCAGGGATAACAGCGCAATCCCCTTTGAGAGTTCACATCGACAAGGGGGT	asv.48_EE0528
16S	AGACGAGAAGACCCYdTGGAGCTT	GATCCAACATCGAGGTCGTAA	Vert-16S-eDNA-F1	Vert-16S-eDNA-R1	https://doi.org/10.1007/s12686-016-0550-y	Paired	NovaSeq6000	TAGACACCAAGACAGCTTACGTCAAGAACCTCATACAAAAGATTGAACTACATAAATCCTGTCCTAATGTCTTCGGTTGGGGCGACCCTGGGGAGATAAAGAACCCCCATGAGGACTGGAGAGATATCTCCAAAACTAAGAGCTTCCGCTCTAAGAAGCAGAACTTCTGACCGCAAGATCCGGCAGCGCCGATCAACGGACCGAGTTACCCTAGGGATAACAGCGCAATCCCCTTCTAGAGCCCCTATCGACAAGGGGGT	asv.69_EE0528
16S	AGACGAGAAGACCCYdTGGAGCTT	GATCCAACATCGAGGTCGTAA	Vert-16S-eDNA-F1	Vert-16S-eDNA-R1	https://doi.org/10.1007/s12686-016-0550-y	Paired	NovaSeq6000	TAGACAAAAGACAGACCATGTTAAGCACCCTCAAATAAGAGACCAAACTTGATGTTTACTGCCCTAATGTCTTTGGTTGGGGTGACCGCGGCGAAATAAATAACCCCCGTGTAGAAAGAGGGCTCACTCCCTTCGAATCAAGAGCTTCCGCTCAAATAAACAGAACATCTGACTAAATAAGATCCGGCAACGCCGATCAACGGACCGAGTTACCCTAGGGATAACAGCGCAATCCCCTTCTAGAGCCCATATCGACAAGGGGGT	asv.23_EE0526
16S	AGACGAGAAGACCCYdTGGAGCTT	GATCCAACATCGAGGTCGTAA	Vert-16S-eDNA-F1	Vert-16S-eDNA-R1	https://doi.org/10.1007/s12686-016-0550-y	Paired	NovaSeq6000	AAGACACCAAAGCAGGGCATGTTAAAAATTCCCATATAAGGAGATGAACCTAGTGGCCGCTGCCCTACTGTCTTTGGTTGGGGCGACCGCGGAGAAGAAAAAAACCCCCGTGTGGAACAGGGATAACCCCCCTTAAACCCAGAGTGTCAACTCTAACAAACAGAACTTCTGACCAATTAAAGATCCGGCAAAGCCGATCAACGGACCGAGTTACCCTAGGGATAACAGCGCAATCCCCTTCTAGAGCCCATATCGACAAGGGGGT	asv.88_EE0528
16S	AGACGAGAAGACCCYdTGGAGCTT	GATCCAACATCGAGGTCGTAA	Vert-16S-eDNA-F1	Vert-16S-eDNA-R1	https://doi.org/10.1007/s12686-016-0550-y	Paired	NovaSeq6000	TAGACACCAGAGCAGAGCATGTTAAGCAAACCCAGTTAGAGGACTGAACTTAGTGACTACTGCCCCACTGTCTTTGGTTGGGGCGACCACGGAGTAAAACAAAACCCCCGTGTGGAATGGGGGGGCCAACACTCCCCCCTCGAACCCAGAGTGACAACTCCAATAAACAGAAATTCTGACCAAATATGATCCGGCAAGGCCGATCAACGGACCGAGTTACCCTAGGGATAACAGCGCAATCCCCTTCTAGAGCCCATATCGACAAGGGGGT	asv.89_EE0528
16S	AGACGAGAAGACCCYdTGGAGCTT	GATCCAACATCGAGGTCGTAA	Vert-16S-eDNA-F1	Vert-16S-eDNA-R1	https://doi.org/10.1007/s12686-016-0550-y	Paired	NovaSeq6000	CAGACACTAAGACAGCTCATGTTAAGAACCCTCACAAAAGAGACCAAACTAGATGACCCCTGTCCTAATGTCTTTGGTTGGGGCGACCACGGGGTAACAAAAAACCCCCGCGCGGAACAGAAACACTGTTTCCAGAACCAAGAGCACCCGCTCTAAGTAACAAGACCCACTTGACCTTTGAGATCCGGCACAAGCCGATCAACGGACCGAGTTACCCTAGGGATAACAGCGCAATCTTCTTCGAGAGTTCATATCGACGAGAAGGT	asv.74_EE0528
16S	AGACGAGAAGACCCYdTGGAGCTT	GATCCAACATCGAGGTCGTAA	Vert-16S-eDNA-F1	Vert-16S-eDNA-R1	https://doi.org/10.1007/s12686-016-0550-y	Paired	NovaSeq6000	TAGACACCAAGGCAGATCATGTTAAGAACCACTACGTTAAGAGACAAAACAAGATGAACGCTGCCCACATGTCTTTGGTTGGGGCGACCGCGGGGAAAGAAACAACCCCCATGAGGACCGGGAGAACTTCTCCTAAAAGCAAGAACCGCAGTTCTAACTAACAGAACTTCTGACTTTATAGATCCGGCTTACGCCGATCAACGGACCGAGTTACCCTAGGGATAACAGCGCAATCCCCTTTAAGAGACCATATCGATGAGGGGGT	asv.47_EE0528
16S	AGACGAGAAGACCCYdTGGAGCTT	GATCCAACATCGAGGTCGTAA	Vert-16S-eDNA-F1	Vert-16S-eDNA-R1	https://doi.org/10.1007/s12686-016-0550-y	Paired	NovaSeq6000	TAGACACCAAAGCAGACCATGTTAATCACCCCTAAACAAAGGACTAAACAATATTGAACCCTGCCCTAATGTCTTCGGTTGGGGCGACCACGGAGAAATAAAAAACCCCCGCGTGGAACAGGGGTACTACCCCCACAACTACGAGCCTCCGCTCTATCGAACAGAATTTCTGACCAATTAGATCCGGCAATGCCGACCAACGGACCAAGTTACCCTAGGGATAACAGCGCAATCCCCTTTTAGAGCCCATATCGACAAGGGGGT	asv.91_EE0526
16S	AGACGAGAAGACCCYdTGGAGCTT	GATCCAACATCGAGGTCGTAA	Vert-16S-eDNA-F1	Vert-16S-eDNA-R1	https://doi.org/10.1007/s12686-016-0550-y	Paired	NovaSeq6000	AAGACGCCAGAATAGCTCATGTTAAACATTCTATGGCCAAAAGAAATAAACTAAATGAGATCCTATCCTAATGTCTTTGGTTGGGGCGACCGCGGAGAAAAACTTAACCCCCATGTGGATTAGGAATACTATCTTCCCAGACCCAAGAGCCCCCACTCTAATAAACAGAACTTCTGACTAAAAAGATCCGGCAATGCCGATCAACGGACCGAGTTACCCTAGGGATAACAGCGCAATCCTCTTAAAGAGTCCCTATCGACAAGAGGGT	asv.92_EE0526
16S	AGACGAGAAGACCCYdTGGAGCTT	GATCCAACATCGAGGTCGTAA	Vert-16S-eDNA-F1	Vert-16S-eDNA-R1	https://doi.org/10.1007/s12686-016-0550-y	Paired	NovaSeq6000	TAGACACAAGAACAGTACCTGTAAAGAAAACTTACGAAATAAGCATAAACAAAAGGATACCCTGCTCTGCTGTCTTCGGTTGGGGCGACCACGGGGCAATAAATAACCCCCACGAGGAATAAAATAACTTTTTTCAACTAAGAATGTCAATTCAAAGTAACAGAACATCTGACCTAAAACGACCCGGCTTAATGCCGATCAACGAAAACAGTTACCCCAGGGATAACAGCGCAATCCTTTCCCAGAGTCCATATCGACGAAAGGGT	asv.64_EE0528
16S	AGACGAGAAGACCCYdTGGAGCTT	GATCCAACATCGAGGTCGTAA	Vert-16S-eDNA-F1	Vert-16S-eDNA-R1	https://doi.org/10.1007/s12686-016-0550-y	Paired	NovaSeq6000	AGTGAGGTATCTAATCTCAGTTTGTTTCTCAGCTTTCGTGGGGTCAGTTTTTTTAAAGCCACTTTCGTAGTTGGGCTTCATACCTCCGAACACGTATTACAGTCTTGGAGGCGTTCGGCTTTAGTGGGGAGGGATTACTTAACCACTCTTTACGCCGATGTCTATCAACTTGGGCCTCTCGTATAACCGCGGTGGCTGGC	asv.339_EE0528
16S	AGACGAGAAGACCCYdTGGAGCTT	GATCCAACATCGAGGTCGTAA	Vert-16S-eDNA-F1	Vert-16S-eDNA-R1	https://doi.org/10.1007/s12686-016-0550-y	Paired	NovaSeq6000	TAGACACTAAGACGAATCATGTTAAGTACCTCTAAATAAAGAACCAAACCGGATGAACCTCGCCCTATATGTCTTTGGTTGGGGCGACCGCGGGGAAATACAAAACCCCCACGTGGAATGGGAACACCCCTCCTACAACTCAGAGCTCCCGCTCTAATAAACAGAATTTCTGACCAATCAGATCCGGCGAAGCCGATCAACGGACCGAGTTACCCTAGGGATAACAGCGCAATCCCCTTCTAGAGCCCATATCGACAAGGGGGT	asv.93_EE0526
16S	AGACGAGAAGACCCYdTGGAGCTT	GATCCAACATCGAGGTCGTAA	Vert-16S-eDNA-F1	Vert-16S-eDNA-R1	https://doi.org/10.1007/s12686-016-0550-y	Paired	NovaSeq6000	TAGACAAAAACTGGAACCTGTAGGAACTCTTCAAAACAAATACAAGGAATACCCAAAATTATGTCTTTGGTTGGGGCGACCGCGGGGAAAAACAAAACCCCCATGTGGTATAAGAAGACACTTCTTTAAACTTAGAGTGACAACTCAACGAAACAGAATTTCTGACCTAAAATGACCCGGCACCTAAAACTGCCGATCAACGAAATTAGTTACCCCAGGGATAACAGCGCAATCCTCTTCCAGAGTCCATATCGACGAGAGGGT	asv.94_EE0528
16S	AGACGAGAAGACCCYdTGGAGCTT	GATCCAACATCGAGGTCGTAA	Vert-16S-eDNA-F1	Vert-16S-eDNA-R1	https://doi.org/10.1007/s12686-016-0550-y	Paired	NovaSeq6000	CAGACGCTAAATCAGCCCTAGTCCAACACCTCTGCCCAAAGAGTTGAACGCTGTAGGAGACCTGATCTTATGTCTTCGGTTGGGGTGACCCCGGGGAAAAAAGAAACCCCCGCGTGGAATAGGAGTACTACACTCCCAAATCTAAGAGCCACCACTCAAAGCATCAGTAATTCTGACCAACTTCATGATCCGGCTTAACGCCGATTAACGGACCAAGTTACCCCAGGGATAACAGCGCAATCCTCTTTTAGAGTCCATATCGCCAAGAGGGT	asv.49_EE0526
16S	AGACGAGAAGACCCYdTGGAGCTT	GATCCAACATCGAGGTCGTAA	Vert-16S-eDNA-F1	Vert-16S-eDNA-R1	https://doi.org/10.1007/s12686-016-0550-y	Paired	NovaSeq6000	TCTACGCATTTCACCGCTACACAGGAAATTCCACCACCCTCTACCGTACTCTAGCTCAGTAGTTTTGGATGCAGTTCCCAGGTTGAGCCCGGGGATTTCACATCCAACTTGCTGAACCACCTACGCGCGCTTTACGCCCAGTAATTCCGA	asv.614_EE0524
16S	AGACGAGAAGACCCYdTGGAGCTT	GATCCAACATCGAGGTCGTAA	Vert-16S-eDNA-F1	Vert-16S-eDNA-R1	https://doi.org/10.1007/s12686-016-0550-y	Paired	NovaSeq6000	TAATTTATTAATGCAAACAAAGCTCAAATAAGCCCACAGGCCTTAAACTACTGTCCCTGCATTAAAAATTTTGGTTGAGGTGACCTCGGAGCATAATTTAACCTCCGAGCAACCTATGCTAAGACTAAACAAGTTTACGTGAATTACTATACATATATTGACCCAATAATTTGATCAACGGAACAAGTTACCCTAGAGATAACAGCGCAATCCTATTCTAGAGTCCATATCGACAATAGGGT	asv.82_EE0526
16S	AGACGAGAAGACCCYdTGGAGCTT	GATCCAACATCGAGGTCGTAA	Vert-16S-eDNA-F1	Vert-16S-eDNA-R1	https://doi.org/10.1007/s12686-016-0550-y	Paired	NovaSeq6000	TAGACTTCGGAACAGGTCATGTCAATTACCTCCTTAAACAAGTAATAACTATTGAACCTCTGTCTCCTGTCTTTGGTTGGGGCGACCACGGGGAAGAAAAAAACCCCCATGTGGACTGGGAGTACCCTCCTCCCACAACCATGAGCCACAGCTCTAATGCACAGAATTTCTGACCATAAGATCCGGCAAAGCCGATCAACGAACCGAGTTACCCTAGGGATAACAGCGCAATCCCCTTTAAGAGTCCATATCGACAAGGGGGT	asv.81_EE0528
16S	AGACGAGAAGACCCYdTGGAGCTT	GATCCAACATCGAGGTCGTAA	Vert-16S-eDNA-F1	Vert-16S-eDNA-R1	https://doi.org/10.1007/s12686-016-0550-y	Paired	NovaSeq6000	TAGACACCAAAGCAGACCATGTTAATTATCCCTAAACAAAGGACTAAACAATATTGAACCCTGCCCTAATGTCTTCGGTTGGGGCGACCACGGAGAAATAAAAAACCCCCGCGTGGAATAGGGATACTATCCTGACAATCGCGAGCCTCCGCTCTACTAAACAGAACCTCTGACCTTTTAGATCCGGCAATGCCGACCAACGGACCAAGTTACCCTAGGGATAACAGCGCAATCCCCTTTTAGAGCCCATATCGACAAGGGGGT	asv.96_EE0528
16S	AGACGAGAAGACCCYdTGGAGCTT	GATCCAACATCGAGGTCGTAA	Vert-16S-eDNA-F1	Vert-16S-eDNA-R1	https://doi.org/10.1007/s12686-016-0550-y	Paired	NovaSeq6000	TAGACACAAAATAGACCACGTCAAACACCCTTGAATAAAAGAACAAACTAAGTGGGCCCTATTCAAATGTCTTTGGTTGGGGCGACCGCGGAGTAACAAAAAACCCCCACGTGGAATAAAACACCACTTTAAAACCAAGAGCCACTGCTCTAATAAACAGAACATCTGACCAATGAGATCCGGCCTAGCCGAGCAACGAACCGAGTTACCCTAGGGATAACAGCGCAATCCTCTTTTAGAGCCCATATCGACAAGAGGGT	asv.58_EE0528
16S	AGACGAGAAGACCCYdTGGAGCTT	GATCCAACATCGAGGTCGTAA	Vert-16S-eDNA-F1	Vert-16S-eDNA-R1	https://doi.org/10.1007/s12686-016-0550-y	Paired	NovaSeq6000	TAGACATCTAAGCAGACCATGTTAAACAACCCGACTATGGGCCTAAACCTAGTGATTACTGCCCAACTGTCTTTGGTTGGGGCAACCACGGAGAAAAACAAAATCCCCGTGTGGAATAAGGGCAACCCCCTTTGAATCCAGAGTGACAACTCTAACAAGCAGAAATTCTGACCAATGCATGATCCGGCCAAGCCGATCAACGGACCGAGTTACCCTAGGGATAACAGCGCAATCCTCTTCTAGAGCCCATATCGACAAGGGGGT	asv.98_EE0526
16S	AGACGAGAAGACCCYdTGGAGCTT	GATCCAACATCGAGGTCGTAA	Vert-16S-eDNA-F1	Vert-16S-eDNA-R1	https://doi.org/10.1007/s12686-016-0550-y	Paired	NovaSeq6000	TAGGCGACAAGCAGACCGTACCAAACAACCCTGATAAAGGAATAAAACATGCGTAAACCTGCCCTAATGCCTTTGGTTGGGGCGACCGCGGGGAAACAAAAAACCCCCATGTGGAATGGGACTAACCGTCCTCCAAAAAAGAGCCCCCGCTCTAAAAAACAGAACATCTGACCTTAAGATCCGGCAAAGCCGATCAACGAACCGAGTTACCCTAGGGATAACAGCGCAATCCTCTTTCAGAGCCCATATCGACAAGAGGGT	asv.99_EE0528
16S	AGACGAGAAGACCCYdTGGAGCTT	GATCCAACATCGAGGTCGTAA	Vert-16S-eDNA-F1	Vert-16S-eDNA-R1	https://doi.org/10.1007/s12686-016-0550-y	Paired	NovaSeq6000	TAGACACTAAGACAGCTTACGTTAAACACCCTAACATAAAAGACCAAACGGTGTAAGTTCTGCCCTAATGTCTTCGGTTGGGGCGACCCTGGGGAGAAAAACAACCCCCACGAGGAATGGAAGCATGCTTCCAGAACAAAGAGCCACTGCTCTATGTACCAGAGACTTCTGACCATCAGACCCGGCAAAGCCGATTAACGGACCGAGTTACCCTAGGGATAACAGCGCAATCCCCTTATAGAGCCCTTATCGACAAGGGGGT	asv.100_EE0526
16S	AGACGAGAAGACCCYdTGGAGCTT	GATCCAACATCGAGGTCGTAA	Vert-16S-eDNA-F1	Vert-16S-eDNA-R1	https://doi.org/10.1007/s12686-016-0550-y	Paired	NovaSeq6000	TAGACACTAAAACAGCTCATGTTAAAAACCCTCACACAAGAGACCAAACTAGATGACCCCTGTCCTATTGTCTTTGGTTGGGGCGACCACGGGGTAACAAAAAACCCCCGCGTGGAACAGAAACATTGTTTCCAGAACCAAGAGTTTCCACTCTAAGTAACAAGACCTACTTGACCTTCGAGATCCGGCATTAAGCCGATCAACGGACCGAGTTACCCTAGGGATAACAGCGCAATCTTCTTCGAGAGCCCATATCGACGAGAAGGT	asv.101_EE0526
16S	AGACGAGAAGACCCYdTGGAGCTT	GATCCAACATCGAGGTCGTAA	Vert-16S-eDNA-F1	Vert-16S-eDNA-R1	https://doi.org/10.1007/s12686-016-0550-y	Paired	NovaSeq6000	TAATTTATTAATGCAAACAGTACCTAACAAACCCACAGGTCCTAAACTACCAAACCTGCATTAAAAATTTCGGTTGGGGCGACCTCGGAGCAGAACCCAACCTCCGAGCAGTACATGCTAAGACTTCACCAGTCAAAGCGAACTACTATACTCAATTGATCCAATAACTTGACCAACGGAACAAGTTACCCTAGGGATAACAGCGCAATCCTATTCTAGAGTCCATATCAACAATAGGGC	asv.42_EE0539
16S	AGACGAGAAGACCCYdTGGAGCTT	GATCCAACATCGAGGTCGTAA	Vert-16S-eDNA-F1	Vert-16S-eDNA-R1	https://doi.org/10.1007/s12686-016-0550-y	Paired	NovaSeq6000	TTTACTTCTGTTATCTCTACCAGTATTTGCTGGAGCCATTACCATGCTCCTTACAGATCGAAATTTTAATACCACATTTTTTGATCCAGCTGGTGGTGGGGATCCTGTACTCTATCAACACCTTTTTTGATTCTTCGGCCACCCCGAAGT	asv.615_EE0524
16S	AGACGAGAAGACCCYdTGGAGCTT	GATCCAACATCGAGGTCGTAA	Vert-16S-eDNA-F1	Vert-16S-eDNA-R1	https://doi.org/10.1007/s12686-016-0550-y	Paired	NovaSeq6000	AAGACACCAAGGCAGCCCTTGCTACAAGGCCACGTTAAGGGCCTACAAACTTCAACCCCCCTGCTTTAATGTCTTTGGTTGGGGCGACCGCGGAGTAATAATCAACCTCCATGAAGTTAGGAAACACACGCTTTCCATAACTAAGAGCGCCAGCTCTAGGTGTCAGGACATCTGACTTATTTTTGATCCGGTCATACCGATCAACGGACCCAGTTACCCCAGGGATAACAGCGCAATCCTCTTTTAGAGCCCATATCGACAAGAGGGT	asv.102_EE0526
16S	AGACGAGAAGACCCYdTGGAGCTT	GATCCAACATCGAGGTCGTAA	Vert-16S-eDNA-F1	Vert-16S-eDNA-R1	https://doi.org/10.1007/s12686-016-0550-y	Paired	NovaSeq6000	AGTGAGGTATCTAATCTCAGTTTGGGTCTTAGCTATTGTGTGTTCAGATATGTTAAAGCCACTTTCGTAGTCTATTTTGTGTCAACTGGAGTTTTTTACAACTCAGGTGAGTTTTAGCTTTATTGGGGAGGGGGTGATCTAAAACACTCTTTACGCCGGCTTCTATTGACTTGGGTTAATCGTGTGACCGCGGTGGCTGG	asv.336_EE0526
16S	AGACGAGAAGACCCYdTGGAGCTT	GATCCAACATCGAGGTCGTAA	Vert-16S-eDNA-F1	Vert-16S-eDNA-R1	https://doi.org/10.1007/s12686-016-0550-y	Paired	NovaSeq6000	TAGACACCAAGGTAGATTTATGTCTATCCTCCTCTAACAAGAGGAGAGAAACTAAGTAAACCCCTACCCTAATGTCTTTGGTTGGGGCGACCGTGGGGCACACAAAACCCCCACGTGGAGCAGGAGCACAACTACTCCCACAGCTAAGAGCTACCGCTCTAATAAACAGAATTTCTGACCAAAAATGATCCGACAACGTCGATCAACGAACCGAGTTACCCTAGGGATAACAGCGCAATCTCCTTTTAGAGTCCATATCGACAAGGAGGT	asv.103_EE0526
16S	AGACGAGAAGACCCYdTGGAGCTT	GATCCAACATCGAGGTCGTAA	Vert-16S-eDNA-F1	Vert-16S-eDNA-R1	https://doi.org/10.1007/s12686-016-0550-y	Paired	NovaSeq6000	TAGACACCAAGGCAGCTCACGTCAAGAGCCTTATACAAAAGATTGAACTTCATGAATCCTGTCCTGACGTCTTCGGTTGGGGCGACCCTGGGGAGATAAAGAACCCCCATGAGGACTGGAAACATACTTCCAAAGCTAAGAGCTTCCGCTCTAAGAAGCAGAACTTCTGACCGCAAGATCCGGCAACGCCGATCAACGGACCGAGTTACCCTAGGGATAACAGCGCAATCCCCTTCTAGAGCCCCTATCGACAAGAGGGT	asv.90_EE0528
16S	AGACGAGAAGACCCYdTGGAGCTT	GATCCAACATCGAGGTCGTAA	Vert-16S-eDNA-F1	Vert-16S-eDNA-R1	https://doi.org/10.1007/s12686-016-0550-y	Paired	NovaSeq6000	TAGACACCAAAGTAGACCACGTTAAACATCCCTAAACAAAGGACTAAACCAAATGGCCCCCTACTCTAATGTCTTTGGTTGGGGCGACCGCGGGGAAATACAAAACCCCCATGTGGAATGGGAATACTTTTCCTACAACCCAGAGCTCCCGCTCTAATTAACAGAAATTCTGACCAGTCAGATCCGGCTAACGCCGATCAACGGACCGAGTTACCCTAGGGATAACAGCGCAATCCCCTTTTAGAGCCCATATCGACAAGGGGGT	asv.104_EE0528
16S	AGACGAGAAGACCCYdTGGAGCTT	GATCCAACATCGAGGTCGTAA	Vert-16S-eDNA-F1	Vert-16S-eDNA-R1	https://doi.org/10.1007/s12686-016-0550-y	Paired	NovaSeq6000	TAGGCAAATGACCAAGCACACATAACCCCTTACCAGACTAAGGAGGAAAATAAAACGCCGTTGGACAAAATGCCTTCGGTTGGGGCGACCATGGAGGAAAGAAAAGCCTCCGGGTGGAACGGGAAGACCCCTAAACTAAGAGAAACAACTCTAAGTAACAGAAATTCTGACCAAACGTGACCCAGGACAAACCTGATCAACGAACCAAGTTACCCTAGGGATAACAGCGCAATCCCCTCCCAGAGTCCGTATCGACGAGGGGGC	asv.105_EE0526
16S	AGACGAGAAGACCCYdTGGAGCTT	GATCCAACATCGAGGTCGTAA	Vert-16S-eDNA-F1	Vert-16S-eDNA-R1	https://doi.org/10.1007/s12686-016-0550-y	Paired	NovaSeq6000	TAGACAATAAGTAGTGCCTGTAAAGACTTAACAACGCTAAAACAAAAGGTATATCTATTTTGATGTCTTCGGTTGGGGCGACCGCGGGGAAACAAAAAACCCCCACGTGGAATATGAACCTCTTCTTTCAACCAAGAGAGCCATCTCTAAGTAACAGAACATCTGACCTTCTTGACCCGGCACTCGCCGATCAACGAAACCAGTTACCCCAGGGATAACAGCGCAATCCCCTCCCAGAGCCCATATCGACGAGGGGGT	asv.106_EE0526
16S	AGACGAGAAGACCCYdTGGAGCTT	GATCCAACATCGAGGTCGTAA	Vert-16S-eDNA-F1	Vert-16S-eDNA-R1	https://doi.org/10.1007/s12686-016-0550-y	Paired	NovaSeq6000	TAGACACCAAGACAGACCATGTTAAACACCCCTAACTAAAGGACCAAACTAAATGACCACCTGTCCTAATGTCTTCGGTTGGGGCGACCGCGGGGAAACACAAAACCCCCACGTGGAAGGGGAGCACCTCCACTCCTACAACCAAGAGCTTCCGCTCTACTAAACAGAAAATCTGACCTTAAGATCCGGCAAAGCCGATCAACGGACCAAGTTACCCTAGGGATAACAGCGCAATCCCCTTCTAGAGCCCATATCGACAAGGGGGT	asv.108_EE0526
16S	AGACGAGAAGACCCYdTGGAGCTT	GATCCAACATCGAGGTCGTAA	Vert-16S-eDNA-F1	Vert-16S-eDNA-R1	https://doi.org/10.1007/s12686-016-0550-y	Paired	NovaSeq6000	TAGACACCAAAGCAGACCATGTTAATTACCCCTAGACAAAGGCCCGAACAATATTGAACCCTGCCCTAATGTCTTCGGTTGGGGCGACCACGGAGAAATAAAAAACCCCCGCGTGGAATAGGGATACTATCCCCACAGTCACGAGCTTCCGCTCTATCAAACAGAACCTCTGACCAACCAGATCCGGCAATGCCGACCAACGGACCAAGTTACCCTAGGGATAACAGCGCAATCCCCTTTTAGAGCCCATATCGACAAGGGGGT	asv.109_EE0528
16S	AGACGAGAAGACCCYdTGGAGCTT	GATCCAACATCGAGGTCGTAA	Vert-16S-eDNA-F1	Vert-16S-eDNA-R1	https://doi.org/10.1007/s12686-016-0550-y	Paired	NovaSeq6000	TAGACACTAAGAGAGCCTACGTCAAACATTCCTCACAAAGACCTAAACTAAGTTTAATCCTCTCCTAATGTCTTCGGTTGGGGCGACCCTGGGGAGATAAAGAACCCCCATGCGGACTGGAAATATTTTCTAGAACCAAGAGCTACCGCTCTAAGAAGCAGAACTTCTGACCAAAAGATCCGGCAAAGCCGATCAACGGACCGAGTTACCCTAGGGATAACAGCGCAATCTCCTTTTAGAGACCATATCGACAAGGGGGT	asv.53_EE0526
16S	AGACGAGAAGACCCYdTGGAGCTT	GATCCAACATCGAGGTCGTAA	Vert-16S-eDNA-F1	Vert-16S-eDNA-R1	https://doi.org/10.1007/s12686-016-0550-y	Paired	NovaSeq6000	AGTGAGGTATCTAATCTCAGTTTGTGTCCAAGCTTTCGTGGGGTCAGATGGGTTAGAGCTACTTTCGTAAGGGGTCTTCTTTCTTTCGGGTACGTATGACAGCTTTGAAAGGATTTGGCCCTAGCATTATACTTTCTTAACCACCCTTTACGCCGTGGGAAATTAACTTGGGCCCCTCGTATAACCGCGGTGGCTGGCAC	asv.340_EE0528
16S	AGACGAGAAGACCCYdTGGAGCTT	GATCCAACATCGAGGTCGTAA	Vert-16S-eDNA-F1	Vert-16S-eDNA-R1	https://doi.org/10.1007/s12686-016-0550-y	Paired	NovaSeq6000	TAGACAATAAATAGCACCTGTAAAGACTAGCTTGCAACGTAAAACAAAAGGTATTTCTATTTTACATGTCTTTGGTTGGGGCGACCGCGGGGAATACAAAACCCCCACGTGGAACAAGAACTCCATCTTTAAACTGAGAGCTACACCTCTAAGGAACAGAATCTCTGACCAGAATGATCCGGCGGCAACCCCGCCGATCAACGGAACTAGTTACCCCAGGGATAACAGCGCAATCCTCTCCCAGAGCCCATATCGACGAGGGGGT	asv.110_EE0526
16S	AGACGAGAAGACCCYdTGGAGCTT	GATCCAACATCGAGGTCGTAA	Vert-16S-eDNA-F1	Vert-16S-eDNA-R1	https://doi.org/10.1007/s12686-016-0550-y	Paired	NovaSeq6000	TAGACCCCGCAACAAACCACGTCAAAACCCTTAAACCACTAAGACTAAACAAAGTGCCTCCCCTGCTGCGGGTCTTTGGTTGGGGCGACCGCGGAGAAACAACAAACCCCCGCATGGTACGGGCCATACCCTTAAAGCCAGAGCCACAGCTCTAACGAACAGAACATCTGACCTTCAAGATCCGGCATTGCCGATTAACGGACCGAGTTACCCTAGGGATAACAGCGCAATCCTCTTTCAGAGCCCATATCGACAAGAGGGT	asv.111_EE0526
16S	AGACGAGAAGACCCYdTGGAGCTT	GATCCAACATCGAGGTCGTAA	Vert-16S-eDNA-F1	Vert-16S-eDNA-R1	https://doi.org/10.1007/s12686-016-0550-y	Paired	NovaSeq6000	TAGACAAAAAATGGCCCCTGTATATAAACCTTAAAAAGTTAAAACAAAAGGCACCCCATTCTTATGTCTTTGGTTGGGGCGACCGCGGGGAAATATAAAACCCCCATGTGGTATTTGAAAATACTTCTTTAAACCTAGAGTGGCAACTCAAAGGAACAGAAATTCTGACCTAATATGACCCGGCACATTTCTGCCGATCAACGAAACTAGTTACCCCAGGGATAACAGCGCAATCCTCTCCCAGAGTCCATATCGACAAGAGGGT	asv.112_EE0526
16S	AGACGAGAAGACCCYdTGGAGCTT	GATCCAACATCGAGGTCGTAA	Vert-16S-eDNA-F1	Vert-16S-eDNA-R1	https://doi.org/10.1007/s12686-016-0550-y	Paired	NovaSeq6000	TAGACACCAAGACAGCTTACGTCAAGAACCTTATACAAAAGATTGAACTACATAAATCCTGTCCTAATGTCTTCGGTTGGGGCGACCCTGGGGAGATAAAGAACCCCCATGAGGACTGGAGAGATATCTCCAAAACTAAGAGCTTCCGCTCTAAGAAGCAGAACTTCTGACCGCAAGATCCGGCAGCGCCGATCAACGGACCGAGTTACCCTAGGGATAACAGCGCAATCCCCTTCTAGAGCCCCTATCGACAAGGGGGT	asv.29_EE0526
16S	AGACGAGAAGACCCYdTGGAGCTT	GATCCAACATCGAGGTCGTAA	Vert-16S-eDNA-F1	Vert-16S-eDNA-R1	https://doi.org/10.1007/s12686-016-0550-y	Paired	NovaSeq6000	TAGACACCAAAACAGACCATGTTAAACACCCTAAAACAAAAGGCTAAACTTAATGCCCCCTGCCTTGATGTCTTCGGTTGGGGTGACCGAGGAGAAGAACACAACCTCCATGCGGAATAGGAGTACTACTCCCACAACCATGAACCCCCGTTCTAATCACCAGAATTTCTGACCCTACGATCCGGCAACGCCGATTAACGAACCAAGTTACCCCAGGGATAACAGCGCAATCCCCTTTTAGAGCCCCTATCAACAAGGGGGT	asv.113_EE0526
16S	AGACGAGAAGACCCYdTGGAGCTT	GATCCAACATCGAGGTCGTAA	Vert-16S-eDNA-F1	Vert-16S-eDNA-R1	https://doi.org/10.1007/s12686-016-0550-y	Paired	NovaSeq6000	TAGACACAAGAACAGTACCTGTAAAGAAAACTTACGAAATAAGCATAAACAAAAGGATACCCTGCTCTGCTGTCTTCGGTTGGGGCGACCACGGGGCAATAAATAACCCCCACGAGGAATAAAATAACTTTTTTCAACTAAGAATGTCAATTCAAAGTAACAGAACATCTGACCTAAAACGACCCGGCTTAATGCCGATCAACGAAAACAGTTACCCCAGGGATAACAGCGCAATCCTTTCCCAGAGTCCATATCGACGAAAGGGT	asv.64_EE0526
16S	AGACGAGAAGACCCYdTGGAGCTT	GATCCAACATCGAGGTCGTAA	Vert-16S-eDNA-F1	Vert-16S-eDNA-R1	https://doi.org/10.1007/s12686-016-0550-y	Paired	NovaSeq6000	TAGACACCAAGGCAGATCATGTTAAACACCCCTTCACAAAGGACTAAACCAGATGAACCCTGCCCTAATGTCTTTGGTTGGGGCGACCGCGGGGAAACAAAAAACCCCCATGTGGAATGGAAACACTCCTTCCTACAACTAAGAGCTCCCGCTCTAATGACCAGAACTTCTGACCAATCAGATCCGGCAACGCCGATCAACGAACCGAGTTACCCTAGGGATAACAGCGCAATCCCCTTTTAGAGCCCATATCGACAAGGGGGT	asv.114_EE0526
16S	AGACGAGAAGACCCYdTGGAGCTT	GATCCAACATCGAGGTCGTAA	Vert-16S-eDNA-F1	Vert-16S-eDNA-R1	https://doi.org/10.1007/s12686-016-0550-y	Paired	NovaSeq6000	ACTTCTTTTAGCTGTTCCTGTTTTGGGTGGAGCTATCACTATGCTACTTACTGACCGTAACTTTGGGACTACATTTTTTGATCCCGCTGGTGGAGGTGACCCTGTTCTTTTCCAACACCTTTTCTGATTCTTCGGCCATCCCGAAGTCTA	asv.616_EE0524
16S	AGACGAGAAGACCCYdTGGAGCTT	GATCCAACATCGAGGTCGTAA	Vert-16S-eDNA-F1	Vert-16S-eDNA-R1	https://doi.org/10.1007/s12686-016-0550-y	Paired	NovaSeq6000	TAGACGACGGAGGCAGCCCTTGTTAAAACACCCAAATAGCAGGATTAAACCCGCAGGACCCTACTCCTATGTCTTTGGTTGGGGCGACCGCGGGGATAAAAATAACCCCCATGTTGATTGAGAAGAGAGACTTCTTAGATGCAAGAGCTACCGCTCGAACCCACAGAAACTCTGACCAAAAGATCCGGCAAAGCCGATCAACGGACCCAGTTACCCCGGGGATAACAGCGCAATCTTCTTTTAGAGGCCATATCGACAAGAGGGC	asv.50_EE0528
16S	AGACGAGAAGACCCYdTGGAGCTT	GATCCAACATCGAGGTCGTAA	Vert-16S-eDNA-F1	Vert-16S-eDNA-R1	https://doi.org/10.1007/s12686-016-0550-y	Paired	NovaSeq6000	TAGACACTAAAACAGCCCATACTACTAGCACAACCCTCACACAAGAGACCGAAGCTAGGTGGCCCCTGTCCTAATGTCTTTGGTTGGGGCGACCACGGGGTAACAAAAAACCCCCGCGCGGAACAGAAACATTGTTTCCAGAACCAAGAGTACCCACTCTAAGTAACAAGACCTACTTGACCTTTGAGATCCGGCACTAAGCCGATCAACGGACCGAGTTACCCTAGGGATAACAGCGCAATCTTCTTCGAGAGTTCCTATCGACGAGAAGGT	asv.115_EE0528
16S	AGACGAGAAGACCCYdTGGAGCTT	GATCCAACATCGAGGTCGTAA	Vert-16S-eDNA-F1	Vert-16S-eDNA-R1	https://doi.org/10.1007/s12686-016-0550-y	Paired	NovaSeq6000	TAGACACCAAAGCAGACCATGTTAATTATCCCTAAACAAAGGACTAAACAATATTGAACCCTGCCCTAATGTCTTCGGTTGGGGCGACCACGGAGAAATAAAAAACCCCCGCGTGGAATAAGGATACTATCCTGACAATCACGAGCCTCCGCTCTACTAAACAGAACCTCTGACCTTTTAGATCCGGCAATGCCGACCAACGGACCAAGTTACCCTAGGGATAACAGCGCAATCCCCTTTTAGAGCCCATATCGACAAGGGGGT	asv.116_EE0528
16S	AGACGAGAAGACCCYdTGGAGCTT	GATCCAACATCGAGGTCGTAA	Vert-16S-eDNA-F1	Vert-16S-eDNA-R1	https://doi.org/10.1007/s12686-016-0550-y	Paired	NovaSeq6000	TAGACACCAAGGCAGCTCCTGGTTAAAAGGCTAGTTTAATAGCCTACAGTTTCCCTACTGCTCTGCTTTAATGTCTTTGGTTGGGGCGACCGCGGAGTAACACCTAACCTCCATGAGGACTGGGGCCTTTGCTCTACAACTAAGAGTGACAACTCTAAATAACAGAAAATCTGACCAAAATTGATCCGGCCCTGCCGATCAACGAACCCAGTTACCCCAGGGATAACAGCGCAATCCTCTTCTAGAGCCCATATCGACAAGGGGGT	asv.19_EE0526
16S	AGACGAGAAGACCCYdTGGAGCTT	GATCCAACATCGAGGTCGTAA	Vert-16S-eDNA-F1	Vert-16S-eDNA-R1	https://doi.org/10.1007/s12686-016-0550-y	Paired	NovaSeq6000	CAGACACTAAAACAGCTCATGTTAAAAACCCTCACAAAAGAGGCCAAACTAGATGACCCCTGTCCTAATGTCTTTGGTTGGGGCGACCACGGGGTAACAAAAAACCCCCGCGCGGAACAGAAACACTGTTTCCAGAACCAAGAGCACCCGCTCTAAGTAACAGGACCCACTTGACCTTTGAGATCCGGCACTAGCCGATCAACGGACCGAGTTACCCTAGGGATAACAGCGCAATCTTCTTCGAGAGTTCATATCGACGAGAGGGT	asv.55_EE0528
16S	AGACGAGAAGACCCYdTGGAGCTT	GATCCAACATCGAGGTCGTAA	Vert-16S-eDNA-F1	Vert-16S-eDNA-R1	https://doi.org/10.1007/s12686-016-0550-y	Paired	NovaSeq6000	CAGACACTAAAACAGCTCATGTTAAAAACCCTCACAAAAGAGGCCAAACTAGATGACCCCTGTCCTAATGTCTTTGGTTGGGGCGACCACGGGGCAACAAAAAACCCCCGCGCGGAACAGAAACACTGTTTCCAGAACCAAGAGCACCCGCTCTAAGTAACAAGACCCACTTGACCTTTGAGATCCGGCACAAGCCGATCAACGGACCGAGTTACCCTAGGGATAACAGCGCAATCTTCTTCGAGAGCTCATATCGACGAGAAGGT	asv.39_EE0526
16S	AGACGAGAAGACCCYdTGGAGCTT	GATCCAACATCGAGGTCGTAA	Vert-16S-eDNA-F1	Vert-16S-eDNA-R1	https://doi.org/10.1007/s12686-016-0550-y	Paired	NovaSeq6000	TAGACTTCGGAACAGGTCATGTCAATTACCTCCTTAAACAAGTAATAACTATTGAACCTCTGTCTCCTGTCTTTGGTTGGGGCGACCACGGGGAAGAAAAAAACCCTCATGTGGACTGGGAGCACCCTCCTCCCACAACCATGAGCCACAGCTCTAATGCACAGAATTTCTGACCATAAGATCCGGCAAAGCCGATCAACGAACCGAGTTACCCTAGGGATAACAGCGCAATCCCCTTTAAGAGTCCATATCGACAAGGGGGT	asv.118_EE0528
16S	AGACGAGAAGACCCYdTGGAGCTT	GATCCAACATCGAGGTCGTAA	Vert-16S-eDNA-F1	Vert-16S-eDNA-R1	https://doi.org/10.1007/s12686-016-0550-y	Paired	NovaSeq6000	TAGGCAAATGATCAAGCGCACCAAAACCTACTTTCAACCAAACCTTAGGGAAATATAAAACCAATGATCAAGATGCCTTCGGTTGGGGCGACCTTGGAGGAGAAACAAGCCTCCAAGTGGAACGGGAAAACCCTTTAACTAAGAAGAACAACTCGAAGTACCAGAAATTCTGACCAAACATGACCCAGGTTACACCTGATCAACGAACTAAGTTACCCTAGGGATAACAGCGCGATCCCCTCCCAGAGTCCATATCGACGAGGGGGT	asv.119_EE0528
16S	AGACGAGAAGACCCYdTGGAGCTT	GATCCAACATCGAGGTCGTAA	Vert-16S-eDNA-F1	Vert-16S-eDNA-R1	https://doi.org/10.1007/s12686-016-0550-y	Paired	NovaSeq6000	TAGACAAAAAATGGCCCCTGTATATAAACCTTAAAAAGTTAAAACAAAAGGCACCCCATTCTTATGTCTTTGGTTGGGGCGACCGCGGGGAAATATAAAACCCCCATGTGGTATTTGAAAATACTTCTTTAAACCTAGAGTGGCAACTCAAAGAAACAGAAATTCTGACCTAATATGACCCGGCACATTTCTGCCGATCAACGAAACTAGTTACCCCAGGGATAACAGCGCAATCCTCTCCCAGAGTCCATATCGACAAGAGGGT	asv.120_EE0526
16S	AGACGAGAAGACCCYdTGGAGCTT	GATCCAACATCGAGGTCGTAA	Vert-16S-eDNA-F1	Vert-16S-eDNA-R1	https://doi.org/10.1007/s12686-016-0550-y	Paired	NovaSeq6000	TAGACACCAAGGCAGGTCATGTTAAGAACCACTATGTTAAAAGACAAAACAAGGTGAACACTGCCCGCATGTCTTTGGTTGGGGCGACCGCGGGGAAACAAATAACCCCCATGTGGACCGGGAGAACTTCTCCTAAAAGCAAGAACCGCAGTTCTAACTAACAGAACTTCTGACTTTTGAGATCCGGCTAACGCCGATTAACGGACCGAGTTACCCTAGGGATAACAGCGCAATCCCCTTTGAGAGCCCATATCGATGAGGGGGT	asv.121_EE0528
16S	AGACGAGAAGACCCYdTGGAGCTT	GATCCAACATCGAGGTCGTAA	Vert-16S-eDNA-F1	Vert-16S-eDNA-R1	https://doi.org/10.1007/s12686-016-0550-y	Paired	NovaSeq6000	TAGACACCAAGACAGATCATGTTAAATACCCCTTGACAAAGGCCCGAACTTAATGACCCCCTGTCCTAATGTCTTCGGTTGGGGCGACCATGGGGCAGCACAAAACCCCCATGTGGACTGGGAGAACAAACCCAAAACCTTTTTCCCACACTCCCACAAGCAAGAGTTACAACTCTAACTAACAGAATCTCTGACCTCTTACGATCCGGCTCTCGCCGATCAACGGACCAAGTTACCCTAGGGATAACAGCGCAATCCCCTTTTAGAGCCCATATCGACAAGGGGGT	asv.122_EE0526
16S	AGACGAGAAGACCCYdTGGAGCTT	GATCCAACATCGAGGTCGTAA	Vert-16S-eDNA-F1	Vert-16S-eDNA-R1	https://doi.org/10.1007/s12686-016-0550-y	Paired	NovaSeq6000	TAGACACTAAAACAGCCCATGTTAAGAACCCTCACATAAGAGGCCAAACTAGATGGCCCCTGTCCTAATGTCTTTGGTTGGGGCGACCACGGGGTAACAGAAAACCCCCGCGCGGAACAGAAACATTGTTTCCAAAACCAAGAGTACCCACTCTAAGTAACAAGACCTACTTGACCTTTGAGATCCGGCACTTAGCCGATCAACGGACCGAGTTACCCTAGGGATAACAGCGCAATCTTCTTCGAGAGTTCATATCGACGAGAGGGT	asv.123_EE0528
16S	AGACGAGAAGACCCYdTGGAGCTT	GATCCAACATCGAGGTCGTAA	Vert-16S-eDNA-F1	Vert-16S-eDNA-R1	https://doi.org/10.1007/s12686-016-0550-y	Paired	NovaSeq6000	TAGACACCAAAGCAGACCATGTTAATCACCCCTAAACAAAGGACTAAACAATATTGAACCCTGCCCTAATGTCTTCGGTTGGGGCGACCACGGAGAAATAAAAAACCCCCGCGTGGAACAGGGATACTATCCCCACAATCACGAGCCTCCGCTCTACTAAACAGAACCTCTGACCAACCAGATCCGGCAATGCCGACCAACGGACCAAGTTACCCTAGGGATAACAGCGCAATCCCCTTTTAGAGCCCATATCGACAAGGGGGT	asv.21_EE0526
16S	AGACGAGAAGACCCYdTGGAGCTT	GATCCAACATCGAGGTCGTAA	Vert-16S-eDNA-F1	Vert-16S-eDNA-R1	https://doi.org/10.1007/s12686-016-0550-y	Paired	NovaSeq6000	TAGGCAAATGATCAAGCACACCAAACCCTTCTTACAAGCTCGGAGATTTAAACGCCAATGATCAGCCCGCCTTCGGTTGGGGCGACCGCGGAGGATAAAAAAGCCTCCGAGTGGTATGGGAAAACCCTTAAGCTAAGAAAAACAAGTCTAGGCATCAAAAGATTTGGCCAAACATGACCCAGGATAATCCTGATTGACGAACCAAGTTACCCTAGGGATAACAGCGCAATCCCCTCCCAGAGTCCATATCGACGAGGGGGT	asv.124_EE0528
16S	AGACGAGAAGACCCYdTGGAGCTT	GATCCAACATCGAGGTCGTAA	Vert-16S-eDNA-F1	Vert-16S-eDNA-R1	https://doi.org/10.1007/s12686-016-0550-y	Paired	NovaSeq6000	TAGACACCAAAGCAGACCATGTTAATTATCCCTAAACAAAGGACTAAACAATATTGAACCCTGCCCTAATGTCTTCGGTTGGGGCGACCACGGAGAAATAAAAAACCCCCGCGTGGAATAGGGATACTATCCTGACAATCACGAGCCTCCGCTCTACTAAACAGAACCTCTGACCTTTTAGATCCGGCAATGCCGACCAACGGACCAAGTTACCCTAGGGATAACAGCGCAATCCCCTTTTAGAGCCCATATCGACAAGGGGGT	asv.18_EE0526
16S	AGACGAGAAGACCCYdTGGAGCTT	GATCCAACATCGAGGTCGTAA	Vert-16S-eDNA-F1	Vert-16S-eDNA-R1	https://doi.org/10.1007/s12686-016-0550-y	Paired	NovaSeq6000	TAGACACCAAGACAGACCATGTTAAATACCCCTAATAAAAGGGCCAAACTAAATGACTACCCGTCCTAATGTCTTCGGTTGGGGCGACCGCGGGGAAATACAAAACCCCCACGTGGAAGGGGAGCACCTCCACTCCTACAACCAAGAGCTTCCGCTCTACTAAACAGAAATTCTGACCTTAAGATCCGGCAAAGCCGATCAACGGACCAAGTTACCCTAGGGATAACAGCGCAATCCCCTTCTAGAGCCCATATCGACAAGGGGGT	asv.125_EE0526
16S	AGACGAGAAGACCCYdTGGAGCTT	GATCCAACATCGAGGTCGTAA	Vert-16S-eDNA-F1	Vert-16S-eDNA-R1	https://doi.org/10.1007/s12686-016-0550-y	Paired	NovaSeq6000	TAGACACCAAAGCAGACCATGTTAATCACCCCTAAATAAAGGACCAAACAATATTGAACCCTGCCCTAATGTCTTCGGTTGGGGCGACCACGGAGAAATAAAAAACCCCCGCGTGGAACAGGGATACTACCCCCACAATTACGAGCTTCCGCTCTATCAAACAGAACCTCTGACCAGTCAGATCCGGCAATGCCGACCAACGGACCAAGTTACCCTAGGGATAACAGCGCAATCCCCTTTTAGAGCCCATATCGACAAGGGGGT	asv.95_EE0528
16S	AGACGAGAAGACCCYdTGGAGCTT	GATCCAACATCGAGGTCGTAA	Vert-16S-eDNA-F1	Vert-16S-eDNA-R1	https://doi.org/10.1007/s12686-016-0550-y	Paired	NovaSeq6000	TAATTTATTAATGCAAACAGTACCTAACAAACCCACAGGTCCTAAACTACCAAACCTGCATTAAAAATTTCGGTTGGGGCGACCTCGGAGCAGAACCCAACCTCCGAGCAGTACATGCTAAGACTTCACCAGTCAAAGCGAACTACTATACTCAATTGATCCAATAACTTGACCAACGGAACAAGTTACCCTAGGGATAACAGCGCAATCCTATTCTAGAGTCCATATCAACAATAGGGC	asv.42_EE0528
16S	AGACGAGAAGACCCYdTGGAGCTT	GATCCAACATCGAGGTCGTAA	Vert-16S-eDNA-F1	Vert-16S-eDNA-R1	https://doi.org/10.1007/s12686-016-0550-y	Paired	NovaSeq6000	TAATTTATTAATGCAAACAGTACCTAACAAACCCACAGGTCCTAAACTACCAAACCTGCATTAAAAATTTCGGTTGGGGCGACCTCGGAGCAGAACCCAACCTCCGAGCAGTACATGCTAAGACTTCACCAGTCAAAGCGAACTACTATACTCAATTGATCCAATAACTTGACCAACGGAACAAGTTACCCTAGGGATAACAGCGCAATCCTATTCTAGGGTCCATATCAACAATAGGGT	asv.97_EE0539
16S	AGACGAGAAGACCCYdTGGAGCTT	GATCCAACATCGAGGTCGTAA	Vert-16S-eDNA-F1	Vert-16S-eDNA-R1	https://doi.org/10.1007/s12686-016-0550-y	Paired	NovaSeq6000	TAGACACCAAGGCAGCTCCTGGTTAAAAGGCTAGTTTAATAGCCTACAGTTTCCCTACTGCTCTGCTTTAATGTCTTTGGTTTGGGCGACCGCGGAGTAACACCTAACCTCCATGAGGACTGGGGCCTTTGCTCTACAACTAAGAGTGACAACTCTAAATAACAGAAAATCTGACCAAAATTGATCCGGCCCTGCCGATCAACGAACCCAGTTACCCCAGGGATAACAGCGCAATCCTCTTCTAGAGCCCATATCGACAAGGGGGT	asv.127_EE0528
16S	AGACGAGAAGACCCYdTGGAGCTT	GATCCAACATCGAGGTCGTAA	Vert-16S-eDNA-F1	Vert-16S-eDNA-R1	https://doi.org/10.1007/s12686-016-0550-y	Paired	NovaSeq6000	TAGACACCAAAGCAGACCATGTTAACCACCCCTAAATAAAGGACCAAACAATATTGAACCCTGCCCTAATGTCTTCGGTTGGGGCGACCACGGAGAAATAAAAAACCCCCGCGTGGAACAGGGATACTATCCCCACAATTACGAGCTTCCGCTCTATCAAACAGAACCTCTGACCAGTCAGATCCGGCAATGCCGACCAACGGACCAAGTTACCCTAGGGATAACAGCGCAATCCCCTTTTAGAGCCCATATCGACAAGGGGGT	asv.128_EE0526
16S	AGACGAGAAGACCCYdTGGAGCTT	GATCCAACATCGAGGTCGTAA	Vert-16S-eDNA-F1	Vert-16S-eDNA-R1	https://doi.org/10.1007/s12686-016-0550-y	Paired	NovaSeq6000	TAGACAAAAAATGGCCCCTGTATATAGACCTTAAAAAGTTAAAACAAAAGGCACCCCATTCTTATGTCTTTGGTTGGGGCGACCGCGGGGAAATATAAAACCCCCATGTGGTATTTGAAAATACTTCTTTAAACCTAGAGTGGCAACTCAAAGGAACAGAAATTCTGACCTAATATGACCCGGCACATTTCTGCCGATCAACGAAACTAGTTACCCCAGGGATAACAGCGCAATCCTCTCCCAGAGTCCATATCGACAAGAGGGT	asv.126_EE0528
16S	AGACGAGAAGACCCYdTGGAGCTT	GATCCAACATCGAGGTCGTAA	Vert-16S-eDNA-F1	Vert-16S-eDNA-R1	https://doi.org/10.1007/s12686-016-0550-y	Paired	NovaSeq6000	TAGACACCAAGGTAGATTTATGTTTAACCTTCTCCGACAAGAAAAGAAAAACTAAATAAACTCCTACCCTAATGTCTTTGGTTGGGGCGACCGTGGGGCACACAAAACCCCCACGTGGAGCAGGAGCACAACTACTCCCACAGCTAAGAGCTACCGTTCTAATAAGCAGAATTTCTGACCAATAATGATCCGACAGCGTCGATCAACGAACCGAGTTACCCTAGGGATAACAGCGCAATCTCCTTTTAGAGTCCATATCGACAAGGAGGT	asv.129_EE0528
16S	AGACGAGAAGACCCYdTGGAGCTT	GATCCAACATCGAGGTCGTAA	Vert-16S-eDNA-F1	Vert-16S-eDNA-R1	https://doi.org/10.1007/s12686-016-0550-y	Paired	NovaSeq6000	TAGACACTAAAGCAGACCATGTTAAGGAACCCCTAATAAGGGCCTGAACCTAGTGATTACTGCTCGACTGTCTTTGGTTGGGGCGACCACGGAGAAAAACGAAACCCCCGTGTGGAACAGGGGCAGCCCCCCTTAAACCCAGAGTGACAGCTCTAATAAACAGAACTTCTGACCAAGCACGATCCGGCAAAGCCGATCAACGGACCGAGTTACCCTAGGGATAACAGCGCAATCCCCTTCTAGAGCCCATATCGACAAGGGGGT	asv.130_EE0526
16S	AGACGAGAAGACCCYdTGGAGCTT	GATCCAACATCGAGGTCGTAA	Vert-16S-eDNA-F1	Vert-16S-eDNA-R1	https://doi.org/10.1007/s12686-016-0550-y	Paired	NovaSeq6000	GAGACACCAAAGCAGCCTTTGCCACAAGGCCTAGTTAAAGGCTAGTGAACTTCAACCCCCCTGCTTTAATGTCTTTGGTTGGGGCGACCGCGGAGTAGCATAAAACCTCCACGAAGATTGCAAGCATACGCTTTCTACAACCATGAGCGCCAGCTCTAAGTGCCAGAACATCTGTCTTAAACTCGATCCGGTCAGACCGATCAACGGACCCAGTTACCCCAGGGATAACAGCGCAATCCTCTTTTAGAGCCCATATCGACAAGAGGGT	asv.131_EE0528
16S	AGACGAGAAGACCCYdTGGAGCTT	GATCCAACATCGAGGTCGTAA	Vert-16S-eDNA-F1	Vert-16S-eDNA-R1	https://doi.org/10.1007/s12686-016-0550-y	Paired	NovaSeq6000	TAGACACTAAATCAGCCCTTGTCCATAACCCCCAATTAAGGGGCCGAACAATAGAGTGAGACCTGATCTGATGTCTTCGGTTGGGGTGACCTCGGGGAAAGAAAAAACCCCCGCGCGGAACAGGAGTACTACTCCCAAAACTGAGAGCCGCCACTCAAGGTACACAAAAATTTTGACCAACAATATGATCCAGCTTAACGCCGATCAACGGACTAAGTTACCCCAGGGATAACAGCGCAATCCTCTTCTAGAGCCCATATCGACAAGAGGGT	asv.132_EE0528
16S	AGACGAGAAGACCCYdTGGAGCTT	GATCCAACATCGAGGTCGTAA	Vert-16S-eDNA-F1	Vert-16S-eDNA-R1	https://doi.org/10.1007/s12686-016-0550-y	Paired	NovaSeq6000	AAGACTATAAATGGACCTAAAACACTCCTTCTATTTACTAAAGGAAGACAATCTGATTACCTTTTAATGTCTTTGGTTGGGGCGACCACGGGGGATAAAAAGCCCCCACGAGGACTAGGGAAAATTTCCTAAAACCAAGAGCTACAGCTCTAAGCAACAGAATATCTGACCTAAAAGATCCGGCAAAGCCGATCGACGAATCCAGTTACCCCAGGGATAACAGCGCAATCTTCTTCAAGAGCCCTTATCGACAAGAAGGT	asv.133_EE0528
16S	AGACGAGAAGACCCYdTGGAGCTT	GATCCAACATCGAGGTCGTAA	Vert-16S-eDNA-F1	Vert-16S-eDNA-R1	https://doi.org/10.1007/s12686-016-0550-y	Paired	NovaSeq6000	TAGACACCAAGACAGATCATGTTAAACACCCCCAATAAAGGCCCAAACTTAATGACCACCTGTCCTAATGTCTTCGGTTGGGGCGACCATGGGGCAGCACAAAACCCCCATGTGGATTGGGAGAACAAACCCAAAACCCTTTTCCCACACTCCCACAAGCAAGAGCTACAACTCTAACTAACAGAATCTCTGACCTCTTACGATCCGGCTCTCGCCGATCAACGGACCAAGTTACCCTAGGGATAACAGCGCAATCCCCTTTTAGAGCCCATATCGACAAGGGGGT	asv.134_EE0526
16S	AGACGAGAAGACCCYdTGGAGCTT	GATCCAACATCGAGGTCGTAA	Vert-16S-eDNA-F1	Vert-16S-eDNA-R1	https://doi.org/10.1007/s12686-016-0550-y	Paired	NovaSeq6000	TAGACAAAAAATGGAACCTGTAAATGTACCCTAAAAGTAAAAACAAAAGGTACCCCATTCTTATGTCTTTGGTTGGGGCGACCGCGGGGAACATAAAACCCCCATGTGGTATCTGAAAATACTTCTTTAAACATAGAGTGACAACTCAAAGAGACAGAAATTCTGACCTAATATGACCCGGCATATTACTGCCGATCAACGAAACTAGTTACCCCAGGGATAACAGCGCAATCCTCTCCCAGAGCCCATATCGACAAGAGGGT	asv.135_EE0528
16S	AGACGAGAAGACCCYdTGGAGCTT	GATCCAACATCGAGGTCGTAA	Vert-16S-eDNA-F1	Vert-16S-eDNA-R1	https://doi.org/10.1007/s12686-016-0550-y	Paired	NovaSeq6000	TCTTCTTTTAGCTGTTCCTGTTTTGGGTGGAGCTATCACTATGCTACTTACTGACCGTAACTTTGGAACTACATTTTTTGATCCAGCTGGTGGAGGTGACCCTGTTCTTTTCCAACACCTTTTCTGATTCTTTGGCCACCCCGAAGTCTA	asv.618_EE0524
16S	AGACGAGAAGACCCYdTGGAGCTT	GATCCAACATCGAGGTCGTAA	Vert-16S-eDNA-F1	Vert-16S-eDNA-R1	https://doi.org/10.1007/s12686-016-0550-y	Paired	NovaSeq6000	CAGATGCATAGCTGAATTACCCTTAAACCCCTAATTACAGGACCAAGTCAGGTAAAATTCTACTAAATATCTTTGGTTGGGGCGACCACGGAGCAAAAACAAACCTCCGCGAGGAATAGGACATACCCTATGATCCACGAACATCAGTTCTAAGAACCAAAACATTTGACCTTCAGATCCGGCTCTACCGATCAACGAACCGAGTTACCCTAGGGATAACAGCGCAATCCTCTTCAAGAGTTCATATCGACAAGAGGGT	asv.137_EE0528
16S	AGACGAGAAGACCCYdTGGAGCTT	GATCCAACATCGAGGTCGTAA	Vert-16S-eDNA-F1	Vert-16S-eDNA-R1	https://doi.org/10.1007/s12686-016-0550-y	Paired	NovaSeq6000	TAGACACTAAGACGGATCATGTTAATAAACCCTGCATAAAGGATTAAACAAGATGAACCCCGCCTGCATGTCTTTGGTTGGGGCGACCGCGGGGAAACAAATAACCCCCGTGTGGACTGGGAGAACTTCTCCTAAAAGCAAGAACCACAGTTCTAACTAACAGAACTTCTGACCTATAAGATCCGGCAGTGCCGATCAACGGACCGAGTTACCCTAGGGATAACAGCGCAATCCTCTTTGAGAGTCCATATCGATGAGAGGGT	asv.138_EE0528
16S	AGACGAGAAGACCCYdTGGAGCTT	GATCCAACATCGAGGTCGTAA	Vert-16S-eDNA-F1	Vert-16S-eDNA-R1	https://doi.org/10.1007/s12686-016-0550-y	Paired	NovaSeq6000	TAGACACTAAGTCAGCCCTTGTCCAAAACCCCTCTTAAGGGGCTGAACGATAGAGTGAGATCTGATCTGATGTCTTCGGTTGGGGCGACCTCGGGGAAAGAAAAAACCCCCGCGCGGAACAGGAGTACTACTCCCAAAACTGAGAGCCACCACTCAAAGTACCAGAAATTTTGACCAACAATATGATCCAGCTTAACGCCGATCAACGGACTAAGTTACCCCAGGGATAACAGCGCAATCCTCTTTTAGAGCCCATATCGACAAGAGGGT	asv.139_EE0526
16S	AGACGAGAAGACCCYdTGGAGCTT	GATCCAACATCGAGGTCGTAA	Vert-16S-eDNA-F1	Vert-16S-eDNA-R1	https://doi.org/10.1007/s12686-016-0550-y	Paired	NovaSeq6000	AAGACTATAAATGGACCTAAAACACTCCTTTTATTTACTAAAGGAAGACAATCTGATTACCTTTTAATGTCTTTGGTTGGGGCGACCACGGGGGATAAAAAGCCCCCACGAGGACTAGGGAAAATTTCCTAAAACCAAGAGCTACAGCTCTAAGCAACAGAATATCTGACCTAAAAGATCCGGCAAAGCCGATCGACGAATCCAGTTACCCCAGGGATAGCAGCGCAATCTTCTTCAAGAGCCCTTATCGACAAGAAGGT	asv.141_EE0528
16S	AGACGAGAAGACCCYdTGGAGCTT	GATCCAACATCGAGGTCGTAA	Vert-16S-eDNA-F1	Vert-16S-eDNA-R1	https://doi.org/10.1007/s12686-016-0550-y	Paired	NovaSeq6000	TAACTAACTAGTCCAAAAGAAATAAATTTAACCACCAAGGGATAACAACATCCTTTATGGACTAGCAGTTTTGGTTGGGGTGACCTCGGAGAACAAGAGATCCTCCGAGCGATTTTAAAGACTAGACTTACAAGTCAAATCAAATTATCGCTTATTGATCCAAAAAACTTGATCAACGGAACAAGTTACCCTAGGGATAACAGCGCAATCCTATTCAAGAGTCCATATCGACAATAGGGT	asv.59_EE0528
16S	AGACGAGAAGACCCYdTGGAGCTT	GATCCAACATCGAGGTCGTAA	Vert-16S-eDNA-F1	Vert-16S-eDNA-R1	https://doi.org/10.1007/s12686-016-0550-y	Paired	NovaSeq6000	TAGACACCAAGACAGCTTACGTCAAGAACCTCATACAAAAGATTGAACTACATAAATCCTGTCCTAATGTCTTCGGTTGGGGCGACCCTGGGGAGATAAAGAACCCCCATGAGGACTGGAGAGATATCTCCAAAACTAAGAGCTTCCGCTCTAAGAAGCAGAACTTCTGACCGCAAGATCCGGCAGCGCCGATCAACGGACCGAGTTACCCTAGGGATAACAGCGCAATCCCCTTCTAGAGCCCCTATCGACAAGGGGGT	asv.69_EE0526
16S	AGACGAGAAGACCCYdTGGAGCTT	GATCCAACATCGAGGTCGTAA	Vert-16S-eDNA-F1	Vert-16S-eDNA-R1	https://doi.org/10.1007/s12686-016-0550-y	Paired	NovaSeq6000	TAGACTCCAGAATAGACCATGTCAGCTATTCCCGTTAAACATAATAGCAACTATTGAGCCTCTGTTCTCTGTCTTTGGTTGGGGCGACCACGGGGAAGAAAAAATCCCCCATGTGGACCGGGAGCACCAATCTCACTCCCACAACCACGAGCCACAGCTCTAATGCGCAGAACTTCTGACCATATAGATCCGGCAACTAGCCGATCAACGGACCGAGTTACCCTAGGGATAACAGCGCAATCCCCTTTAAGAGTCCCTATCGACAAGGGGGT	asv.142_EE0528
16S	AGACGAGAAGACCCYdTGGAGCTT	GATCCAACATCGAGGTCGTAA	Vert-16S-eDNA-F1	Vert-16S-eDNA-R1	https://doi.org/10.1007/s12686-016-0550-y	Paired	NovaSeq6000	TAGACACCAAGACAGATTTTTGTCAAGTACCCCGAACTAATGGATTGAACCAATTAAGCCCTGTCCTTATGTCTTCGGTTGGGGCGACCGCGGGGAAATGAATAACCCCCACGTGGAATGGGAGCACCTCCTCCCACAACTAAGAGCCCCCGCTCTAATGACCAGGACTTCTGACCAATGAGATCCGGCAACGCCGATTAACGAACCAAGTTACCCCAGGGATAACAGCGCAATCCCCTTTTAGAGCCCATATCGACAAGGGGGT	asv.63_EE0526
16S	AGACGAGAAGACCCYdTGGAGCTT	GATCCAACATCGAGGTCGTAA	Vert-16S-eDNA-F1	Vert-16S-eDNA-R1	https://doi.org/10.1007/s12686-016-0550-y	Paired	NovaSeq6000	TAGACACTAAGCCAGACTTTGTTAAGCACCCCTTTCAAAGGACTAAACTAATTGCAACCTGGCCTGATGTCTTTGCTTGGGGCGACCTCGGGGAAACAAAAAACCCCCGCGTGGAATGGAAGAACTCCTCTTCTAGAACCAAGAGCTACCGCTCAAATTGACAGAATATCTGACCAATTACAGATCCGGCTTTAACACCGATCAACGGACCGAGTTACCCCAGGGATAACAGCGCAATCCTCTTTTAGAGCCCATATCGACAAGAGGGT	asv.143_EE0528
16S	AGACGAGAAGACCCYdTGGAGCTT	GATCCAACATCGAGGTCGTAA	Vert-16S-eDNA-F1	Vert-16S-eDNA-R1	https://doi.org/10.1007/s12686-016-0550-y	Paired	NovaSeq6000	CAGACACAAAAGTAGACTACGTTAATACCCTCCCCTGACCGAGACTAAACCAAGTAGCCCACTATTTTTTTGTCTTTGGTTGGGGCGACCGCGGGGAAATAAACAACCCCCATGTGGAAAGGGAAACCTCCTTTAAGACAAGGCCGACAGGCCAAGCAAGCAGAACATCTGACCAACACAGATCCGGCAAAGCCGATCAACGGACCCAGTTACCCTAGGGATAACAGCGCAATCCCCTTTTAGAGTCCCTATCGACAAGGGGGT	asv.144_EE0528
16S	AGACGAGAAGACCCYdTGGAGCTT	GATCCAACATCGAGGTCGTAA	Vert-16S-eDNA-F1	Vert-16S-eDNA-R1	https://doi.org/10.1007/s12686-016-0550-y	Paired	NovaSeq6000	TAGATACTAAGACAGATCACGTCACACACCCCTAAACAAAGGACTAAACCAAATGAAACCTGTCCTAATATCTTTGGTTGGGGCGACCGCGGGGAAATACAAAACCCCCATGTGGAATGGGAATACCCCTCCTACAATCCAGAGCTCCCGCTCTAACGAACAGAAAATCTGACCAATTAGATCCGGCAGTGCCGATCAACGAACCCAGTTACCCTAGGGATAACAGCGCAATCCCCTTCTAGAGCCCCTATCGACAAGGGGGT	asv.145_EE0526
16S	AGACGAGAAGACCCYdTGGAGCTT	GATCCAACATCGAGGTCGTAA	Vert-16S-eDNA-F1	Vert-16S-eDNA-R1	https://doi.org/10.1007/s12686-016-0550-y	Paired	NovaSeq6000	TAATTTATTAATGCAAACAGTACCTAACAAACCCACAGGTCCTAAACTACCAAACCTGCATTAAAAATTTCGGTTAGGGCGACCTCGGAGCAGAACCCAACCTCCGAGCAGTACATGCTAAGACTTCACCAGTCAAAGCGAACTACTATACTCAATTGATCCAATAACTTGACCAACGGAACAAGTTACCCTAGGGATAACAGCGCAATCCTATTCTAGAGTCCATATCAACAATAGGGT	asv.140_EE0539
16S	AGACGAGAAGACCCYdTGGAGCTT	GATCCAACATCGAGGTCGTAA	Vert-16S-eDNA-F1	Vert-16S-eDNA-R1	https://doi.org/10.1007/s12686-016-0550-y	Paired	NovaSeq6000	CAGACAAAAGAACAGACTATGTCAAAACCCCCAGACAAGGGAAAGAACCAATTAGACCCTGTCCTAATGTCTTTGGTTGGGGCGACCGCGGGGAAATGAAAATCCCCCATGTGGAATAGAGCCACACCTTCTACAACCGAGAGTAACAACTCTAAGCAACAGAAATTCTGACCATTATGATCCGGCACCGCCGATCAACGGAACGAGTTACCCCAGGGATAACAGCGCAATCCTCTTTTAGAGCCCATATCGACAAGAGGGT	asv.146_EE0526
16S	AGACGAGAAGACCCYdTGGAGCTT	GATCCAACATCGAGGTCGTAA	Vert-16S-eDNA-F1	Vert-16S-eDNA-R1	https://doi.org/10.1007/s12686-016-0550-y	Paired	NovaSeq6000	TAGACAACGGACAGACCATCGAACCATACCCTCAAATAAAAGAAACAAACCAACTGGGCCCTGTCCTGCTGTCTTTGGTTGGGGCGACCGCGGGGAAACAAAAAACCCCCATGTGGAACAGGAGATCTTCTCCTATAACCAAGACCCACAGCTCTAAGTTTCAGAACTTCTGACCAAAAAGATCCGGCAATGCCGATCAACGAACCGAGTTACCCTAGGGATAACAGCGCAATCTCCTTCTAGAGTCCATATCGACAAGGGGGT	asv.147_EE0526
16S	AGACGAGAAGACCCYdTGGAGCTT	GATCCAACATCGAGGTCGTAA	Vert-16S-eDNA-F1	Vert-16S-eDNA-R1	https://doi.org/10.1007/s12686-016-0550-y	Paired	NovaSeq6000	AAGACTATAAATGGACCTAAAACACTCCTTTTATTTACTAAAGGAAGACAATCTGATTACCTTTTAATGTCTTTGATTGGGGCGACCACGGGGGATAAAAAGCCCCCACGAGGACTAGGGAAAATTTCCTAAAACCAAGAGCTACAGCTCTAAGCAACAGAATATCTGACCTAAAAGATCCGGCAAAGCCGATCGACGAATCCAGTTACCCCAGGGATAACAGCGCAATCTTCTTCAAGAGCCCTTATCGACAAGAAGGT	asv.148_EE0528
16S	AGACGAGAAGACCCYdTGGAGCTT	GATCCAACATCGAGGTCGTAA	Vert-16S-eDNA-F1	Vert-16S-eDNA-R1	https://doi.org/10.1007/s12686-016-0550-y	Paired	NovaSeq6000	TAGACAAAAGCAGGCCATGTTAAGCACCCTTATATAAAAGACAAAACTCGATGCTTTCTGCCCTATGTCTTTGGTTGGGGTGACCGCGGCGAAACAAATAACCCCCGTGTAGAAAGAGGGCTCTGCCCTTCAAATCAAGAGCTCCCGCTCAAACTAACAGAACATCTGACTAAACAAGATCCGGCAACGCCGATCAACGGACCGAGTTACCCTAGGGATAACAGCGCAATCCCCTTCTAGAGCCCATATCGACAAGGGGGT	asv.149_EE0526
16S	AGACGAGAAGACCCYdTGGAGCTT	GATCCAACATCGAGGTCGTAA	Vert-16S-eDNA-F1	Vert-16S-eDNA-R1	https://doi.org/10.1007/s12686-016-0550-y	Paired	NovaSeq6000	TAGACACTAAGACGGATCATGTTAATAAACCCTGCATAAAGGATTAAACAAGATGAACCCCGTCTGCATGTCTTTGGTTGGGGCGACCGCGGGGAAACAAATAACCCCCGTGTGGACTGGGAGAACTTCTCCTAAAAGCAAGAACCACAGTTCTAACTAACAGAACTTCTGACCTATAAGATCCGGCAGTGTCGATCAACGGACCGAGTTACCCTAGGGATAACAGCGCAATCCTCTTTGAGAGTCCATATCGATGAGAGGGT	asv.150_EE0528
16S	AGACGAGAAGACCCYdTGGAGCTT	GATCCAACATCGAGGTCGTAA	Vert-16S-eDNA-F1	Vert-16S-eDNA-R1	https://doi.org/10.1007/s12686-016-0550-y	Paired	NovaSeq6000	TAGACGATGAAGGGCCCTTCCATTAAAATCTGAACCAACAGACCAAAATTAAAGAAAACCCCTTTTATGTCTTCGGTTGGGGCGACCGCGGGGTAGAAACAAACCCCCATGTGGAACATTTTTAAATATCTTTCAATAAAGAGTAACAACTCAAAATAACAGAACATCTGACCTAAGCTGATCCGGCCTACTGCCGATTAACGAAACCAGTTACCCCAGGGATAACAGCGCAATCCTCTCCCAGAGTCCATATCGACAAGAGGGT	asv.151_EE0526
16S	AGACGAGAAGACCCYdTGGAGCTT	GATCCAACATCGAGGTCGTAA	Vert-16S-eDNA-F1	Vert-16S-eDNA-R1	https://doi.org/10.1007/s12686-016-0550-y	Paired	NovaSeq6000	TAGACACCAAAGCAGACCATGTTAATTACCCCTAAACAAAGGACCAAACAATATTGAACCCTGCCCTAATGTCTTCGGTTGGGGCGACCACGGAGAAATAAAAAACCCCCGCGTGGAACAGGGATACCATCCCCACAATTGTGAGCCTCCGCTCTACCAAACAGAACTTCTGACCAATTAGATCCGGCAATGCCGACCAACGGACCAAGTTACCCTAGGGATAACAGCGCAATCCCCTTTTAGAGCCCATATCGACAAGGGGGT	asv.7_EE0528
16S	AGACGAGAAGACCCYdTGGAGCTT	GATCCAACATCGAGGTCGTAA	Vert-16S-eDNA-F1	Vert-16S-eDNA-R1	https://doi.org/10.1007/s12686-016-0550-y	Paired	NovaSeq6000	TAGACAACAGAGCAGACCATGTTAACACCCTCCCATTAAGAAGAAGAACTAATTGGATCCTGCCCTAATGTTTTTGGTTGGGGCGACCGCGGGGAAACAAAAATCCCCCACGTGGAATAGGAGCACCCCTCCTACAACCAAGAGCTACAGCTCTAAGCAACAGAAATTCTGACCATCAAGATCCGGCAACGCCGATCAACGAACCGAGTTACCCCAGGGATAACAGCGCAATCCTCTTTTAGAGCCCATATCGACAAGGGGGT	asv.152_EE0528
16S	AGACGAGAAGACCCYdTGGAGCTT	GATCCAACATCGAGGTCGTAA	Vert-16S-eDNA-F1	Vert-16S-eDNA-R1	https://doi.org/10.1007/s12686-016-0550-y	Paired	NovaSeq6000	TAATTTATTAATGCAAACAGTACCTAACAAACCCACAGGTCCTAAACTACGAAACCTGCATTAAAAATTTCGGTTGGGGCGACCTCGGAGCAGAACCCAACCTCCGAGCAGTACATGCTAAGACTTCACCAGTCAAAGCGAACTACTATACTCAATTGATCCAATAACTTGACCAACGGAACAAGTTACCCTAGGGATAACAGCGCAATCCTATTCTAGAGTCCATATCAACAATAGGGT	asv.153_EE0528
16S	AGACGAGAAGACCCYdTGGAGCTT	GATCCAACATCGAGGTCGTAA	Vert-16S-eDNA-F1	Vert-16S-eDNA-R1	https://doi.org/10.1007/s12686-016-0550-y	Paired	NovaSeq6000	CAGACACTAAAACAGCTCATGTTAAAAACCCTCACAAAAGAGGCCAAACTAGATGACCCCTGTCCTAATGTCTTTGGTTGGGGCGACCACGGGGCAATAAAAAACCCCCGCGCGGAACAGAAACACTGTTTCCAGAACCAAGAGCACCCGCTCTAAGTAACAAGACCCACTTGACCTTTGAGATCCGGCACAAGCCGATCAACGGACCGAGTTACCCTAGGGATAACAGCGCAATCTTCTTCGAGAGCTCATATCGACGAGAAGGT	asv.154_EE0528
16S	AGACGAGAAGACCCYdTGGAGCTT	GATCCAACATCGAGGTCGTAA	Vert-16S-eDNA-F1	Vert-16S-eDNA-R1	https://doi.org/10.1007/s12686-016-0550-y	Paired	NovaSeq6000	TAGACACTAAAACAGCCCATGTTAAGAACCCTCACATAAGAGCCCAAACTAGATGGCCCCTGTCCTAATGTCTTTGGTTGGGGCGACCACGGGGTAACAAAAAACCCCCGCGCGGAACAGAAACATTGTTTCCAAAACCAAGAGTACCCACTCTAAGTAACAAGACCTACTTGACCTTTGAGATCCGGCACTTAGCCGATCAACGGACCGAGTTACCCTAGGGATAACAGCGCAATCTTCTTCGAGAGTTCATATCGACGAGAGGGT	asv.155_EE0528
16S	AGACGAGAAGACCCYdTGGAGCTT	GATCCAACATCGAGGTCGTAA	Vert-16S-eDNA-F1	Vert-16S-eDNA-R1	https://doi.org/10.1007/s12686-016-0550-y	Paired	NovaSeq6000	TAGACACCAAGACAGCTCACGTCAAGAACCCCATAAAAAAGATTGAACTACATGAATCCTGTCCTAATGTCTTCGGTTGGGGCGACCCTGGGGAGATAAAGAACCCCCATGAGGACTGGAAAGATATTTCCAAAGCTAAGAGCTTCCGCTCTAAGAAGCAGAACTTCTGACCGCAAGATCCGGCAACGCCGATCAACGGACCGAGTTACCCTAGGGATAACAGCGCAATCCCCTTCTAGAGCCCATATCGACAAGGGGGT	asv.156_EE0526
16S	AGACGAGAAGACCCYdTGGAGCTT	GATCCAACATCGAGGTCGTAA	Vert-16S-eDNA-F1	Vert-16S-eDNA-R1	https://doi.org/10.1007/s12686-016-0550-y	Paired	NovaSeq6000	AAGACACCAAAGCAGGGCATGTTAAAAATTCCCATATAAGGAGATGAACCTAGTGGCCGCTGCCCTACTGTCTTTGGTTGGGGCGACCGCGGAGAAGAAAAAAACCCCCGTGTGGAACAGGGATAACCCCCCTTAAACCCAGAGTGTCAACTCTAACAAACAGAACTTCTGACCAATAAAAGATCCGGCAAAGCCGATCAACGGACCGAGTTACCCTAGGGATAACAGCGCAATCCCCTTCTAGAGCCCATATCGACAAGGGGGT	asv.157_EE0528
16S	AGACGAGAAGACCCYdTGGAGCTT	GATCCAACATCGAGGTCGTAA	Vert-16S-eDNA-F1	Vert-16S-eDNA-R1	https://doi.org/10.1007/s12686-016-0550-y	Paired	NovaSeq6000	TAGACTTCGGAACAGGTCATGTCAATTACCTCCTTAAACAAGTAATAACTATTGAACCTCTGTCTCCTGTCTTTGGTTGGGGCGACCACGGGGAAGAAAAAAACCCCCATGTGGACTGGGAGTACCCTCCTCCCACAACCATGAGCCACAGCTCTAATGCACAGAATTTCTGACCATAAGATCCGGCAAAGCCGATCAACGAACCGAGTTACCCTAGGGATAACAGCGCAATCCCCTTTAAGAGTCCATATCGACAAGGGGGT	asv.81_EE0526
16S	AGACGAGAAGACCCYdTGGAGCTT	GATCCAACATCGAGGTCGTAA	Vert-16S-eDNA-F1	Vert-16S-eDNA-R1	https://doi.org/10.1007/s12686-016-0550-y	Paired	NovaSeq6000	CAGACCCGGATTTAGTTATGTAAAATATTCTCAATAAAAATAAACTTAATAATTTAATTTTAGGGTCTTAGGTTGGGGCGACCACGGAGTAAAATATACCCTCCACGAAGAAGGGGCCTTATAGCCCTGAAACTACGACAAGCCTGTCTAAGCAACAGAATTTCTGACTTTATTAGATCCGACCCACAAGTCGACTAACGGACCAAGTTACCCTAGGGATAACAGCGCAATCCTCTCCCAGAGCCCATATCGACGAGAGGGT	asv.158_EE0528
16S	AGACGAGAAGACCCYdTGGAGCTT	GATCCAACATCGAGGTCGTAA	Vert-16S-eDNA-F1	Vert-16S-eDNA-R1	https://doi.org/10.1007/s12686-016-0550-y	Paired	NovaSeq6000	CAGACACAAAAATAGACTACGTTAATACCCTCCCCTAACCGAGACTAAACCAAGTAGCCCACTATTTTTTTGTCTTTGGTTGGGGCGACCGCGGGGAAATAAACAACCCCCATGTGGAAAAGGAAACCTCCTTTAAGACAAGGCCGACAGGCCAAGCAAGCAGAACATCTGACCAATACAGATCCGGCAAAGCCGATCAACGGACCCAGTTACCCTAGGGATAACAGCGCAATCCCCTTTTAGAGTCCCTATCGACAAGGGGGT	asv.159_EE0528
16S	AGACGAGAAGACCCYdTGGAGCTT	GATCCAACATCGAGGTCGTAA	Vert-16S-eDNA-F1	Vert-16S-eDNA-R1	https://doi.org/10.1007/s12686-016-0550-y	Paired	NovaSeq6000	TAAGTGTAAGACAGACTATGCCCAAGCACCATTATCACTGGAATAGGCTATTAGATACTGCGCTTCGCTTTTGGTTGGGGCGACCCCGGGTGACTAATCAACACCTATTTTTAAGGAAAGGGACTATTCTAGAACCCAAGCTGAGAGCTACAACTCGAATAATTAAAACATTTAACCAAAATGATCCGGCAAGCCCGATCGACGAATCAAGTTACCCTAGGGATAACAGCGCAATTCCTTTCTAGAGTTCTTATCGACGAAGGAGT	asv.160_EE0528
16S	AGACGAGAAGACCCYdTGGAGCTT	GATCCAACATCGAGGTCGTAA	Vert-16S-eDNA-F1	Vert-16S-eDNA-R1	https://doi.org/10.1007/s12686-016-0550-y	Paired	NovaSeq6000	TCTTCTTTTAGCTGTTCCTGTTTTGGGCGGAGCTATCACTATGTTACTCACTGACCGAAACTTTGGAACTACATTTTTTGATCCAGCTGGTGGAGGTGACCCCGTTCTTTTCCAACACCTTTTCTGATTTTTCGGCCACCCCGAAGTCTA	asv.621_EE0524
16S	AGACGAGAAGACCCYdTGGAGCTT	GATCCAACATCGAGGTCGTAA	Vert-16S-eDNA-F1	Vert-16S-eDNA-R1	https://doi.org/10.1007/s12686-016-0550-y	Paired	NovaSeq6000	TAGACACTAAATCAGCCCTTGTCCATAACCCCCAATAAAGGGGCCGAACAATAGAGTGAGACCTGATCTGATGTCTTCGGTTGGGGTGACCTCGGGGAAAGAAAAAACCCCCGCGCGGAACAGGAGTACTACTCCCAAAACTGAGAGCCGCCACTCAAGGTACACAAAAATTTTGACCAACAATATGATCCAGCTTAACGCCGATCAACGGACTAAGTTACCCCAGGGATAACAGCGCAATCCTCTTCTAGAGCCCATATCGACAAGAGGGT	asv.161_EE0526
16S	AGACGAGAAGACCCYdTGGAGCTT	GATCCAACATCGAGGTCGTAA	Vert-16S-eDNA-F1	Vert-16S-eDNA-R1	https://doi.org/10.1007/s12686-016-0550-y	Paired	NovaSeq6000	TAGACAATAAATAGAGCCTGTTAAGAAACTCACAATTACAGATATAAACAAAAAGTTCACCTATTTTGCTGTCTTTGGTTGGGGCGACCGCGGGGTAATAACCAACCCCCATGAGGAATATGAATATACTTCTTCAAACCAAGAATGTCAATTCAAAGTAACAGAACATCTGACCTATAATGACCCGCCTCCAAGGCGATCAACGGAACTAGTTACCCCAGGGATAACAGCGCAATCCTTTCCCAGAGTCCATATCGACGAAAGGGT	asv.162_EE0526
16S	AGACGAGAAGACCCYdTGGAGCTT	GATCCAACATCGAGGTCGTAA	Vert-16S-eDNA-F1	Vert-16S-eDNA-R1	https://doi.org/10.1007/s12686-016-0550-y	Paired	NovaSeq6000	TAGACACTAAGACGAATCATGTTAAGTACCTCTAAATAAAGAACTAAACCAGATGAACCTCGCCCTATATGTCTTTGGTTGGGGCGACCGCGGGGAAATACAAAACCCCCACGTGGAATGGGAACACCCCTCCTACAACTCAGAGCTCCCGCTCTAATAAACAGAATTTCTGACCAATCAGATCCGGCGAAGCCGATCAACGGACCGAGTTACCCTAGGGATAACAGCGCAATCCCCTTCTAGAGCCCATATCGACAAGGGGGT	asv.163_EE0526
16S	AGACGAGAAGACCCYdTGGAGCTT	GATCCAACATCGAGGTCGTAA	Vert-16S-eDNA-F1	Vert-16S-eDNA-R1	https://doi.org/10.1007/s12686-016-0550-y	Paired	NovaSeq6000	TAGACACCAAGACAGCTTACGTCAAGAACCTTATACAAAAGATTGAACTACATAAATCCTGTCCTAATGTCTTCGGTTGGGGCGACCCTGGGGAGATAAATAACCCCCATGAGGACTGGAGAGATATCTCCAAAACTAAGAGCTTCCGCTCTAAGAAGCAGAACTTCTGACCGCAAGATCCGGCAGCGCCGATCAACGGACCGAGTTACCCTAGGGATAACAGCGCAATCCCCTTCTAGAGCCCCTATCGACAAGGGGGT	asv.164_EE0528
16S	AGACGAGAAGACCCYdTGGAGCTT	GATCCAACATCGAGGTCGTAA	Vert-16S-eDNA-F1	Vert-16S-eDNA-R1	https://doi.org/10.1007/s12686-016-0550-y	Paired	NovaSeq6000	TAGACCCTCGCAGCAGACCACGTCAAAACCTTTAAACCACTAAAACTAAACAGAGTGTCCTCCTGCTACAGGTCTTTGGTTGGGGCGACCGCGGAGAAACAACCAACCCCCGCGTGGTACGGGCCACCCCCCTAAAGCCAGAGCCACCGCTCTAACGAGCAGAATATCTGACCTTCAAGATCCGGCATCGCCGATTAACGGACCGAGTTACCCTAGGGATAACAGCGCAATCCTCTTTCAGAGCCCATATCGACAAGAGGGT	asv.165_EE0528
16S	AGACGAGAAGACCCYdTGGAGCTT	GATCCAACATCGAGGTCGTAA	Vert-16S-eDNA-F1	Vert-16S-eDNA-R1	https://doi.org/10.1007/s12686-016-0550-y	Paired	NovaSeq6000	CAGACACTAAGACAGCTCATGTTAAGAACCCTCACAAAAGAGACCAAACTAGATGACCCCTGTCCTAATGTCTTTGGTTGGGGCGACCACGGGGTAACAAAAAACCCCCGCGCGGAACAGAAACACTGTTTCCAGAACCAAGAGCACCCGCTCTAAGTAACAAGACCCACTTGACCTTTGAGATCCGGCACAAGCCGATCAACGGACCGAGTTACCCTAGGGATAACAGCGCAATCTTCTTCGAGAGTTCATATCGACGAGAAGGT	asv.74_EE0526
16S	AGACGAGAAGACCCYdTGGAGCTT	GATCCAACATCGAGGTCGTAA	Vert-16S-eDNA-F1	Vert-16S-eDNA-R1	https://doi.org/10.1007/s12686-016-0550-y	Paired	NovaSeq6000	TAGACAAAGAATGGAGCCTGTAAAGAAAATACTTAATAAAACAAAAGGATCCCCATTATTATGTCTTTGGTTGGGGCGACCGCGGGGTAACGAAAAACCCCCATGTGGTATTTGAAAAATATTCTTTAAACTAAGAGTGGCAACTCAAAGAAACAGAATGTCTGACCTAAAATGACCCGGTATACTATTTACCGATCAACGAAACTAGTTACCCCAGGGATAACAGCGCAATCCTCTCCCAGAGTCCATATCGACGAGAGGGT	asv.166_EE0528
16S	AGACGAGAAGACCCYdTGGAGCTT	GATCCAACATCGAGGTCGTAA	Vert-16S-eDNA-F1	Vert-16S-eDNA-R1	https://doi.org/10.1007/s12686-016-0550-y	Paired	NovaSeq6000	AAGACTATAAATGGACCTAAAACACTCCTTTTATTTACTAAAGGAAGACAATCTGATTACCTTTTAATGTCTTTGGTTGGGGCGACCACGGGGGATAAAAAGCCCCCACGAGGACTAGGGAAAATTTCCTAAAACCAAGAGCTACAGCTCTAAGCAACAGAATATCTGACCTAAAAGATCCGGCAAAGCCGATCGACGAATCCAGTTACCCCAGGGATAACAGCGCAATCTTCTTCAACAGCCCTTATCGACAAGAAGGT	asv.167_EE0528
16S	AGACGAGAAGACCCYdTGGAGCTT	GATCCAACATCGAGGTCGTAA	Vert-16S-eDNA-F1	Vert-16S-eDNA-R1	https://doi.org/10.1007/s12686-016-0550-y	Paired	NovaSeq6000	TAGACACTAAAGCAGACCATGTTAAGGAGCCCCTGATAAGGGCCTGAACCTAGTGATTGCTGCTCGACTGTCTTTGGTTGGGGCGACCACGGAGAAAAACGAAACCCCCGTGTGGAATAGGGGCAGCCCCCCTTAAACCCAGAGTGACAGCTCTAATAAACAGAACTTCTGACCAAACACGATCCGGCAAAGCCGATCAACGGACCGAGTTACCCTAGGGATAACAGCGCAATCCCCTTCTAGAGCCCATATCGACAAGGGGGT	asv.168_EE0526
16S	AGACGAGAAGACCCYdTGGAGCTT	GATCCAACATCGAGGTCGTAA	Vert-16S-eDNA-F1	Vert-16S-eDNA-R1	https://doi.org/10.1007/s12686-016-0550-y	Paired	NovaSeq6000	TAGACAATAAGTAGTGCCTGTAAAGACTTAACAACGCTAAAACAAAAGGTATATCTATTTTGATGTCTTCGGTTGGGGCGACCGCGGGGAAACAAAAAACCCCCACGTGGAATATGAACTTCTTCTTTCAACCAAGAGAGCCATCTCTAAGTACCAGAACATCTGACCTTCTTGACCCGGCACTCGCCGATCAACGAAACCAGTTACCCCAGGGATAACAGCGCAATCCCCTCCCAGAGCCCATATCGACGAGGGGGT	asv.169_EE0526
16S	AGACGAGAAGACCCYdTGGAGCTT	GATCCAACATCGAGGTCGTAA	Vert-16S-eDNA-F1	Vert-16S-eDNA-R1	https://doi.org/10.1007/s12686-016-0550-y	Paired	NovaSeq6000	TAGACAAAAGACAGACCATGTTAAGCACCCTCAAATAAGAGACCAAACTTGATGTTTACTGCCCTAATGTCTTTGGTTGGGGTGACCGCGGCGAAATAAATGACCCCCGTGTAGAAAGAGGGCTCACTCCCTTCGAATCAAGAGCTTCCGCTCAAATAAACAGAACATCTGACTAAATAAGATCCGGCAACGCCGATCAACGGACCGAGTTACCCTAGGGATAACAGCGCAATCCCCTTCTAGAGCCCATATCGACAAGGGGGT	asv.171_EE0528
16S	AGACGAGAAGACCCYdTGGAGCTT	GATCCAACATCGAGGTCGTAA	Vert-16S-eDNA-F1	Vert-16S-eDNA-R1	https://doi.org/10.1007/s12686-016-0550-y	Paired	NovaSeq6000	AAGGACGAAGGAGACGGATTAAGAACTGGACCAGCTGAATTATGGAGCTCGTGCTCCCCGAGCTCAATCACAAAACTTAGATTCAATCCCACTCTCCCCCTCCTTTAGTTGGGGCAACCGCTGAGAAAAAGAACCCTCCGCACCAAATTACTTTTCCAGGACAACGTGTCCAAAACCTTAAACTTGAAGGAACGTGATCCGGCTCCAGCCGATCAATAGACTAAGTTACCGTAGGGATAACAGCGTAATCCCTCCTAAGAGCCCGCATTGCCGGAGGGGT	asv.172_EE0528
16S	AGACGAGAAGACCCYdTGGAGCTT	GATCCAACATCGAGGTCGTAA	Vert-16S-eDNA-F1	Vert-16S-eDNA-R1	https://doi.org/10.1007/s12686-016-0550-y	Paired	NovaSeq6000	TAGACACTAAGACGGATCATGTTAATAAACCCTATATAAAGGATTAAACAAGATGAACCCCGCCCGCATGTCTTTGGTTGGGGCGACCGCGGGGAAACAAATAACCCCCGTGTGGACTGGGAGAACTTCTCCTAAAAGCAAGAACTACAGTTCTAACTAACAGAACTTCTGACCTATATGATCCGGCAATGCCGATCAACGGACCGAGTTACCCTAGGGATAACAGCGCAATCCTCTTTGAGAGTTCATATCGATGAGTGGGT	asv.107_EE0526
16S	AGACGAGAAGACCCYdTGGAGCTT	GATCCAACATCGAGGTCGTAA	Vert-16S-eDNA-F1	Vert-16S-eDNA-R1	https://doi.org/10.1007/s12686-016-0550-y	Paired	NovaSeq6000	GTCGGTAAAACTCGTGCCGCAGCCGCGGTAATACGAAGGGTGCAAGCGTTAATCGGAATTACTGGGCGTAAAGCGCGCGTAGGTGGTTCAGCAAGTTGGATGTGAAATCCCCGGGCTCAACCTGGGAACTGCATCCAAAACTACTGAGCTAGAGTACGGTAGAGGGTGGTGGAATTTCCTGTGTAGCGGTGAAATGCGTA	asv.345_EE0524
16S	AGACGAGAAGACCCYdTGGAGCTT	GATCCAACATCGAGGTCGTAA	Vert-16S-eDNA-F1	Vert-16S-eDNA-R1	https://doi.org/10.1007/s12686-016-0550-y	Paired	NovaSeq6000	TAGACACCAGGACAGACCATGTTAAGGCCCCTGCAATACCAGGAATAAACCCCAGGGCCCCTGTTCTCCTGTCTTTGGTTGGGGCGACCGCGGGGAAATACAAAACCCCCACGAGGAACGGGAAACTACCCCTAAACTCAGAGCCACAGCTCTAGTTAACAGAACATCTGACTTTAAGATCCGGCACTGCCGATCAACGGACCGAGTTACCCTAGGGATAACAGCGCAATCCCCTTTTAGAGCCCATATCGACAAGGGGGT	asv.173_EE0526
16S	AGACGAGAAGACCCYdTGGAGCTT	GATCCAACATCGAGGTCGTAA	Vert-16S-eDNA-F1	Vert-16S-eDNA-R1	https://doi.org/10.1007/s12686-016-0550-y	Paired	NovaSeq6000	TAGACACCAGGGCAGGTCATGTTAAGAACCCCTATGTTAAAAGACAAAACAAGATGAACACTGCCCACATGTCTTTGGTTGGGGCGACCGCGGGGAAACAAACAACCCCCATGTGGACCGGGAGAACTTCTCCTAAAAGCAAGAACCGCAGTTCTAACTAACAGAACTTCTGACCTTTAAGATCCGGCTAGTGCCGATCAACAGACCGAGTTACCCTAGGGATAACAGCGCAATCCCCTTTGAGAGCCCATATCGATGAGGGGGT	asv.174_EE0528
16S	AGACGAGAAGACCCYdTGGAGCTT	GATCCAACATCGAGGTCGTAA	Vert-16S-eDNA-F1	Vert-16S-eDNA-R1	https://doi.org/10.1007/s12686-016-0550-y	Paired	NovaSeq6000	TAATTTATTAATGCAAACAAAGCTCAAATAAGCCCACAGGCCTTAAACTACTGTCCCTGCATTAAAAATTTTGGTTGAGGTGACCTCGGAGCATAATTTAACCTCCGAGCAACCTATGCTAAGACTAAACAAGTTTACGTGAATTACTATACATATATTGACCCAATAATTTGATCAACGGAACAAGTTACCCTAGAGATAACAGCGCAATCCTATTCTAGAGTCCATATCGACAATAGGGT	asv.82_EE0528
16S	AGACGAGAAGACCCYdTGGAGCTT	GATCCAACATCGAGGTCGTAA	Vert-16S-eDNA-F1	Vert-16S-eDNA-R1	https://doi.org/10.1007/s12686-016-0550-y	Paired	NovaSeq6000	TCTACGCATTTCACCGCTACACCTGAAATTCTACCCCCCTCTACAGTACTCTAGTCTGCCAGTTTCAAATGCTATTCCGAGGTTGAGCCCCGGGCTTTCACATCTGACTTAACAAACCACCTGCATGCGCTTTACGCCCAGTAATTCCGA	asv.619_EE0524
16S	AGACGAGAAGACCCYdTGGAGCTT	GATCCAACATCGAGGTCGTAA	Vert-16S-eDNA-F1	Vert-16S-eDNA-R1	https://doi.org/10.1007/s12686-016-0550-y	Paired	NovaSeq6000	TAGACAAAGAATGGACCCTGTAAATTAACTCTTTAAAAGTACAAACATAAAAGGAACCCATTCCTATGTCTTTGGTTGGGGCGACCGCGGGGAAACACGAAACCCCCACGTGGTATTTAAGAATACTTCTTTGAACCTAGAGCGACAACTCAAAGTAACAAAAATTTTGACCTTTATGACCCGGCACTTTCATGCCGATCAACGAAACTAGTTACCCCAGGGATAACAGCGCAATCCTCTCCCAGAGCCCATATCGACAAGAGGGT	asv.175_EE0526
16S	AGACGAGAAGACCCYdTGGAGCTT	GATCCAACATCGAGGTCGTAA	Vert-16S-eDNA-F1	Vert-16S-eDNA-R1	https://doi.org/10.1007/s12686-016-0550-y	Paired	NovaSeq6000	TAGACTTCGGAACAGGTCATGTCAATTACCTCCTTAAACAAGTAATAACTATTGAACCTCTGTCTCCTGTCTTTGGTTGGGGCGACCACGGGGAAGAAAAAAACCCCCATGTGGACTGGGAGCACCCTCCTCCCACAACCATGAGCCACAGCTCTAATGCACAGAATTTCTGACCATAAGATCCGGCAAAGCCGATCAACGAACCGAGTTACCCTAGGGATAACAGCGCAATCCCCTTTAAGGGTCCATATCGACAAGGGGGT	asv.170_EE0528
16S	AGACGAGAAGACCCYdTGGAGCTT	GATCCAACATCGAGGTCGTAA	Vert-16S-eDNA-F1	Vert-16S-eDNA-R1	https://doi.org/10.1007/s12686-016-0550-y	Paired	NovaSeq6000	TAGACACTAAGCCAGACTTTGTTAAGCACCCCTTTCAAAGGACTAAACTAATTGCAACCTGGCCTGATGTCTTTGGTTGGGGCGACCTCGGGGAAACAAAAAATCCCCGCGTGGAATGGAAGAACTCCTCTTCTAGAACCAAGAGCTACCGCTCAAATTGACAGAATATCTGACCAATTACAGATCCGGCTTTAACGCCGATCAACGGACCGAGTTACCCCAGGGATAACAGCGCAATCCTCTTTTAGAGCCCATATCGACAAGAGGGT	asv.176_EE0526
16S	AGACGAGAAGACCCYdTGGAGCTT	GATCCAACATCGAGGTCGTAA	Vert-16S-eDNA-F1	Vert-16S-eDNA-R1	https://doi.org/10.1007/s12686-016-0550-y	Paired	NovaSeq6000	TAGACACCAAAGCAGACCATGTTAATTATCCCTAAACAAAGGACTAAACAATATTGAACCCTGCCCTAATGTCTTCGGTTGGGGCGACCACGGAGAAATAAAAAACCCCCGCGTGGAATAGGGATACTATCCTGACAATCACGAGCCTCCGCTCTACTAAACAGAACCTCTGACCTCTCAGATCCGGCAATGCCGACCAACGGACCAAGTTACCCTAGGGATAACAGCGCAATCCCCTTTTAGAGCCCATATCGACAAGGGGGT	asv.177_EE0528
16S	AGACGAGAAGACCCYdTGGAGCTT	GATCCAACATCGAGGTCGTAA	Vert-16S-eDNA-F1	Vert-16S-eDNA-R1	https://doi.org/10.1007/s12686-016-0550-y	Paired	NovaSeq6000	TAGACACCAAGGCAGATCATGTTAAGAACCACTACGTTAAGAGACAAAACAAGATGAACACTGCCCACATGTCTTTGGTTGGGGCGACCGCGGGGAAAGAAACAACCCCCATGAGGACCGGGAGAACTTCTCCTAAAAGCAAGAACCGCAGTTCTAACTAACAGAACTTCTGACTTTATAGATCCGGCTTACGCCGATCAACGGACCGAGTTACCCTAGGGATAACAGCGCAATCCCCTTTAAGGGACCATATCGATGAGGGGGT	asv.178_EE0528
16S	AGACGAGAAGACCCYdTGGAGCTT	GATCCAACATCGAGGTCGTAA	Vert-16S-eDNA-F1	Vert-16S-eDNA-R1	https://doi.org/10.1007/s12686-016-0550-y	Paired	NovaSeq6000	TAAGTGTAAGACAGACTATGCCCAAGCACCATTATCACTGGAATAAGCTATTAGATACTGCGCTTCGCTTTTGGTTGGGGCGACCCCGGGTGACTAATCAACACCTATTTTTAAGCAAAGGGACTATTCTAGAACCCAAGCTGAGAGCTACAACTCGAATAATTAAAACATTTAACCAAAATGATCCGGCAAGCCCGATCGACGAATCAAGTTACCCTAGGGATAACAGCGCAATTCCTTTCTAGAGTTCTTATCGACGAAGGAGT	asv.179_EE0528
16S	AGACGAGAAGACCCYdTGGAGCTT	GATCCAACATCGAGGTCGTAA	Vert-16S-eDNA-F1	Vert-16S-eDNA-R1	https://doi.org/10.1007/s12686-016-0550-y	Paired	NovaSeq6000	TACTGAGGGCTTAGAATTTTCTATAAGCGGGACAGTTTTGTTGGGGCGACAGTTTTTTAAAAAGTAACAAAAACGAACTATGGCTTAGCTTCACCCTGAAAAATTTTTTAAGGGACATTTTTGGTGTGTTTTATGATCCGTTGTTTGGAATGAAAAAAACAACGAAAACAAATAAAAGTTACCCTGGGGATAACAGCGCAATAACGTTTGAGAGTTAATCAACGACGGTGT	asv.136_EE0528
16S	AGACGAGAAGACCCYdTGGAGCTT	GATCCAACATCGAGGTCGTAA	Vert-16S-eDNA-F1	Vert-16S-eDNA-R1	https://doi.org/10.1007/s12686-016-0550-y	Paired	NovaSeq6000	TAGACACTAAAGCAGACCATGTCAAAGACCCCCACTAAGGGATTGAACCAGTTGGACTCCTGCCAAAATGTCTTTGGTTGGGGCGACCTCGGGGAAATAAAAAACCCCCGCGCGGAATAGGAGTACTCCACTCCCAAAACCAAGAGTCACCACTCTAAATAACAGAATTTCTGACCATCATGATCCGGCAATGCCGATCAACGGACCGAGTTACCCCAGGGATAACAGCGCAATCCTCTTTTAGAGCCCATATCGACAAGGGGGT	asv.180_EE0526
16S	AGACGAGAAGACCCYdTGGAGCTT	GATCCAACATCGAGGTCGTAA	Vert-16S-eDNA-F1	Vert-16S-eDNA-R1	https://doi.org/10.1007/s12686-016-0550-y	Paired	NovaSeq6000	GTTGGTAAATCTCGTGCCAGCAGCCGCGGTAATACGAAGGGTGCAAGCGTTAATCGGAATTACTGGGCGTAAAGCGCGCGTAGGTGGTTCAGCAAGTTGGATGTGAAATCCCCGGGCTCAACCTGGGAACTGCATCCAAAACTACTGAGCTAGAGTACGGTAGAGGGTGGTGGAATTTCCTGTGTAGCGGTGAAATGCGT	asv.346_EE0524
16S	AGACGAGAAGACCCYdTGGAGCTT	GATCCAACATCGAGGTCGTAA	Vert-16S-eDNA-F1	Vert-16S-eDNA-R1	https://doi.org/10.1007/s12686-016-0550-y	Paired	NovaSeq6000	TAGACACTAAGACGGATCATGTTAATAAACCCTATATAAAGGATTAAACAAGATGAACCCCGCCCGCATGTCTTTGGTTGGGGCGACCGCGGGGAAACAAATAACCCCCGTGTGGACTGGGAGAACTTCTCCTAAAAGCAAGAACTACAGTTCTAACTAACAGAACTTCTGACCTATATGATCCGGCAATGCCGATCAACGGACCGAGTTACCCTAGGGATAACAGCGCAATCCTCTTTGAGAGTTCATATCGATGAGTGGGT	asv.107_EE0528
16S	AGACGAGAAGACCCYdTGGAGCTT	GATCCAACATCGAGGTCGTAA	Vert-16S-eDNA-F1	Vert-16S-eDNA-R1	https://doi.org/10.1007/s12686-016-0550-y	Paired	NovaSeq6000	TAGACACCAAAGCAGACCATGCTAATCACCCCTAAACAAAGGACTAAACAATATTGAACCCTGCCCTAATGTCTTCGGTTGGGGCGACCACGGAGAAATAAAAAACCCCCGCGTGGAACAGGGATACTATCCCCACAATCACGAGCCTCCGCTCTACTAAACAGAACCTCTGACCAACCAGATCCGGCAATGCCGACCAACGGACCAAGTTACCCTAGGGATAACAGCGCAATCCCCTTTTAGAGCCCATATCGACAAGGGGGT	asv.181_EE0528
16S	AGACGAGAAGACCCYdTGGAGCTT	GATCCAACATCGAGGTCGTAA	Vert-16S-eDNA-F1	Vert-16S-eDNA-R1	https://doi.org/10.1007/s12686-016-0550-y	Paired	NovaSeq6000	GAGACGTCAGGGCAGCCCATGCAGACAACCTTCACCACGAAGTGAACCAGCATAATGGACCCTGCTCTAGTGTCTTCGGTTGGGGCGACCATGGGGAACACCAAACCCCCATGAAGAAAGGGAGCACTCATAACGGAGCTTTCCACCAAACCTACAATAATACTCCTAAAAACCAGAGCACCCACTCTGGTTAACGAAACATTCGACTTAGACTGATCCGGGCATACCGATCAACGAACCAAGTTACCCCAGGGATAACAGCGCCATCCCCTTCCAGAGCCCATATCGCCAAGGGGGT	asv.182_EE0528
16S	AGACGAGAAGACCCYdTGGAGCTT	GATCCAACATCGAGGTCGTAA	Vert-16S-eDNA-F1	Vert-16S-eDNA-R1	https://doi.org/10.1007/s12686-016-0550-y	Paired	NovaSeq6000	AGTGAGGTATCTAATCTCAGTTTGTTTCGCAGCTTTCGTGGGGTCAGGGGAAGTAAAGTCACTTTCGTGGTGGGGCTTCTTACCTTCGGAAACGTATAACAGTTCTGAGGGCGTTCGGCTTTAGTTTAATGGGTTCCTTAACCACTCTTTACGCCGTTGTCTATCAACTTGAGCCTCTCGTATAACCGCGGTGGCTGGCA	asv.341_EE0526
16S	AGACGAGAAGACCCYdTGGAGCTT	GATCCAACATCGAGGTCGTAA	Vert-16S-eDNA-F1	Vert-16S-eDNA-R1	https://doi.org/10.1007/s12686-016-0550-y	Paired	NovaSeq6000	TAGACTTCGGAACAGGTCATGTCAACTACCTCCTTAAACAAGTAATAACTATTGAACCTCTGTCTCCTGTCTTTGGTTGGGGCGACCACGTGGAAGAAAAAAACCCCCATGTGGACTGGGAGCACCCTCCTCCCACAACCATGAGCCACAGCTCTAATGCACAGAATTTCTGACCATAAGATCCGGCAAAGCCGATCAACGAACCGAGTTACCCTAGGGATAACAGCGCAATCCCCTTTAAGAGTCCATATCGACAAGGGGGT	asv.183_EE0528
16S	AGACGAGAAGACCCYdTGGAGCTT	GATCCAACATCGAGGTCGTAA	Vert-16S-eDNA-F1	Vert-16S-eDNA-R1	https://doi.org/10.1007/s12686-016-0550-y	Paired	NovaSeq6000	TAGACTTCAGAACAGGCCATGTAAGCTACCTCCATAAAATAGGTAATAACTATTGAATCTCTGTTCCCCTGTCTTCGGTTGGGGCGACCACGGGGAATAAAAAAACCCCCACGTGGACCAGGAGCACATTACTCCTACAACCATGAGCCACAGCTCTAATGCACAAAACATTTGACCAATAGATCCGGCAAAGCCGATCAACGGACCAAGTTACCCTAGGGATAACAGCGCAATCCCCTTTAAGAGTCCATATCGACAAGGGGGT	asv.117_EE0524
16S	AGACGAGAAGACCCYdTGGAGCTT	GATCCAACATCGAGGTCGTAA	Vert-16S-eDNA-F1	Vert-16S-eDNA-R1	https://doi.org/10.1007/s12686-016-0550-y	Paired	NovaSeq6000	TAGACACCAAGGCAGATCATGTTAAGAACCACTACGTTAAGAGACAAAACAAGATGAACACTGCCCACATGTCTTTGGTTGGGGCGACCGCGGGGAAAGAAACAACCCCCATGAGGACCGGGAGAACTTCTCCTAAAAGCAAGAACCGCAGTTCTAACTAACAGAACTTCTGACTTTATAGATCCGGCTTACGCCGATCAACGGACCGAGTTACCCTAGGGATAACAGCGCAATCCCCTTTAAGAGACCATATCGATGAGGGGGT	asv.184_EE0528
16S	AGACGAGAAGACCCYdTGGAGCTT	GATCCAACATCGAGGTCGTAA	Vert-16S-eDNA-F1	Vert-16S-eDNA-R1	https://doi.org/10.1007/s12686-016-0550-y	Paired	NovaSeq6000	TAGACAAAGAATGGAGCCTGTAAAGAAAATACTTAATAAAACAAAAGGACCCCCATTATTATGTCTTTGGTTGGGGCGACCGCGGGGTAACGAAAAACCCCCATGTGGTATTTGAAAAATATTCTTTAAACTAAGAGTGGCAACTCAAAGAAACAGAATGTCTGACCTAAAATGACCCGGTATACTATTTACCGATCAACGAAAATAGTTACCCCAGGGATAACAGCGCAATCCTCTCCCAGAGTCCATATCGACGAGAGGGT	asv.185_EE0526
16S	AGACGAGAAGACCCYdTGGAGCTT	GATCCAACATCGAGGTCGTAA	Vert-16S-eDNA-F1	Vert-16S-eDNA-R1	https://doi.org/10.1007/s12686-016-0550-y	Paired	NovaSeq6000	TCTTCTTTTAGCTGTTCCTGTTTTGGGTGGAGCTATCACTATGCTACTTACTGACCGTAACTTTGGAACTACATTTTTTGATCCAGCTGGTGGAGGTGACCCTGTTCTTTTCCAACACCTTTTCTGATTTTTTGGCCACCCCGAAGTCTA	asv.624_EE0524
16S	AGACGAGAAGACCCYdTGGAGCTT	GATCCAACATCGAGGTCGTAA	Vert-16S-eDNA-F1	Vert-16S-eDNA-R1	https://doi.org/10.1007/s12686-016-0550-y	Paired	NovaSeq6000	CAGACACTAAAACAGCCCATGTTAAAAACCCTCACAAAAGAGACCAAACTAGATGATCCCTGTCCTAATGTCTTTGGTTGGGGCGACCACGGAGTAGCAAAAAACCCCCGCGCGGAACAGAAACACTGTTTCCAGAACCAAGAGCACCCGCTCTAAGTAACAAGACCCACTTGACCTTTGAGATCCGGCACAAGCCGATCAACGGACCGAGTTACCCTAGGGATAACAGCGCAATCTTCTTCGAGAGTTCATATCGACGAGAAGGT	asv.186_EE0526
16S	AGACGAGAAGACCCYdTGGAGCTT	GATCCAACATCGAGGTCGTAA	Vert-16S-eDNA-F1	Vert-16S-eDNA-R1	https://doi.org/10.1007/s12686-016-0550-y	Paired	NovaSeq6000	TAGACACCAAAGCAGACCATGTTAATTACCCCTAAACAAAGGCCCGAACAATATTGAACCCTGCCCTAATGTCTTCGGTTGGGGCGACCACGGAGAAATAAAAAACCCCCGCGTGGAATAGGGATACTATCCCCACAGTCACGAGCTTCCGCTCTATCAAACAGGACCTCTGACCAACCAGATCCGGCAATGCCGACCAACGGACCAAGTTACCCTAGGGATAACAGCGCAATCCCCTTTTAGAGCCCATATCGACAAGGGGGT	asv.187_EE0528
16S	AGACGAGAAGACCCYdTGGAGCTT	GATCCAACATCGAGGTCGTAA	Vert-16S-eDNA-F1	Vert-16S-eDNA-R1	https://doi.org/10.1007/s12686-016-0550-y	Paired	NovaSeq6000	TAGACACTAAAGCAGACCATGTTAAGGAACCCCTAATAAGGGCCTGAACCTAGTGATTACTGCTCGACTGTCTTTGGTTGGGGCGACCACGGAGAAAAACGAAACCCCCGTGTGGAATAGGGGCAGCCCCCCTTAAACCCAGAGTGACAGCTCTAATAAACAGAACTTCTGACCAAACACGATCCGGCAAAGCCGATCAACGGACCGAGTTACCCTAGGGATAACAGCGCAATCCCCTTCTAGAGCCCATATCGACAAGGGGGT	asv.188_EE0526
16S	AGACGAGAAGACCCYdTGGAGCTT	GATCCAACATCGAGGTCGTAA	Vert-16S-eDNA-F1	Vert-16S-eDNA-R1	https://doi.org/10.1007/s12686-016-0550-y	Paired	NovaSeq6000	TAGACACCAAAGCAGACCATGTTAATTACCCCTAAACAAAGGACCAAACAATATTGAACCCTGCCCTAATGTCTTCGGTTGGGGCGACCACGGAGAAATAAAAAACCCCCGCATGGAACAGGGATACCATCCCCACAATTGTGAGCCTCCGCTCTACCAAACAGAACTTCTGACCAATTAGATCCGGCAATGCCGACCAACGGACCAAGTTACCCTAGGGATAACAGCGCAATCCCCTTTTAGAGCCCATATCGACAAGGGGGT	asv.189_EE0526
16S	AGACGAGAAGACCCYdTGGAGCTT	GATCCAACATCGAGGTCGTAA	Vert-16S-eDNA-F1	Vert-16S-eDNA-R1	https://doi.org/10.1007/s12686-016-0550-y	Paired	NovaSeq6000	AGTGAGGTATCTAATCTCAGTTTGTGTCCTAGCTTTCGTGGGTTCATTTTAGTTAAAGCCACTTTCGTTGGGGGTCTTCCTGCCTTCGGGTACGTATAACGGCCTTGAAGGTGTTCGGCTTTAGTTTATGTTGTATTAACCACTCTTTACGCCGGTTTTTGTCAACTTGGGCCTCTCGTATAACCGCGGTGGCTGGCACG	asv.348_EE0524
16S	AGACGAGAAGACCCYdTGGAGCTT	GATCCAACATCGAGGTCGTAA	Vert-16S-eDNA-F1	Vert-16S-eDNA-R1	https://doi.org/10.1007/s12686-016-0550-y	Paired	NovaSeq6000	CTGTGAGCAACATAGTAATTGCTCCAGCTAATACAGGAAGTGAGAGAAGTAATAAAAATGCAGTAATAAGAACAGCCCATACAAATAGTGGGAGTCTGTGCATACTAAGACCTGGTCCTCTCATGTTAAAAATGGTGGTAATAAAATTAA	asv.625_EE0524
16S	AGACGAGAAGACCCYdTGGAGCTT	GATCCAACATCGAGGTCGTAA	Vert-16S-eDNA-F1	Vert-16S-eDNA-R1	https://doi.org/10.1007/s12686-016-0550-y	Paired	NovaSeq6000	TAGACTTCGGAACAGGTCATGTCAATTACCTCCTTAAACAAGTAATAACTATTGAACCTCTGTCTCCTGTCTTTGGTTGGGGCGACCACGGGGAAGAAAAAAACCCCCATGTGGACTGGGAGCACCCTCCTCCCACAACCATGAGCCACAGCTCTAATGCACGGAATTTCTGACCGTAAGATCCGGCAAAGCCGATCAACGAACCGAGTTACCCTAGGGATAACAGCGCAATCCCCTTTAAGAGTCCATATCGACAAGGGGGT	asv.190_EE0528
16S	AGACGAGAAGACCCYdTGGAGCTT	GATCCAACATCGAGGTCGTAA	Vert-16S-eDNA-F1	Vert-16S-eDNA-R1	https://doi.org/10.1007/s12686-016-0550-y	Paired	NovaSeq6000	TAGACACCAAGGCAGACCATGTTAATTACCCCTAAACAAAGGACTAAACAATATTGAACCCTGCCCTAATGTCTTCGGTTGGGGCGACCACGGAGAAATAAAAAACCCCCGCGTGGAATAGGGATACTATCCCCAAAGCTACGAGCCTCCGCTCTATCAAACAGAACCTCTGACCAATCAGATCCGGCAATGCCGACCAACGGACCAAGTTACCCTAGGGATAACAGCGCAATCCCCTTCTAGAGCCCATATCGACAAGGGGGT	asv.191_EE0526
16S	AGACGAGAAGACCCYdTGGAGCTT	GATCCAACATCGAGGTCGTAA	Vert-16S-eDNA-F1	Vert-16S-eDNA-R1	https://doi.org/10.1007/s12686-016-0550-y	Paired	NovaSeq6000	TAGGCGACAAGCAGACCGTACCAAACAACCCTGATAAAGGAATAAAACATGCGTAAACCTGCCCTAATGCCTTTGGTTGGGGCGACCGCGGGGAAACAAAAAACCCCCATGTGGAATGGGACTAACCGTCCTCCAAAAAAGAGCCCCCGCTCTAAAAAACAGAACATCTGACCTTAAGATCCGGCAGAGCCGATCAACGAACCGAGTTACCCTAGGGATAACAGCGCAATCCTCTTTCAGAGCTCATATCGACAAGAGGGT	asv.192_EE0526
16S	AGACGAGAAGACCCYdTGGAGCTT	GATCCAACATCGAGGTCGTAA	Vert-16S-eDNA-F1	Vert-16S-eDNA-R1	https://doi.org/10.1007/s12686-016-0550-y	Paired	NovaSeq6000	TAGACACCAAGGCAGGTCATGTTAAGAACCACTAAGCTAAAAGACTAAACAAGATGAACACTGCCCACATGTCTTTGGTTGGGGCGACCGTGGGGAAACAAACAACCCCCATGTGGACCGGGAGAACTTCTCCTAAAAGCAAGAACCGCAGTTCTAACTAACAGAACTTCTGACCTTTAAGATCCGGCTTACGCCGATCAACGGACCGAGTTACCCTAGGGATAACAGCGCAATCCCCTTTGAGAGCCCATATCGATGAGGGGGT	asv.193_EE0526
16S	AGACGAGAAGACCCYdTGGAGCTT	GATCCAACATCGAGGTCGTAA	Vert-16S-eDNA-F1	Vert-16S-eDNA-R1	https://doi.org/10.1007/s12686-016-0550-y	Paired	NovaSeq6000	TAGACACTAAAGCAGACCATGTTAATCACCCCTAAATAAAGGACCAAACAATATTGAACCCTGCCCTAATGTCTTCGGTTGGGGCGACCACGGAGAAATAAAAAACCCCCGCGTGGAACAGGGATACTATCCCCACAATTAAGAGCCTCCGCTCTATCAAACAGAACCTCTGACCAATCAGATCCGGCAATGCCGACCAACGGACCAAGTTACCCTAGGGATAACAGCGCAATCCCCTTTTAGAGCCCATATCGACAAGGGGGT	asv.194_EE0526
16S	AGACGAGAAGACCCYdTGGAGCTT	GATCCAACATCGAGGTCGTAA	Vert-16S-eDNA-F1	Vert-16S-eDNA-R1	https://doi.org/10.1007/s12686-016-0550-y	Paired	NovaSeq6000	TAGACACTAAATCAGCCCTTGTCCATAAACCCCAGCTAAGGGCCTGAACGATAGAGTGAGCCCTGATCTGATGTCTTCGGTTGGGGCGACCTCGGAGTAATAAAAAACCTCCGCGCGGAACGGGAGTACTACTCCTATAACTAAGAGCCGCCACTCAAAGTACCAGAAATTTTGACCAACAATATGATCCAGCTTAACGCCGATCAACGGACTAAGTTACCCCAGGGATAACAGCGCAATCCTCTTTTAGAGCCCATATCGACAAGAGGGT	asv.195_EE0526
16S	AGACGAGAAGACCCYdTGGAGCTT	GATCCAACATCGAGGTCGTAA	Vert-16S-eDNA-F1	Vert-16S-eDNA-R1	https://doi.org/10.1007/s12686-016-0550-y	Paired	NovaSeq6000	TAGACGAAGGAGGAAGCCCTTGTTAAAAAGCCTTTATAATAGGCTTTAACCCACGGGATTTTCCCTTTATGTCTTTGGTTGGGGCGACCGCGGGGAAAAGAATAACCCCCATGTTGACTGAGGAGAGAACCTTCTTAAATGTGAGAGTTACCGCTCAAGCTCGCAGAAATTTTGACCAAAAGATCCGGCACAGCCGATCGACGGACCCAGTTACCCCGGGGATAACAGCGCAATCCTCTTCTAGAGGCCATATCGACAAGAGGGC	asv.72_EE0526
16S	AGACGAGAAGACCCYdTGGAGCTT	GATCCAACATCGAGGTCGTAA	Vert-16S-eDNA-F1	Vert-16S-eDNA-R1	https://doi.org/10.1007/s12686-016-0550-y	Paired	NovaSeq6000	TAGACACTAAAGCAGATCAGCATTAATTCTCCAGATATGGAGCACGAATAAACTGAACCCTGCCCTAATGTCTTAGGTTGGGGCGACCGCGGAGAAATAAAAAACCCCCGCAAGGACCGAATGTACTACATTCACAACCAAGAGCGACAGCTCTAATCAACAGATACTTCTGACCAGTAAGATCCGGCAACGCCGATCAATGGACCAAGTTACCCTAGGGATAACAGCGCAATCTCCTCTTAGAGCCCGTATCAACGAGGAGGT	asv.196_EE0528
16S	AGACGAGAAGACCCYdTGGAGCTT	GATCCAACATCGAGGTCGTAA	Vert-16S-eDNA-F1	Vert-16S-eDNA-R1	https://doi.org/10.1007/s12686-016-0550-y	Paired	NovaSeq6000	TAGACTTCAGAACAGGCCATGTAAGCTACCTCCATAAAATAGGTAATAACTATTGAATCTCTGTTCCCCTGTCTTCGGTTGGGGCGACCACGGGGAATAAAAAAACCCCCACGTGGACCAGGAGCACATTACTCCTACAACCATGAGCCACAGCTCTAATGCACAAAACATTTGACCAATAGATCCGGCAAAGCCGATCAACGGACCAAGTTACCCTAGGGATAACAGCGCAATCCCCTTTAAGAGTCCATATCGACAAGGGGGT	asv.117_EE0526
16S	AGACGAGAAGACCCYdTGGAGCTT	GATCCAACATCGAGGTCGTAA	Vert-16S-eDNA-F1	Vert-16S-eDNA-R1	https://doi.org/10.1007/s12686-016-0550-y	Paired	NovaSeq6000	TAGATACTAAGACAGATCACGTCACACACCCCTAAACAAAGGACTAAACCAAGTGAAACCTGTCCTAATATCTTTGGTTGGGGCGACCGCGGGGAAATACAAAACCCCCATGTGGAATGGGAATACCCCTCCTACAATCCAGAGCTCCCGCTCTAACGAACAGAAAATCTGACCAATTAGATCCGGCAGTACCGATCAACGAACCCAGTTACCCTAGGGATAACAGCGCAATCCCCTTCTAGAGCCCCTATCGACAAGGGGGT	asv.197_EE0526
16S	AGACGAGAAGACCCYdTGGAGCTT	GATCCAACATCGAGGTCGTAA	Vert-16S-eDNA-F1	Vert-16S-eDNA-R1	https://doi.org/10.1007/s12686-016-0550-y	Paired	NovaSeq6000	TAGACACTAAGACGGATCATGTTAATAAACCCTGCATAAAGGATTAAACAAGATGAACCCCGTCTGCATGTCTTTGGTTAGGGCGACCGCGGGGAAACAAATAACCCCCGTGTGGACTGGGAGAACTTCTCCTAAAAGCAAGAACCACAGTTCTAACTAACAGAACTTCTGACCTATAAGATCCGGCAGTGCCGATCAACGGACCGAGTTACCCTAGGGATAACAGCGCAATCCTCTTTGAGAGTCCATATCGATGAGAGGGT	asv.198_EE0528
16S	AGACGAGAAGACCCYdTGGAGCTT	GATCCAACATCGAGGTCGTAA	Vert-16S-eDNA-F1	Vert-16S-eDNA-R1	https://doi.org/10.1007/s12686-016-0550-y	Paired	NovaSeq6000	GTTGGTAAATCTCGTGCCAGCAGCCGCGGTAATACGGGAGGGGCAAGCGTTATCCGAAATGACTGGGCGTAAAGAGTCCGTAGACTGTACTGTAAGTTATTTGTTAAATCCTAAAGCTCAACTTTAGAACAGCTTATAATACTACTTTACTTGAGTTTTGTTCAGAAGAGTAGAATTCCATGTTTAGGGATAAGCCCCGT	asv.343_EE0528
16S	AGACGAGAAGACCCYdTGGAGCTT	GATCCAACATCGAGGTCGTAA	Vert-16S-eDNA-F1	Vert-16S-eDNA-R1	https://doi.org/10.1007/s12686-016-0550-y	Paired	NovaSeq6000	CAGACAAAAGAACAGACTATGTCAAAACCCCCAGACAAGGAAAAGAACCAATTAGACCCTGTCCTAATGTCTTCGGTTGGGGCGACCGCGGGGAAATGAAAATCCCCCATGTGGAATAGAGCCACACCTTCTACAACCGAGAGTAACAACTCTAAGCAACAGAAATTCTGACCATTATGATCCGGCACCGCCGATCAACGGAACGAGTTACCCCAGGGATAACAGCGCAATCCTCTTTTAGAGCCCATATCGACAAGAGGGT	asv.199_EE0528
16S	AGACGAGAAGACCCYdTGGAGCTT	GATCCAACATCGAGGTCGTAA	Vert-16S-eDNA-F1	Vert-16S-eDNA-R1	https://doi.org/10.1007/s12686-016-0550-y	Paired	NovaSeq6000	ACTTCTTTTAGCTGTTCCTGTTTTGGGTGGAGCTATCACTATGCTACTTACTGACCGTAACTTTGGGACTACATTTTTTGATCCCGCTGGTGGAGGTGACCCTGTTCTTTTCCAACACCTTTTCTGATTCTTTGGCCACCCCGAGGTCTA	asv.629_EE0524
16S	AGACGAGAAGACCCYdTGGAGCTT	GATCCAACATCGAGGTCGTAA	Vert-16S-eDNA-F1	Vert-16S-eDNA-R1	https://doi.org/10.1007/s12686-016-0550-y	Paired	NovaSeq6000	AGTGAGGTATCTAATCTCAGTTTGTTTCCTAGCTTTCGTGGATTCAGAAGGGTTAAAGCCACTTTCGTAGGGGGGCTTCATGCTCTCGGGAACGTATAACAGTTTTGAGAGTGTTCAGCTTTAGTTTTGGTTTTCTCTTAACCACTCTTTACGCCGATGGCTATCAACTTGGACCTCTCGTATAACCGCGGTGGCTGGCA	asv.351_EE0526
16S	AGACGAGAAGACCCYdTGGAGCTT	GATCCAACATCGAGGTCGTAA	Vert-16S-eDNA-F1	Vert-16S-eDNA-R1	https://doi.org/10.1007/s12686-016-0550-y	Paired	NovaSeq6000	TTTATTACTTCTCTCACTTCCTGTATTAGCTGGAGCAATTACTATGTTGCTCACAGACCGTAACTTTAATACATCTTTCTTTGATCCTGCTGGAGGAGGAGATCCTATTTTATTCCAACACCTTTTTTGATTCTTCGGCCACCCCGAGGT	asv.630_EE0524
16S	AGACGAGAAGACCCYdTGGAGCTT	GATCCAACATCGAGGTCGTAA	Vert-16S-eDNA-F1	Vert-16S-eDNA-R1	https://doi.org/10.1007/s12686-016-0550-y	Paired	NovaSeq6000	ACTTCTTTTAGCTGTTCCTGTTTTGGGTGGAGCTATCACTATGCTACTTACTGACCGTAACTTTGGGACTACATTTTTTGATCCCGCTGGTGGAGGTGACCCTGTTCTTTTCCAACACCTTTTCTGATTCTTCGGCCACCCCGAGGTCTA	asv.631_EE0524
16S	AGACGAGAAGACCCYdTGGAGCTT	GATCCAACATCGAGGTCGTAA	Vert-16S-eDNA-F1	Vert-16S-eDNA-R1	https://doi.org/10.1007/s12686-016-0550-y	Paired	NovaSeq6000	AGTGAGGTATCTAATCTCAGTTTGTGTCTTAGCTTTCGTGGCCTCAATAACATAAAGTCACTTTCGTAGTGGGGATTCTAGTTCTCAGGAACGTATAACAGTTCTGAAAATATTCGTCTTTAATTCAAAGTAATATTAACCACTCTTTACGCCGAGGGTCTATCAACTTGGGCCTCTCGTATAACCGCGGTGGCTGGCAC	asv.344_EE0526
16S	AGACGAGAAGACCCYdTGGAGCTT	GATCCAACATCGAGGTCGTAA	Vert-16S-eDNA-F1	Vert-16S-eDNA-R1	https://doi.org/10.1007/s12686-016-0550-y	Paired	NovaSeq6000	TAGTTGGGCTTCATACCTCCGAACACGTATTACAGTCTTGGAGGCGTTCGGCTTTAGTGGGGAGGGATTACTTAACCACTCTTTACGCCGATGTCTATCAACTTGGGCCTCTCGTATAACCGCGGTGGCTGGCACGAAATTTACCAACCC	asv.623_EE0528
16S	AGACGAGAAGACCCYdTGGAGCTT	GATCCAACATCGAGGTCGTAA	Vert-16S-eDNA-F1	Vert-16S-eDNA-R1	https://doi.org/10.1007/s12686-016-0550-y	Paired	NovaSeq6000	TCTACGCATTTCACCGCTACACCTGGAATTCTACCCCCCTCTACAAGACTCTAGCCTGCCAGTTTCGAATGCAGTTCCCAGGTTGAGCCCGGGGATTTCACATCCGACTTGACAGACCGCCTGCGTGCGCTTTACGCCCAGTAATTCCGA	asv.632_EE0524
16S	AGACGAGAAGACCCYdTGGAGCTT	GATCCAACATCGAGGTCGTAA	Vert-16S-eDNA-F1	Vert-16S-eDNA-R1	https://doi.org/10.1007/s12686-016-0550-y	Paired	NovaSeq6000	TAGACACTAAATCAGCCCTTGTCCATAAACCCCAGCTAAGGGCCTGAACGATAGAGTGAGCCCTGATCTGATGTCTTCGGTTGGGGCGACCTCGGAGTAATAAAAAACCTCCGCGCGGAACGGGAGTACTACTCCTATAACTAAGAGCCGCCACTCAAAGTACCAGAAATTTTGACCAACAATATGATCCAGCTTAGCGCCGATCAACGGACTAAGTTACCCCAGGGATAACAGCGCAATCCTCTTTTAGAGCCCATATCGACAAGAGGGT	asv.200_EE0526
16S	AGACGAGAAGACCCYdTGGAGCTT	GATCCAACATCGAGGTCGTAA	Vert-16S-eDNA-F1	Vert-16S-eDNA-R1	https://doi.org/10.1007/s12686-016-0550-y	Paired	NovaSeq6000	TTAGGCGAATGATCAAGCACACCAAACCCTGGTTTAAACCAAATCCTAGGGACATACGAAGCCAATGATCAAAATGCCTTCGGTTGGGGCGACCTTGGAGAAAAAACAAGCCTCCAAGTGGAATGGGAAAACCCTTTAACTAAGAGTAACAGCTCGAAGTACCAGAAATTCTGACCAAACATGACCCAGGTTACACCTGATCAACGAACTGAGTTACCCTAGGGATAACAGCGCAATCCCCTCCCAGAGTCCATATCGACGAGGGGGT	asv.202_EE0528
16S	AGACGAGAAGACCCYdTGGAGCTT	GATCCAACATCGAGGTCGTAA	Vert-16S-eDNA-F1	Vert-16S-eDNA-R1	https://doi.org/10.1007/s12686-016-0550-y	Paired	NovaSeq6000	TAGACAAAGAATGGAGCCTGTAAAGAAAATACTTAATAAAACAAAAGGACCCCCATTATTATGTCTTTGGTTGGGGCGACCGCGGGGTAACGAAAAACCCCCATGTGGTATTTGAAAAATATTCTTTAAACTAAGAGTGGCAGCTCAAAGAAACAGAATGTCTGACCTAAAATGACCCGGTATACTATTTACCGATCAACGAAACTAGTTACCCCAGGGATAACAGCGCAATCCTCTCCCAGAGTCCATATCGACGAGAGGGT	asv.203_EE0526
16S	AGACGAGAAGACCCYdTGGAGCTT	GATCCAACATCGAGGTCGTAA	Vert-16S-eDNA-F1	Vert-16S-eDNA-R1	https://doi.org/10.1007/s12686-016-0550-y	Paired	NovaSeq6000	AAGCGCCAGTGGAGCACCTGCGAAGCGACCGAGGCTCGCCAGCACCATCACCAACACAAATTGCGGCACGCTTACGTCGCTCGGCCAGCTTAAACGTGAATTCGCGGCGCAACAGATGCGCACCAGCAGCAACAGAGTGACGGGCGGTGT	asv.635_EE0526
16S	AGACGAGAAGACCCYdTGGAGCTT	GATCCAACATCGAGGTCGTAA	Vert-16S-eDNA-F1	Vert-16S-eDNA-R1	https://doi.org/10.1007/s12686-016-0550-y	Paired	NovaSeq6000	TAGACACCAAAGCAGACCATGTTAATTATTCCTAAACAAAGGACTAAACAATATTGAACCCTGCCCTAATGTCTTCGGTTGGGGCGACCACGGAGAAATAAAAAACCCCCGCGTGGAATAGGGATACTATCCTGACAATCACGAGCCTCCGCTCTACTAAACAGAACCTCTGACCTTTTAGATCCGGCAATGCCGACCAACGGACCAAGTTACCCTAGGGATAACAGCGCAATCCCCTTTTAGAGCCCATATCGACAAGGGGGT	asv.204_EE0528
16S	AGACGAGAAGACCCYdTGGAGCTT	GATCCAACATCGAGGTCGTAA	Vert-16S-eDNA-F1	Vert-16S-eDNA-R1	https://doi.org/10.1007/s12686-016-0550-y	Paired	NovaSeq6000	TAGACACCAAGGCAGATCATGTTAAACACCCCTTCACAAAGGACTAAACCAGATGAACCCTGCCCTAATGTCTTTGGTTGGGGCGACCGCGGGGAAACAGAAAACCCCCACGTGGAATGGGAACACTCCTTCCTACAACTAAGAGCTCCCGCTCTAATGACCAGAACTTCTGACCAATTAGATCCGGCAACGCCGATCAACGAACCGAGTTACCCTAGGGATAACAGCGCAATCCCCTTTTAGAGCCCATATCGACAAGGGGGT	asv.205_EE0526
16S	AGACGAGAAGACCCYdTGGAGCTT	GATCCAACATCGAGGTCGTAA	Vert-16S-eDNA-F1	Vert-16S-eDNA-R1	https://doi.org/10.1007/s12686-016-0550-y	Paired	NovaSeq6000	AGTGAGGTATCTAATCTCAGTTTGTGCCCTAGCTTTCGTGGGTTCAGTTAGTTTAAAGCCACTTTCGTGATTGGGCTTCTGACCTTCGGGTGCGTATAACAGCTTTGAAGGTGTTTGGCTTTAGTAAAGTATAGTACTTAACCACTCTTTACGCCGATTGTCTGTCAACTTGGGTCTCTCGTATAACCGCGGTGGCTGGC	asv.353_EE0526
16S	AGACGAGAAGACCCYdTGGAGCTT	GATCCAACATCGAGGTCGTAA	Vert-16S-eDNA-F1	Vert-16S-eDNA-R1	https://doi.org/10.1007/s12686-016-0550-y	Paired	NovaSeq6000	TAGACACTAAGACGAATCATGTTAAGTACCTCTAAATAAAGAACCAAACCAGATGAACCTCGCCCTATATGTCTTTGGTTGGGGCGACCGCGGGGAAATACAAAACTCCCACGTGGAATGGGAACACCCCTCCTACAACTCAGAGCTCCCGCTCTAATAAACAGAATTTCTGACCAATCAGATCCGGCGAAGCCGATCAACGGACCGAGTTACCCTAGGGATAACAGCGCAATCCCCTTCTAGAGCCCATATCGACAAGGGGGT	asv.201_EE0528
16S	AGACGAGAAGACCCYdTGGAGCTT	GATCCAACATCGAGGTCGTAA	Vert-16S-eDNA-F1	Vert-16S-eDNA-R1	https://doi.org/10.1007/s12686-016-0550-y	Paired	NovaSeq6000	AGTGAGGTATCTAATCTCAGTTTGTACCCTGGCTTTCGTGGGTTCGGGGTGGGGTAAAGCCACTTTCGTGGTGGGGCTTCGAGTATCTCGGGAGCGTATAACAGCATTGAGAACGTTCGGCTTTATTTTTTAGTAACCCTTAACCACCCTTTACGCCGAATCCTATCAACTTGGGCCTCTCGTATAACCGCGGTTGCTGG	asv.354_EE0528
16S	AGACGAGAAGACCCYdTGGAGCTT	GATCCAACATCGAGGTCGTAA	Vert-16S-eDNA-F1	Vert-16S-eDNA-R1	https://doi.org/10.1007/s12686-016-0550-y	Paired	NovaSeq6000	TAGACACCAAAGCAGACCATGTTAATCACCCCTAAATAAAGGACCAAACAATATTGAACCCTGCCCTAATGTCTTCGGTTGGGGCGACCACGGAGAAATAAAAAACCCCCGCGTGGAACAGGGATACTACCCCCACAATTACGAGCTTCCGCTCTATCAAACAGAACCTCTGACCAGTCAGATCCGGCAATGCCGACCAACGGACCAAGTTACCCTAGGGATAACAGCGCAATCCCCTTTTAGAGCCCATATCGACAAGGGGGT	asv.95_EE0526
16S	AGACGAGAAGACCCYdTGGAGCTT	GATCCAACATCGAGGTCGTAA	Vert-16S-eDNA-F1	Vert-16S-eDNA-R1	https://doi.org/10.1007/s12686-016-0550-y	Paired	NovaSeq6000	TAGACACTAAGACAGTTTACGTCAAATTTCCCTGCATAAAGAATCGAACTAAATAAGTCCTGTCCTAATGTCTTTGGTTGGGGCGACCCCGGGGAGATAAAGAACCCCCATGTGGAGTGGAAATATATTTCCAAAGCCAAGAGCCACCGCTCTAAGAAGCAGAACTTCTGACCAAACTAGATCCGGCAAAGCCGATCAACGGACCGAGTTACCCTAGGGATAACAGCGCAATCCCCTTCTAGAGTCCCTATCGACAAGGGGGT	asv.206_EE0526
16S	AGACGAGAAGACCCYdTGGAGCTT	GATCCAACATCGAGGTCGTAA	Vert-16S-eDNA-F1	Vert-16S-eDNA-R1	https://doi.org/10.1007/s12686-016-0550-y	Paired	NovaSeq6000	TAGACACTAAGACGGATCATGTTAATAAACCCTGCATAAAGGATTAAACAAGATGAACCCCGTCTGAATGTCTTTGGTTGGGGCGACCGCGGGGAAACAAATAACCCCCGTGTGGACTGGGAGAACTTCTCCTAAAAGCAAGAACCACAGTTCTAACTAACAGAACTTCTGACCTATAAGATCCGGCAGTGCCGATCAACGGACCGAGTTACCCTAGGGATAACAGCGCAATCCTCTTTGAGAGTCCATATCGATGAGAGGGT	asv.207_EE0528
16S	AGACGAGAAGACCCYdTGGAGCTT	GATCCAACATCGAGGTCGTAA	Vert-16S-eDNA-F1	Vert-16S-eDNA-R1	https://doi.org/10.1007/s12686-016-0550-y	Paired	NovaSeq6000	TAGACACTAAGCCAGATCACGTCAAATACACCCACTAAAGGATCGAACTTACTGCAACCTGGCCTGATGTCTTTGGTTGGGGCGACCTCGGGGAAGCAAAAAACCCCCGCGTGGAATGGAAGAACTCTGCTTCCAGAACCAAGAGCCACCGCTCAAATTAACAGAATTTCTGACCAATTACAGATCCGGCTCAACGCCGATCAACGGACCGAGTTACCCCAGGGATAACAGCGCAATCCTCTTTTAGAGCCCATATCGACAAGAGGGT	asv.208_EE0526
16S	AGACGAGAAGACCCYdTGGAGCTT	GATCCAACATCGAGGTCGTAA	Vert-16S-eDNA-F1	Vert-16S-eDNA-R1	https://doi.org/10.1007/s12686-016-0550-y	Paired	NovaSeq6000	TAGATAATAAATGGACCCCGTAAAGAATGCCTTATTAACGGACAAAACAAAGAGTCAACCCATTTTGCTGTCTTTGGTTGGGGCGACCGCGGGGAAAAGAATAACCCCCATGAGGAATCTGAGCACCACTCTTTAAATGGAGAGCATCAGCTCAACATAACAGAACATCTGACCTATAATGATCCGGTAGAAATACCGATCAACGGAACCAGTTACCCCAGGGATAACAGCGCAATCCTCTCCCAGAGCCCATATCGACGAGAGGGT	asv.209_EE0526
16S	AGACGAGAAGACCCYdTGGAGCTT	GATCCAACATCGAGGTCGTAA	Vert-16S-eDNA-F1	Vert-16S-eDNA-R1	https://doi.org/10.1007/s12686-016-0550-y	Paired	NovaSeq6000	GGAACTGGATGAACTGTTTATCCTCCCCAAGCGATTTTAGAAGGAACACCCGGCTCTGGTATGGGAATAATATTAATGTGCGTATCTTTAATCTTATTTGTTGCTGGGTTTACAATGGGTGGTTTGAACTATTTAATTACAGTTTTGCAAGCTAGAACAAGAGGAATGACATTGATGAGAATGCCCTTAACAGTTTGGGG	asv.342_EE0526
16S	AGACGAGAAGACCCYdTGGAGCTT	GATCCAACATCGAGGTCGTAA	Vert-16S-eDNA-F1	Vert-16S-eDNA-R1	https://doi.org/10.1007/s12686-016-0550-y	Paired	NovaSeq6000	TAGACAACAGAGCAGCCCATGTCAACACCTTCCCATCAAGGAGAAGAACTAATTGGACCCTGCCCTAATGTTTTTGGTTGGGGCGACCGCGGGGAAACAAAAATCCCCCACGTGGAATAGGAGCACCCCTCCTACAACCAAGAGCTACAGCTCTAAGCAACAGAAATTCTGACCATCAAGATCCGGCAACGCCGATCAACGAACCGAGTTACCCCAGGGATAACAGCGCAATCCTCTTTTAGAGCCCATATCGACAAGGGGGT	asv.210_EE0526
16S	AGACGAGAAGACCCYdTGGAGCTT	GATCCAACATCGAGGTCGTAA	Vert-16S-eDNA-F1	Vert-16S-eDNA-R1	https://doi.org/10.1007/s12686-016-0550-y	Paired	NovaSeq6000	TAGACCAAAAATAGCGCTTGTAAAGAAAACTAAATGTAAAAACAGAAAGCCTGTCTATTTTATGTGTCTTCGGTTGTGGCGACCGCGGGGTAGCAATAAAACCCCCATGTGGAAAATGAACACCCTTCTTTAAGCCGAGAGTGACAGCTCAAAGTAACAGAACATCTGACCTAAATTGACCCGGACTAACCGATCAACGAAAACAGTTACCCCAGGGATAACAGCGCAATCCTCTTCCAGAGCCCATATCGACAAGAGGGT	asv.211_EE0526
16S	AGACGAGAAGACCCYdTGGAGCTT	GATCCAACATCGAGGTCGTAA	Vert-16S-eDNA-F1	Vert-16S-eDNA-R1	https://doi.org/10.1007/s12686-016-0550-y	Paired	NovaSeq6000	AGTCTATTTTGTGTCAACTGGAGTTTTTTACAACTCAGGTGAGTTTTAGCTTTATTGGGGAGGGGGTGATCTAAAACACTCTTTACGCCGGCTTCTATTGACTTGGGTTAATCGTGTGACCGCGGTGGCTGGCACGAAATTTACCAACCC	asv.617_EE0526
16S	AGACGAGAAGACCCYdTGGAGCTT	GATCCAACATCGAGGTCGTAA	Vert-16S-eDNA-F1	Vert-16S-eDNA-R1	https://doi.org/10.1007/s12686-016-0550-y	Paired	NovaSeq6000	TAGACACTAAGCCAGATCACGTCAAATACCCCCACTAAAGAATCGAACTTACTGCAACCTGGCCTGATGTCTTTGGTTGGGGCGACCTCGGGGAAGCAAAAAACCCCCGCGTGGAATGGAAGAACTCTGCTTCCAGAACCAAGAGCCACCGCTCAAATTAACAGAATTTCTGACCAATTACAGATCCGGCTCAACGCCGATCAACGGACCGAGTTACCCCAGGGATAACAGCGCAATCCTCTTTTAGAGCCCATATCGACAAGAGGGT	asv.212_EE0528
16S	AGACGAGAAGACCCYdTGGAGCTT	GATCCAACATCGAGGTCGTAA	Vert-16S-eDNA-F1	Vert-16S-eDNA-R1	https://doi.org/10.1007/s12686-016-0550-y	Paired	NovaSeq6000	TAGACAATAAATAGCACCTGTAAAGACTAGCTTGCAACATAAAACAAAAGGTATTTCTATTTTACATGTCTTCGGTTGGGGCGACCGCGGGGAATACAAAACCCCCACGTGGAACAAGAACTCCATCTTTAAACTGAGAGCTACACCTCTAAGGAACAGAATCTCTGACCAGAATGATCCGGCGGCAACCCCGCCGATCAGCGGAACTAGTTACCCCAGGGATAACAGCGCAATCCTCTCCCAGAGCCCATATCGACGAGGGGGT	asv.213_EE0526
16S	AGACGAGAAGACCCYdTGGAGCTT	GATCCAACATCGAGGTCGTAA	Vert-16S-eDNA-F1	Vert-16S-eDNA-R1	https://doi.org/10.1007/s12686-016-0550-y	Paired	NovaSeq6000	TAGACAATAAATAGCACCTGTAAAGACTAGCTTGCAACGTAAAACAAAATGTATTTCTATTTTACATGTCTTCGGTTGGGGCGACCGCGGGGAATACAAAACCCCCACGTGGAACAAGAACTCCATCTTTAAACTGAGAGCTACACCTCTAAGGAACAGAATCTCTGACCAGAATGATCCGGCGGCAACCCCGCCGATCAACGGAACTAGTTACCCCAGGGATAACAGCGCAATCCTCTCCCAGAGCCCATATCGACGAGGGGGT	asv.214_EE0528
16S	AGACGAGAAGACCCYdTGGAGCTT	GATCCAACATCGAGGTCGTAA	Vert-16S-eDNA-F1	Vert-16S-eDNA-R1	https://doi.org/10.1007/s12686-016-0550-y	Paired	NovaSeq6000	TAGACACTAAGACGAATCATGTTAAGTACCTCTAAATAAAGAACCAAACCAGATGAACCTCGCCCTATATGTCTTTGGTTGGGGCGACCGCGGGGAAATACAAAACCCCCACGTGGAATGGGAACACCTCTCCTACAACTCAGAGCTCCCGCTCTAATAAACAGAATTTCTGACCAATCAGATCCGGCGAAGCCGATCAACGGACCGAGTTACCCTAGGGATAACAGCGCAATCCCCTTCTAGAGCCCATATCGACAAGGGGGT	asv.215_EE0526
16S	AGACGAGAAGACCCYdTGGAGCTT	GATCCAACATCGAGGTCGTAA	Vert-16S-eDNA-F1	Vert-16S-eDNA-R1	https://doi.org/10.1007/s12686-016-0550-y	Paired	NovaSeq6000	GTCGGTAAAACTCGTGCCAGCAGCCGCGGTAATACGGGAGGGGCAAGCGTTATCCGAAATGACTGGGCGTAAAGAGTCCGTAGACTGTACTGTAAGTTATTTGTTAAATCCTAAAGCTCAACTTTAGAACAGCTTATAATACTACTTTACTTGAGTTTTGTTCAGAAGAGTAGAATTCCATGTTTAGGGATAAGCCCCGT	asv.350_EE0528
16S	AGACGAGAAGACCCYdTGGAGCTT	GATCCAACATCGAGGTCGTAA	Vert-16S-eDNA-F1	Vert-16S-eDNA-R1	https://doi.org/10.1007/s12686-016-0550-y	Paired	NovaSeq6000	TAGACACCAAAACAGACCATGTTAAACACCCTAAAACAAAAGGCTAAGCTTAATGCCCCCTGCCTTGATGTCTTCGGTTGGGGTGACCGAGGAGAAGAACACAACCTCCATGCGGAATAGGAGTACTACTCCCACAACCATGAACCCCCGTTCTAATCACCAGAATTTCTGACCCTACGATCCGGCAACGCCGATTAACGAACCAAGTTACCCCAGGGATAACAGCGCAATCCCCTTTTAGAGCCCCTATCAACAAGGGGGT	asv.216_EE0526
16S	AGACGAGAAGACCCYdTGGAGCTT	GATCCAACATCGAGGTCGTAA	Vert-16S-eDNA-F1	Vert-16S-eDNA-R1	https://doi.org/10.1007/s12686-016-0550-y	Paired	NovaSeq6000	TAGACACCAAGACAGCTTACGTCAAGAACCTCATACAAAAGATTGAACTACATAAATCCTGTCCTAATGTCTTCGGTTGGGGCGACCCTGGGGAGATAAAGAACCCCCATGAGCACTGGAGAGATATCTCCAAAACTAAGAGCTTCCGCTCTAAGAAGCAGAACTTCTGACCGCAAGATCCGGCAGCGCCGATCAACGGACCGAGTTACCCTAGGGATAACAGCGCAATCCCCTTCTAGAGCCCCTATCGACAAGGGGGT	asv.218_EE0526
16S	AGACGAGAAGACCCYdTGGAGCTT	GATCCAACATCGAGGTCGTAA	Vert-16S-eDNA-F1	Vert-16S-eDNA-R1	https://doi.org/10.1007/s12686-016-0550-y	Paired	NovaSeq6000	TAGACACTAAGACAGCTTACGTTAAACACCCTAACATAAAAGACCGAACAGTGTAAGTTCTGCCCTAATGTCTTCGGTTGGGGCGACCCTGGGGAGAAAAACAACCCCCACGAGGAATGGAAGCATGCTTCCAGAACAAAGAGCCACTGCTCTATGTACCAGAGACTTCTGACCATCAGACCCGGCAAAGCCGATTAACGGACCGAGTTACCCTAGGGATAACAGCGCAATCCCCTTATAGAGCCCTTATCGACAAGGGGGT	asv.219_EE0526
16S	AGACGAGAAGACCCYdTGGAGCTT	GATCCAACATCGAGGTCGTAA	Vert-16S-eDNA-F1	Vert-16S-eDNA-R1	https://doi.org/10.1007/s12686-016-0550-y	Paired	NovaSeq6000	TAGACACCAAAGCAGACCATGTTAATTATCACTAAACAAAGGACTAAACAATATTGAACCCTGCCCTAATGTCTTCGGTTGGGGCGACCACGGAGAAATAAAAAACCCCCGCGTGGAATAGGGATACTATCCTGACAATCACGAGCCTCCGCTCTACTAAACAGAACCTCTGACCTTTTAGATCCGGCAATGCCGACCAACGGACCAAGTTACCCTAGGGATAACAGCGCAATCCCCTTTTAGAGCCCATATCGACAAGGGGGT	asv.221_EE0528
16S	AGACGAGAAGACCCYdTGGAGCTT	GATCCAACATCGAGGTCGTAA	Vert-16S-eDNA-F1	Vert-16S-eDNA-R1	https://doi.org/10.1007/s12686-016-0550-y	Paired	NovaSeq6000	TAGAGCCCGGGCTGCCTGCATCCATGCTAATTAATTATTCCCTAGCAAACCTCGCAGTCACTGCCCGCCTCTTTGGTTGGGGCGACCACGTGGAAATACAAAACCCCCGAGAGGAATGAGAGTACCACCCTGAGGCGAGGCCCACGGGCCCAGCCCCCAAAACATTTGACCTACTATGATCCGGCACAGCCGATCAACGGACCGAGTTACCCTAGGGATAACAGCGCAATCCCCTTTAAGAGTCCCCATCGACAAGGGGGT	asv.222_EE0528
16S	AGACGAGAAGACCCYdTGGAGCTT	GATCCAACATCGAGGTCGTAA	Vert-16S-eDNA-F1	Vert-16S-eDNA-R1	https://doi.org/10.1007/s12686-016-0550-y	Paired	NovaSeq6000	TAGACACCAAGGCAGCTCACGTCAAGAGCCTTATACAAAAGATTGAACTTCATGAATCCTGTCCTGACGTCTTCGGTTGGGGCGACCCTGGGGAGATAAAGAACCCCCATGAGGACTGGAAACATACTTCCAAAGCTAAGAGCTTCCGCTCTAAGAAGCAGAACTTCTGACCGCAAGATCCGGCAACGCCGATCAACGGACCGAGTTACCCTAGGGATAACAGCGCAATCCCCTTCTAGAGCCCCTATCGACAAGAGGGT	asv.90_EE0526
16S	AGACGAGAAGACCCYdTGGAGCTT	GATCCAACATCGAGGTCGTAA	Vert-16S-eDNA-F1	Vert-16S-eDNA-R1	https://doi.org/10.1007/s12686-016-0550-y	Paired	NovaSeq6000	TAGACTTCGGAACAGGTCATGTCAATTACCTCCTTAAACAAGTAATAACTATTGAACCTCTGTCTCCTGTCTTTGGTTGGGGCGACCACGGGGAAGAAAAAAACCCCCATGTGGACTGGGAACACTCTCCTCCCACAACCATGAGCCACAGCTCTAATGCACAGAATTTCTGACCATAAGATCCGGCAAAGCCGATCAACGAACCGAGTTACCCTAGGGATAACAGCGCAATCCCCTTTAAGAGTCCATATCGACAAGGGGGT	asv.223_EE0528
16S	AGACGAGAAGACCCYdTGGAGCTT	GATCCAACATCGAGGTCGTAA	Vert-16S-eDNA-F1	Vert-16S-eDNA-R1	https://doi.org/10.1007/s12686-016-0550-y	Paired	NovaSeq6000	AGTGAGGTATCTAATCTCAGTTTGGGTCTTAGCTATTGTGTGTTCAGATATGTTAAAGCCACTTTCGTAGTCTATTTTGTGTCAACTGGAGTTTTTTACAACTCAGGTGAGTTTTAGCTTTATTGGGGAGGGGGTGATCTAAAACACTCTTTACGCCGGCTTCTATTGACTTGGGTTAATCGTGTGACCGCGGTGGCTGG	asv.336_EE0528
16S	AGACGAGAAGACCCYdTGGAGCTT	GATCCAACATCGAGGTCGTAA	Vert-16S-eDNA-F1	Vert-16S-eDNA-R1	https://doi.org/10.1007/s12686-016-0550-y	Paired	NovaSeq6000	TAGACAAAAGGCAACCCACCTTTAAACAACTAGACCAACAGAACTAATAAAATGGAGATTGCCCTTATGTTTTTGGTTGGGGCGACCACGGAGGAACAAAAATCCTCCAAGAGGAACAGGAAATTTTTCCTTAAGACCAGAGCAACAGCTCTAACAAACAGAACTTCTGACCACCAAGACCCGGCAAAGCCGATCAACGGACCGAGTTACCCTAGGGATAACAGCGCAATCCCCTTTTAGAGCCCATATCGACAAGGGGGT	asv.224_EE0526
16S	AGACGAGAAGACCCYdTGGAGCTT	GATCCAACATCGAGGTCGTAA	Vert-16S-eDNA-F1	Vert-16S-eDNA-R1	https://doi.org/10.1007/s12686-016-0550-y	Paired	NovaSeq6000	TAGACAAAAAGCAGGCCATGTTAAGCACCCTCAGATAAGAGACCAAACTTAATGTTCACTGCCCTAATGTCTTTGGTTGGGGTGACCGCGGCGAAATAAATAACCCCCGTGTAGAAAAAGGGCTCACTCCCTTTGAATCAAGAGCTTCCGCTCAAATAAACAGAACATCTGACTAAACAAGATCCGGCAATGCCGATCAACGGACCGAGTTACCCTAGGGATAACAGCGCAATCCCCTTCTAGAGCCCATATCGACAAGGGGGT	asv.226_EE0526
16S	AGACGAGAAGACCCYdTGGAGCTT	GATCCAACATCGAGGTCGTAA	Vert-16S-eDNA-F1	Vert-16S-eDNA-R1	https://doi.org/10.1007/s12686-016-0550-y	Paired	NovaSeq6000	TAGACAAAGAATGGACCCTGTAAATTAACTCTTTAAAAGTGCAAACATAAAAGGAACCCATTCCTATGTCTTTGGTTGGGGCGACCGCGGGGAAACACGAAACCCCCACGTGGTATTTAAGAATACTTCTTTGAACCTAAAGCGACAACTCAAAGTAACAAAAATTTTGACCTTTATGACCCGGCACTTTCATGCCGATCAACGAAACTAGTTACCCCAGGGATAACAGCGCAATCCTCTCCCAGAGCCCATATCGACAAGAGGGT	asv.227_EE0526
16S	AGACGAGAAGACCCYdTGGAGCTT	GATCCAACATCGAGGTCGTAA	Vert-16S-eDNA-F1	Vert-16S-eDNA-R1	https://doi.org/10.1007/s12686-016-0550-y	Paired	NovaSeq6000	CGTAAGGGGTCTTCTTTCTTTCGGGTACGTATGACAGCTTTGAAAGGATTTGGCCCTAGCATTATACTTTCTTAACCACCCTTTACGCCGTGGGAAATTAACTTGGGCCCCTCGTATAACCGCGGTGGCTGGCACGAAATTTACCAACCC	asv.638_EE0528
16S	AGACGAGAAGACCCYdTGGAGCTT	GATCCAACATCGAGGTCGTAA	Vert-16S-eDNA-F1	Vert-16S-eDNA-R1	https://doi.org/10.1007/s12686-016-0550-y	Paired	NovaSeq6000	AAGGACGAAGGAGACGGATTAAGAACTGGACCAGCTGAATTATGGAGCTCGTGCTCCCCAAGCTCAATCACAAAACTTAGATTCAATCCCACTCTCCCCCTCCTTTAGTTGGGGCAACCGCTGAGAAAAAGAACCCTCCGCACCAAATTACTTTTCCAGGACAACGTGTCCAAAACCTTAAACTTGAAGGAACGTGATCCGGCTCCAGCCGATCAATAGACTAAGTTACCGTAGGGATAACAGCGTAATCCCTCCTAAGAGCCCGCATTGCCGGAGGGGT	asv.217_EE0528
16S	AGACGAGAAGACCCYdTGGAGCTT	GATCCAACATCGAGGTCGTAA	Vert-16S-eDNA-F1	Vert-16S-eDNA-R1	https://doi.org/10.1007/s12686-016-0550-y	Paired	NovaSeq6000	AGTGAGGTATCTAATCTCAGTTTGTGTCATAGCTTTCGTGGTGTCAGGAGGGATTAGAGCCACTTTCGTGGTTGATTTTCTAGTTTTCATGAGCGTATAACAGCTTTGAAGAAATTCAGCTCTAGTTTGAAATAGGTCCTTAGCCACCCTTTACGCCGAATGTTTTTCAACTTGGGCCTTTCGTATAACCGCGGTGGCTG	asv.352_EE0526
16S	AGACGAGAAGACCCYdTGGAGCTT	GATCCAACATCGAGGTCGTAA	Vert-16S-eDNA-F1	Vert-16S-eDNA-R1	https://doi.org/10.1007/s12686-016-0550-y	Paired	NovaSeq6000	TAGACACTAAGCCAGACTTTGTTAAGCACCCCTTTCAAAGGACTAAACTAATTGCAACCTGGCCTGATGTCTTTGGTTGGGGCGACCTCGGGGAAACAAAAAACCTCCGCGTGGAATGGAAGAACTCCTCTTCTAGAACCAAGAGCTACCGCTCAAATTGACAGAATATCTGACCAATTACAGATCCGGCTTTAACGCCGATCAACGGACCGAGTTACCCCAGGGATAACAGCGCAATCCTCTTTTAGAGCCCATATCGACAAGAGGGT	asv.225_EE0528
16S	AGACGAGAAGACCCYdTGGAGCTT	GATCCAACATCGAGGTCGTAA	Vert-16S-eDNA-F1	Vert-16S-eDNA-R1	https://doi.org/10.1007/s12686-016-0550-y	Paired	NovaSeq6000	AGTGAGGTATCTAATCTCAGTTTGTTTCGCAGCTTTCGTGGGGTCAGGGGAAGTAAAGTCACTTTCGTGGTGGGGCTTCTTACCTTCGGAAACGTATAACAGTTCTGAGGGCGTTCGGCTTTAGTTTAATGGGTTCCTTAACCACTCTTTACGCCGTTGTCTATCAACTTGAGCCTCTCGTATAACCGCGGTGGCTGGCA	asv.341_EE0528
16S	AGACGAGAAGACCCYdTGGAGCTT	GATCCAACATCGAGGTCGTAA	Vert-16S-eDNA-F1	Vert-16S-eDNA-R1	https://doi.org/10.1007/s12686-016-0550-y	Paired	NovaSeq6000	TTTATTACTTCTCTCACTTCCTGTATTAGCTGGAGCAATTACTATGTTGCTCACAGACCGTAACTTTAATACATCTTTCTTTGATCCTGCTGGAGGAGGAGATCCTATTTTATTCCAACACCTTTTTTGGTTCTTCGGCCATCCCGAAGT	asv.641_EE0524
16S	AGACGAGAAGACCCYdTGGAGCTT	GATCCAACATCGAGGTCGTAA	Vert-16S-eDNA-F1	Vert-16S-eDNA-R1	https://doi.org/10.1007/s12686-016-0550-y	Paired	NovaSeq6000	CGTAGTTGGGCTTCATACCTCCGAACACGTATTACAGTCTTGGAGGCGTTCGGCTTTAGTGGGGAGGGATTACTTAACCACTCTTTACGCCGATGTCTATCAACTTGGGCCTCTCGTATAACCGCGGTGGCTGGCACGAGTTTTACCGAC	asv.636_EE0528
16S	AGACGAGAAGACCCYdTGGAGCTT	GATCCAACATCGAGGTCGTAA	Vert-16S-eDNA-F1	Vert-16S-eDNA-R1	https://doi.org/10.1007/s12686-016-0550-y	Paired	NovaSeq6000	GGAACAGGATGAACAGTTTATCCCCCCCAAGCGATTTTAGAAGGAACACCCGGCTCTGGTATGGGAATAATATTAATGTGCGTATCTTTAATCTTATTTGTTGCTGGGTTTACAATGGGTGGTTTGAACTATTTAATTACAGTTTTGCAAGCTAGAACAAGAGGAATGACATTGATGAGAATGCCCTTAACAGTTTGGGG	asv.347_EE0526
16S	AGACGAGAAGACCCYdTGGAGCTT	GATCCAACATCGAGGTCGTAA	Vert-16S-eDNA-F1	Vert-16S-eDNA-R1	https://doi.org/10.1007/s12686-016-0550-y	Paired	NovaSeq6000	TAGACACTAAGCCAGATCACGTCAAATACCCCCACTAAAGGATCGAACTTACTGCAACCTGGCCTGATGTCTTTGGTTGGGGCGACCTCGGGGAGGCAAAAAACCCCCGCGTGGAATGGAAGAACTCTGCTTCCAGAACCAAGAGCCACCGCTCAAATTAACAGAATTTCTGACCAATTACAGATCCGGCTCAACGCCGATCAACGGACCGAGTTACCCCAGGGATAACAGCGCAATCCTCTTTTAGAGCCCATATCGACAAGAGGGT	asv.220_EE0526
16S	AGACGAGAAGACCCYdTGGAGCTT	GATCCAACATCGAGGTCGTAA	Vert-16S-eDNA-F1	Vert-16S-eDNA-R1	https://doi.org/10.1007/s12686-016-0550-y	Paired	NovaSeq6000	TTAGGCGAATGATCAAGCACACCAAACCCTGGTTTAAACCAAATCCTAGGGACATACGAAGCCAATGATCAAAATGCCTTCGGTTGGGGCGACCTTGGAGAAAAAACAAGCCTCCAAGTGGAATGGGAAAACCCTTTAACTAAGAGTAACAGCTCGAAGTACCAGAAATTCTGACCAAACATGACCCAGGTTACACCTGATCAACGAACTGAGTTACCCCAGGGATAACAGCGCAATCCCCTCCCAGAGTCCATATCGACGAGGGGGT	asv.229_EE0528
16S	AGACGAGAAGACCCYdTGGAGCTT	GATCCAACATCGAGGTCGTAA	Vert-16S-eDNA-F1	Vert-16S-eDNA-R1	https://doi.org/10.1007/s12686-016-0550-y	Paired	NovaSeq6000	GTTGGTAAATCTCGTGCCAGCAGCCGCGGTAATACGGAGGGTGCGAGCGTTAATCGGAATTACTGGGCGTAAAGCGCATGCAGGTGGTTTGTTAAGTCAGATGTGAAAGCCCGGGGCTCAACCTCGGAATAGCATTTGAAACTGGCAGACTAGAGTACTGTAGAGGGGGTAGAATTTCAGGTGTAGCGGTGAAATGCGTA	asv.349_EE0524
16S	AGACGAGAAGACCCYdTGGAGCTT	GATCCAACATCGAGGTCGTAA	Vert-16S-eDNA-F1	Vert-16S-eDNA-R1	https://doi.org/10.1007/s12686-016-0550-y	Paired	NovaSeq6000	AGTGAGGTATCTAATCTCAGTTTGTACCCTGGCTTTCGTGGGTTCGGGGGAAGGTAAAGCTACTTTCGTAACGGGGCTTCGAATCTTCGGGGGCGTATAACAGCGTTGAAGATATTCGGCTTTATTTTATAGGGATCCCTAACCACCCTTTACGCCGGTGCCTATCAACTTGGGCCTCTCGTATAACCGCGGTGGCTGGC	asv.360_EE0528
16S	AGACGAGAAGACCCYdTGGAGCTT	GATCCAACATCGAGGTCGTAA	Vert-16S-eDNA-F1	Vert-16S-eDNA-R1	https://doi.org/10.1007/s12686-016-0550-y	Paired	NovaSeq6000	CCTTCTACTCCTATCACTCCCCGTACTAGCCGGAGCAATTACCATACTTCTAACCGACCGAAACCTTAATACCTCCTTCTTCGACCCTTCAGGAGGGGGAGACCCCGTCCTCTTCCAACATCTCTTCTGATTCTTCGGCCACCCCGAGGT	asv.644_EE0528
16S	AGACGAGAAGACCCYdTGGAGCTT	GATCCAACATCGAGGTCGTAA	Vert-16S-eDNA-F1	Vert-16S-eDNA-R1	https://doi.org/10.1007/s12686-016-0550-y	Paired	NovaSeq6000	CTTACTCTTACTAAGACTTCCTGTCCTGGCGGGGGCCATTACAATACTCCTTACTGACCGAAACCTAAATACTTCATTCTACGACGCCAGAGGGGGAGGAGATCCTGTACTTTACCAGCACCTATTCTGATTTTTTGGCCACCCCGAAGT	asv.645_EE0528
16S	AGACGAGAAGACCCYdTGGAGCTT	GATCCAACATCGAGGTCGTAA	Vert-16S-eDNA-F1	Vert-16S-eDNA-R1	https://doi.org/10.1007/s12686-016-0550-y	Paired	NovaSeq6000	TAGACGACGGAGGCAGCCCTTGTTAAAACACCCAAATAGCAGGATTAAACCCGCAGGACCCTACTCCTATGTCTTTGGTTGGGGCGACCGCGGGGATAAAAATAACCCCCATGTTGATTGAGAAGAGAGACTTCTTAGATGCAAGAGCTACCGCTCGAACCCACAGAAACTCTGACCGAAAGATCCGGCAAAGCCGATCAACGGACCCAGTTACCCCGGGGATAACAGCGCAATCTTCTTTTAGAGGCCATATCGACAAGAGGGC	asv.230_EE0526
16S	AGACGAGAAGACCCYdTGGAGCTT	GATCCAACATCGAGGTCGTAA	Vert-16S-eDNA-F1	Vert-16S-eDNA-R1	https://doi.org/10.1007/s12686-016-0550-y	Paired	NovaSeq6000	TAGACAATAAGTAGTGCCTGTAAAGACTTAACAACGCTAAAACAAAAGGTATATCTATTTTGATGTCTTCGGTTGGGGCGACCGAGGGGAAACAAAAAACCCCCACGTGGAATATGAACCTCTTCTTTCAACCAAGAGAGCCATCTCTAAGTACCAGAACATCTGACCTTCTTGACCCGGCACTCGCCGATCAACGAAACCAGTTACCCCAGGGATAACAGCGCAATCCCCTCCCAGAGCCCATATCGACGAGGGGGT	asv.231_EE0526
16S	AGACGAGAAGACCCYdTGGAGCTT	GATCCAACATCGAGGTCGTAA	Vert-16S-eDNA-F1	Vert-16S-eDNA-R1	https://doi.org/10.1007/s12686-016-0550-y	Paired	NovaSeq6000	TAGACCAAAAATAGCGCTTGTAAAGAAAACTAAATGTAAAAACAGAAAGCCTGTCTATTTTATGTGTCTTCGGTTGGGGCGACCGCGGGGTAGCAATAAAACCACCATGTGGAAAATGAACACCCTTCTTTAAGCCGAGAGTGACAGCTCAAAGTAACAGAACATCTGACCTAAATTGACCCGGGCTAACCGATCAACGAAAACAGTTACCCCAGGGATAACAGCGCAATCCTCTTCCAGAGCCCATATCGACAAGAGGGT	asv.232_EE0526
16S	AGACGAGAAGACCCYdTGGAGCTT	GATCCAACATCGAGGTCGTAA	Vert-16S-eDNA-F1	Vert-16S-eDNA-R1	https://doi.org/10.1007/s12686-016-0550-y	Paired	NovaSeq6000	GGGTTGGTAAATTTCGTGCCAGCCGCGGTAATACGGAGGGTGCAAGCGTTAATCGGAATTACTGGGCGTAAAGCGCACGCAGGCGGTCTGTCAAGTCGGATGTGAAATCCCCGGGCTCAACCTGGGAACTGCATTCGAAACTGGCAGGCTAGAGTCTTGTAGAGGGGGGTAGAATTCCAGGTGTAGCGGTGAAATGCGTA	asv.362_EE0524
16S	AGACGAGAAGACCCYdTGGAGCTT	GATCCAACATCGAGGTCGTAA	Vert-16S-eDNA-F1	Vert-16S-eDNA-R1	https://doi.org/10.1007/s12686-016-0550-y	Paired	NovaSeq6000	ATTATTACTATCTTTACCAGTTTTAGCAGGTGCTATTACTATGTTATTAACAGATCGTAATTTTAATACAACATTTTTTGATCCTGCAGGGGGAGGTGATCCTGTGTTATATCAACATTTATTCTGATTCTTCGGCCACCCCGAAGTCTA	asv.633_EE0526
16S	AGACGAGAAGACCCYdTGGAGCTT	GATCCAACATCGAGGTCGTAA	Vert-16S-eDNA-F1	Vert-16S-eDNA-R1	https://doi.org/10.1007/s12686-016-0550-y	Paired	NovaSeq6000	TAGACAATAAATAGCACCTGTAAAGACTAGCTTGCAACGTAAAACAAAAGGTATTTCTATTTTACATGTCTTCGGTTGGGGCGACCGCGGGGAATACAAAACCCCCACGTGGAACAAGAACTCCATCTTTAAACTGAGAGCCACACCTCTAAGGAACAGAATCTCTGACCAGAATGATCCGGCGGCAACCCCGCCGATCAACGGAACTAGTTACCCCAGGGATAACAGCGCAATCCTCTCCCAGAGCCCATATCGACGAGGGGGT	asv.228_EE0526
16S	AGACGAGAAGACCCYdTGGAGCTT	GATCCAACATCGAGGTCGTAA	Vert-16S-eDNA-F1	Vert-16S-eDNA-R1	https://doi.org/10.1007/s12686-016-0550-y	Paired	NovaSeq6000	AGTGAGGTATCTAATCTCAGTTTGTTTCTCAGCTTTCGTGGGGTCAGTTTTTTTAAAGCCACTTTCGTAGTTGGGCTTCATACCTCCGAACACGTATTACAGTCTTGGAGGCGTTCGGCTTTAGTGGGGAGGGATTACTTAACCACTCTTTACGCCGATGTCTATCAACTTGGGCCTCTCGTATAACCGCGGTGGCTGGC	asv.339_EE0526
16S	AGACGAGAAGACCCYdTGGAGCTT	GATCCAACATCGAGGTCGTAA	Vert-16S-eDNA-F1	Vert-16S-eDNA-R1	https://doi.org/10.1007/s12686-016-0550-y	Paired	NovaSeq6000	TCTCCTCCTGTCTCTCCCTGTTCTAGCCGGAGCTATCACAATATTATTAACAGATCGAAACTTAAACACTGCATTCTTTGACCCCGCCGGGGGAGGAGACCCAATTCTCTACCAACACCTATTCTGATTCTTTGGCCACCCCGAAGTCTA	asv.643_EE0528
16S	AGACGAGAAGACCCYdTGGAGCTT	GATCCAACATCGAGGTCGTAA	Vert-16S-eDNA-F1	Vert-16S-eDNA-R1	https://doi.org/10.1007/s12686-016-0550-y	Paired	NovaSeq6000	AGTGAGGTATCTAATCTCAGTTTGTACCTTAGCTCTCGTGGCTTCAATGAAATAAAGCTACTTTCGTAGGGGGGCTTCTTATTCTCAAGTACGTATAACAGTTTTGAGAGTGTTCCGCTTTAGTTTAATGTTTATTTTAACCACTCTTTACGCCGAGGGTCTGTCAGCTCGGGCCTCTCGTATAACCGCGGTGGCTGGCA	asv.359_EE0526
16S	AGACGAGAAGACCCYdTGGAGCTT	GATCCAACATCGAGGTCGTAA	Vert-16S-eDNA-F1	Vert-16S-eDNA-R1	https://doi.org/10.1007/s12686-016-0550-y	Paired	NovaSeq6000	ATTATTAGTATTAGCTTTACCTGTCTTAGCTGGAGCAATTACTATGCTTTTAACTGATAGGAATTTTAATACAACCTTTTTTGATCCTGCGGGTGGAGGAGACCCAATTTTATATCAACATTTATTTTGATTTTTCGGCCACCCCGAAGT	asv.646_EE0526
16S	AGACGAGAAGACCCYdTGGAGCTT	GATCCAACATCGAGGTCGTAA	Vert-16S-eDNA-F1	Vert-16S-eDNA-R1	https://doi.org/10.1007/s12686-016-0550-y	Paired	NovaSeq6000	AGTCTATTTTGTGTCAACTGGAGTTTTTTACAACTCAGGTGAGTTTTAGCTTTATTGGGGAGGGGGTGATCTAAAACACTCTTTACGCCGGCTTCTATTGACTTGGGTTAATCGTGTGACCGCGGTGGCTGGCACGAAATTAACCAACCC	asv.620_EE0526
16S	AGACGAGAAGACCCYdTGGAGCTT	GATCCAACATCGAGGTCGTAA	Vert-16S-eDNA-F1	Vert-16S-eDNA-R1	https://doi.org/10.1007/s12686-016-0550-y	Paired	NovaSeq6000	TAGACACCAAAGTAGACCGCGTTAAGCATCCCTAAACAAAGGACTAAACCAAATGGGTCCCTACTCTAATGTCTTTGGTTGGGGCGACCGCGGGGAAATACAAAACCCCCATGTGGAATGGGAATACCTCTCCTACAACCCAGAGCTCCCGCTCTAATTAACAGAAATTCTGACCAGTCAGATCCGGCTAACGCCGATCAACGGACCGAGTTACCCTAGGGATAACAGCGCAATCCCCTTTTAGAGCCCATATCGACAAGGGGGT	asv.234_EE0526
16S	AGACGAGAAGACCCYdTGGAGCTT	GATCCAACATCGAGGTCGTAA	Vert-16S-eDNA-F1	Vert-16S-eDNA-R1	https://doi.org/10.1007/s12686-016-0550-y	Paired	NovaSeq6000	ATCGGAAGAGCGTCGTGTAGGGAAAGAGTGTGCCTTGCGGAGTGTAGATCTCGGTGGTCGCCGTATCATTAAAAAAAATTTTTTTCAAGCAGAAGACGGCATACTAGATTTGAGAGGATGTGACTGGAGTTCAGACGTGTGCTCTTCCGA	asv.642_EE0526
16S	AGACGAGAAGACCCYdTGGAGCTT	GATCCAACATCGAGGTCGTAA	Vert-16S-eDNA-F1	Vert-16S-eDNA-R1	https://doi.org/10.1007/s12686-016-0550-y	Paired	NovaSeq6000	TTCGTAAGGGGTCTTCTTTCTTTCGGGTACGTATGACAGCTTTGAAAGGATTTGGCCCTAGCATTATACTTTCTTAACCACCCTTTACGCCGTGGGAAATTAACTTGGGCCCCTCGTATAACCGCGGTGGCTGGCACGAGATTTACCAAC	asv.647_EE0528
16S	AGACGAGAAGACCCYdTGGAGCTT	GATCCAACATCGAGGTCGTAA	Vert-16S-eDNA-F1	Vert-16S-eDNA-R1	https://doi.org/10.1007/s12686-016-0550-y	Paired	NovaSeq6000	TGCAGCCTTATTGCTGATCATGGACCGTAGTTTTGGCACCTCCTTTTTCCTTTCTGATATTTTTATTCAAGGCGAAGTACTGCATTACCAAGGGGGTTCACCGGTATTGTACGAACACCTATTTTGATTCTTTGGCCACCCCGAAGTCTA	asv.649_EE0524
16S	AGACGAGAAGACCCYdTGGAGCTT	GATCCAACATCGAGGTCGTAA	Vert-16S-eDNA-F1	Vert-16S-eDNA-R1	https://doi.org/10.1007/s12686-016-0550-y	Paired	NovaSeq6000	CCTTCTTTTAGCTGTTCCTGTTTTGGGTGGAGCTATCACTATGCTTCTTACTGACCGTAACTTTGGAACTACATTTTTTGATCCCGCTGGTGGAGGTGACCCTGTTCTATTCCAACACCTTTTTTGATTCTTTGGCCATCCCGAAGTCTA	asv.650_EE0524
16S	AGACGAGAAGACCCYdTGGAGCTT	GATCCAACATCGAGGTCGTAA	Vert-16S-eDNA-F1	Vert-16S-eDNA-R1	https://doi.org/10.1007/s12686-016-0550-y	Paired	NovaSeq6000	ATTATTACTATCTTTACCAGTTTTAGCAGGTGCTATTACTATGTTATTAACAGATCGTAATTTTAACACAACATTTTTTGATCCTGCAGGAGGAGGTGATCCTGTGTTATATCAACATTTATTCTGATTCTTCGGCCACCCCGAAGTCTA	asv.622_EE0526
16S	AGACGAGAAGACCCYdTGGAGCTT	GATCCAACATCGAGGTCGTAA	Vert-16S-eDNA-F1	Vert-16S-eDNA-R1	https://doi.org/10.1007/s12686-016-0550-y	Paired	NovaSeq6000	ATTATTACTATCTTTACCTGTTTTAGCAGGTGCAATAACTATGTTATTAACAGATAGAAACTTCAATACTAGCTTCTTTGATCCTGCTGGTGGTGGTGATCCTATATTATATCAGCATTTATTCTGATTCTTTGGCCACCCCGAAGTCTA	asv.628_EE0526
16S	AGACGAGAAGACCCYdTGGAGCTT	GATCCAACATCGAGGTCGTAA	Vert-16S-eDNA-F1	Vert-16S-eDNA-R1	https://doi.org/10.1007/s12686-016-0550-y	Paired	NovaSeq6000	TAGACACCAAAACAGACCATGTTAAGCACCCTAAAACAAAAGGCTAAACTTAATGCCCCCTGCCTTGATGTCTTCGGTTGGGGTGACCGAGGAGAAGAACACAACCTCCATGCGGAATAGGAGTACTACTCCCACAACCATGAACCCCCGTTCTAATCACCAGAATTTCTGACCCTACGATCCGGCAACGCCGATTAACGAACCAAGTTACCCCAGGGATAACAGCGCAATCCCCTTTTAGAGCCCCTATCAACAAGGGGGT	asv.236_EE0526
16S	AGACGAGAAGACCCYdTGGAGCTT	GATCCAACATCGAGGTCGTAA	Vert-16S-eDNA-F1	Vert-16S-eDNA-R1	https://doi.org/10.1007/s12686-016-0550-y	Paired	NovaSeq6000	TAGACGCCTACCAATCACATCAAAGGCGGTTAGAAAGCCTAAACCCCAAACAACGTGATCCTGGCCAGGGCGTCTTAGGTTGGGGCGACCGTGGAGGAGAGCAAAGCCTTCGACGAGGACAGGGGCCCATAACCCTAAGGCCAAGAGCCACACCTCTAAGTCTCGAAACATTCGACCGATAACTGATCCGGCTTTTGCCGATCAACGGACCAAGTTACCCTAGGGATAACAGCGCAATCCTCTCCCAGAGTCCATATCGACGAGAGGGT	asv.237_EE0528
16S	AGACGAGAAGACCCYdTGGAGCTT	GATCCAACATCGAGGTCGTAA	Vert-16S-eDNA-F1	Vert-16S-eDNA-R1	https://doi.org/10.1007/s12686-016-0550-y	Paired	NovaSeq6000	TAGACACCAAGGCAGGTCATGTTAAGAACCACTAAGCTAAAAGACAAAACAAGATGAACACTGCCCACATGTCTTTGGTTGGGGCGACCGTGGGGAAACAAACAACCCCCATGTGGACCGGGAGAACTTCTCCTAAAAGCAAGAACCGCAGTTCTAACTAACAGAACTTCTGACCTTTAAGATCCGGCTTACGCCGATCAACGGGCCGAGTTACCCTAGGGATAACAGCGCAATCCCCTTTGAGAGCCCATATCGATGAGGGGGT	asv.235_EE0526
16S	AGACGAGAAGACCCYdTGGAGCTT	GATCCAACATCGAGGTCGTAA	Vert-16S-eDNA-F1	Vert-16S-eDNA-R1	https://doi.org/10.1007/s12686-016-0550-y	Paired	NovaSeq6000	GGAACTGGATGAACTGTTTATCCTCCCCAAGCGATTTTAGAAGGAACACCCGGCTCTGGTATGGGAATAATATTAATGTGCGTATCTTTAATCTTATTTGTTGCTGGGTTTACAATGGGTGGTTTGAACTATTTAATTACAGTTTTGCAAGCTAGAACAAGAGGAATGACATTGATGAGAATGCCCTTAACAGTTTGGGG	asv.342_EE0528
16S	AGACGAGAAGACCCYdTGGAGCTT	GATCCAACATCGAGGTCGTAA	Vert-16S-eDNA-F1	Vert-16S-eDNA-R1	https://doi.org/10.1007/s12686-016-0550-y	Paired	NovaSeq6000	AGTGAGGTATCTAATCTCAGTTTGGGTCTTAGCTATTGTGTGTTCAGATATGTTAAAGCCACTTTCGTAGTCTATTTTGTGTCAACTGGAGTTTTTTACAACTCAGGTGAGTTTTAGCTTTATTGGGGAGGGGGTGATCTAAAACACTCTTTACGCCGGCTTCTATTGACTTGGGTTAATCGTGTGACCGCGGTGGCTGG	asv.336_EE0524
16S	AGACGAGAAGACCCYdTGGAGCTT	GATCCAACATCGAGGTCGTAA	Vert-16S-eDNA-F1	Vert-16S-eDNA-R1	https://doi.org/10.1007/s12686-016-0550-y	Paired	NovaSeq6000	GTGGTTGATTTTCTAGTTTTCATGAGCGTATAACAGCTTTGAAGAAATTCAGCTCTAGTTTAAAATAGGTCCTTAGCCACCCTTTACGCCGAATGTTTTTCAACTTGGGCCTTTCGTATAACCGCGGTGGCTGGCACGAGATTTACCAAC	asv.639_EE0526
16S	AGACGAGAAGACCCYdTGGAGCTT	GATCCAACATCGAGGTCGTAA	Vert-16S-eDNA-F1	Vert-16S-eDNA-R1	https://doi.org/10.1007/s12686-016-0550-y	Paired	NovaSeq6000	AAGACGCCAGGGCGGACCACGTTAAAACCCCTGATTCACCAGGAACAAACCAAGTGGCCTCCACCCCCCTGTCTTTGGTTGGGGCGACCGCGGAGAAACATAAAACCCCCACGTGGAACGGGCACTCACCCCCAAAGCCAGAGCCACAGCTCTAACAAACAGAATATCTGGCCATCAAGATCCGGCAACGCCGATCAACGGACCCAGTTACCCTAGGGATAACAGCGCAATCCCCTTTTAGAGCCCATATCGACAAGGGGGT	asv.238_EE0524
16S	AGACGAGAAGACCCYdTGGAGCTT	GATCCAACATCGAGGTCGTAA	Vert-16S-eDNA-F1	Vert-16S-eDNA-R1	https://doi.org/10.1007/s12686-016-0550-y	Paired	NovaSeq6000	GTCGGTAAAACTCGTGCCAGCAGCCGCGGTAATACGGAGGGTGCGAGCGTTAATCGGAATTACTGGGCGTAAAGCGCATGCAGGTGGTTTGTTAAGTCAGATGTGAAAGCCCGGGGCTCAACCTCGGAATAGCATTTGAAACTGGCAGACTAGAGTACTGTAGAGGGGGGTAGAATTTCAGGTGTAGCGGTGAAATGCGT	asv.355_EE0524
16S	AGACGAGAAGACCCYdTGGAGCTT	GATCCAACATCGAGGTCGTAA	Vert-16S-eDNA-F1	Vert-16S-eDNA-R1	https://doi.org/10.1007/s12686-016-0550-y	Paired	NovaSeq6000	ATTATTACTTTCGTTACCTGTATTAGCTGGTGCTATTACTATGTTATTAACAGATCGTAATTTTAATACAACTTTTTTTGACCCTGCAGGAGGGGGAGATCCTGTATTATATCAGCATTTATTCTGATTCTTCGGCCACCCCGAGGTCTA	asv.637_EE0528
16S	AGACGAGAAGACCCYdTGGAGCTT	GATCCAACATCGAGGTCGTAA	Vert-16S-eDNA-F1	Vert-16S-eDNA-R1	https://doi.org/10.1007/s12686-016-0550-y	Paired	NovaSeq6000	TAGACCAAAAATAGCGCTTGTAAAGAAAACTAAATGTAAAAACAGAAAGCCTGTCTATTTTATGTGTCTTCGGTTGGGGCGACCGCGGGGTAGCAATAAAACCCCCATGTGGAAAATGAACACCCTTCTTTAAGCCGAGAGTGACAGCTCAAAGTAACAGAACATCTGACCTAAATTGACCCGGGCTAACCGATCAACGAAAACAGTTACCCCAGGGAGAACAGCGCAATCCTCTTCCAGAGCCCATATCGACAAGAGGGT	asv.240_EE0528
16S	AGACGAGAAGACCCYdTGGAGCTT	GATCCAACATCGAGGTCGTAA	Vert-16S-eDNA-F1	Vert-16S-eDNA-R1	https://doi.org/10.1007/s12686-016-0550-y	Paired	NovaSeq6000	TGCAGCCTTATTGCTGATCATGGACCGTAGTTTTGGCACCTCCTTTTTCCTTTCTGATATTTTTATTCAAGGCGAAGTACTGCATTACCAAGGGGGTTCACCGGTATTGTACGAACACCTATTTTGATTCTTCGGCCACCCCGAAGTCTA	asv.654_EE0524
16S	AGACGAGAAGACCCYdTGGAGCTT	GATCCAACATCGAGGTCGTAA	Vert-16S-eDNA-F1	Vert-16S-eDNA-R1	https://doi.org/10.1007/s12686-016-0550-y	Paired	NovaSeq6000	TACTGAGGGCTTAGAATTTTCTATAAGCGGGACAGTTTTGTTGGGGCGACAGTTTTTTAAAAAGTAACAAAAACGAACTATGGCTTAGCTTCACCCTGAAAAATTTTTTAAGGGACATTTTTGGTGTGTTTTATGATCCGTTGTTTGGAATGAAAAAAACAACGAAAACAAATAAAAGTTACCCTGGGGATAACAGCGCAATAACGTTTGAGAGTTAATCAACGACGGTGT	asv.136_EE0526
16S	AGACGAGAAGACCCYdTGGAGCTT	GATCCAACATCGAGGTCGTAA	Vert-16S-eDNA-F1	Vert-16S-eDNA-R1	https://doi.org/10.1007/s12686-016-0550-y	Paired	NovaSeq6000	ATTATTACTATCTTTACCAGTTTTAGCAGGTGCTATTACTATGTTATTAACAGATCGTAATTTTAACACAACATTTTTTGATCCTGCAGGAGGAGGTGATCCTGTGTTATATCAACATTTATTCTGATTCTTCGGCCACCCCGAAGTCTA	asv.622_EE0528
16S	AGACGAGAAGACCCYdTGGAGCTT	GATCCAACATCGAGGTCGTAA	Vert-16S-eDNA-F1	Vert-16S-eDNA-R1	https://doi.org/10.1007/s12686-016-0550-y	Paired	NovaSeq6000	TAGACCAAAAATAGCGCTTGTAAAGAAAACTAAATGTAAAAACAGAAAGCCTGTCTATTTTATGTGTCTTCGGTTGGGGCGACCGCGGGGTAGCAATAAAACCCCCATGTGGAAAATGAATACCCTTCTTTAAGCCGAGAGTGACAGCTCAAAGTAACAGAACATCTGACCTAAATTGACCCGGACTAACCGATCAACGAAAACAGTTACCCCAGGGATAACAGCGCAATCCTCTTCCAGAGCCCATATCGACAAGAGGGT	asv.241_EE0526
16S	AGACGAGAAGACCCYdTGGAGCTT	GATCCAACATCGAGGTCGTAA	Vert-16S-eDNA-F1	Vert-16S-eDNA-R1	https://doi.org/10.1007/s12686-016-0550-y	Paired	NovaSeq6000	CAGACATCAGGACAGACCATGTTAAAGACCCCTCAACAAGGGGCTAAACCTAGTGGCTACTGTTCGACTGTCTTTGGTTGGGGCGACCACGGAGAAAAGCAAAACCCCCGTGTGGAACAGGGATAGCCCCCCTTAAACCCAGAGTGACAACTCTAACAAGCGGAATTTCTGGCCAAACATGATCCGGCAAAGCCGATCAACGGACCGAGTTACCCTAGGGATAACAGCGCAATCCCCTTCTAGAGCCCATATCGACAAGGGGGT	asv.242_EE0528
16S	AGACGAGAAGACCCYdTGGAGCTT	GATCCAACATCGAGGTCGTAA	Vert-16S-eDNA-F1	Vert-16S-eDNA-R1	https://doi.org/10.1007/s12686-016-0550-y	Paired	NovaSeq6000	AAACTAACACACAGCTTTTATTTTTCTTCAAACTCTGCTAATTAATGAGCTTACAGATAATCCTAGTTTTGAAGACTATGTCTAGTTTTGGTTGGGGCAACCACGGAGAAAAACTATCCTCCGTTATTAAGCTTTAAAAATTTTCCAAAGAGCTACAACTCTAAAATTATTACTTATGAAAGTATGATCCGCTAAGGCGATCAAAGGAACAAGTTACCGCAGGGATAACAGCGTTATCTTTTCTGAGAGTTCACATTGACGAAAAGGT	asv.243_EE0526
16S	AGACGAGAAGACCCYdTGGAGCTT	GATCCAACATCGAGGTCGTAA	Vert-16S-eDNA-F1	Vert-16S-eDNA-R1	https://doi.org/10.1007/s12686-016-0550-y	Paired	NovaSeq6000	ATTATTATTATCATTACCTGTATTTGCGGGTGCTATTACAATGTTATTAACAGATCGTAATTTTAACACAACTTTTTTTGATCCAGCTGGTGGTGGGGATCCTGTGTTATATCAACATTTATTTTGGTTCTTCGGCCACCCCGAAGTCTA	asv.648_EE0524
16S	AGACGAGAAGACCCYdTGGAGCTT	GATCCAACATCGAGGTCGTAA	Vert-16S-eDNA-F1	Vert-16S-eDNA-R1	https://doi.org/10.1007/s12686-016-0550-y	Paired	NovaSeq6000	TAGACACCAAAGCAGACCATGTTAATCACCCCTAAACAAAGGACTAAACAATATTGAACCCTGCCCTAATGTCTTCGGTTGGGGCGACCACGGAGAAATAAAAAACCCCCGCGTGGAACAGGGGTACTACCCCGACAACTACGAGCCTCCGCTCTATCGAACAGAATTTCTGACCAATTAGATCCGGCAATGCCGACCAACGGACCAAGTTACCCTAGGGATAACAGCGCAATCCCCTTTTAGAGCCCATATCGACAAGGGGGT	asv.244_EE0526
16S	AGACGAGAAGACCCYdTGGAGCTT	GATCCAACATCGAGGTCGTAA	Vert-16S-eDNA-F1	Vert-16S-eDNA-R1	https://doi.org/10.1007/s12686-016-0550-y	Paired	NovaSeq6000	TAGACACCAAAGCAGACCATGTTAATCACCCCTAAACAAAGGACTAAACAATATTGAACCCTGCCCTAATGTCTTCGGTTGGGGCGACCACGGAGAAATAAAAAACCCCCGCGTGGAACAGGGATACTATCCCCACAATCACGAGCCTCCGCTCTACTAAACAGAACCTCCGACCAACCAGATCCGGCAATGCCGACCAACGGACCAAGTTACCCTAGGGATAACAGCGCAATCCCCTTTTAGAGCCCATATCGACAAGGGGGC	asv.245_EE0528
16S	AGACGAGAAGACCCYdTGGAGCTT	GATCCAACATCGAGGTCGTAA	Vert-16S-eDNA-F1	Vert-16S-eDNA-R1	https://doi.org/10.1007/s12686-016-0550-y	Paired	NovaSeq6000	AGTGAGGTATCTAATCTCAGTTTGTGTCTTAGCTTTCGTGGGTTCAAATTAGGTAAAGCCACTTTCGTAGTGGGGCTTCTGGCTCTCAGGTGCGTATAACAGCCTCGAGAGTATTCGGCTTTAGTTCATTGTTATCTAACCACGCTTTACGCCGAGGTTCTGTTAACTTGGGCCCCTCGTATAACCGCGGTGGCTGGCAC	asv.356_EE0528
16S	AGACGAGAAGACCCYdTGGAGCTT	GATCCAACATCGAGGTCGTAA	Vert-16S-eDNA-F1	Vert-16S-eDNA-R1	https://doi.org/10.1007/s12686-016-0550-y	Paired	NovaSeq6000	CCTTCTTTTAGCTGTTCCTGTTTTGGGTGGAGCTATCACTATGCTTCTTACTGACCGTAACTTTGGAACTACATTTTTTGATCCCGCTGGTGGAGGTGACCCTGTTCTATTCCAACACCTTTTTTGATTTTTCGGCCACCCCGAAGTCTA	asv.655_EE0524
16S	AGACGAGAAGACCCYdTGGAGCTT	GATCCAACATCGAGGTCGTAA	Vert-16S-eDNA-F1	Vert-16S-eDNA-R1	https://doi.org/10.1007/s12686-016-0550-y	Paired	NovaSeq6000	TAGACACCAGGGCAGGTCATATTAAGAACCCCTATGTTAAAAGGCAAAACAAGATGAACACTGCCCACATGTCTTTGGTTGGGGCGACCGCGGGGAAACAAACAACCCCCATGTGGACCGGGAGAACTTCTCCTAAAAGCAAGAACCGCAGTTCTAACTAACAGAACTTCTGACCTTTAAGATCCGGCTAGTGCCGATCAACGGACCGAGTTACCCTAGGGATAACAGCGCAATCCCCTTTGAGAGCCCATATCGATGAGGGGGT	asv.246_EE0528
16S	AGACGAGAAGACCCYdTGGAGCTT	GATCCAACATCGAGGTCGTAA	Vert-16S-eDNA-F1	Vert-16S-eDNA-R1	https://doi.org/10.1007/s12686-016-0550-y	Paired	NovaSeq6000	TAATTTATTAATGCAAACAGTACCTAACAAACCCACAGGTCCTAAACTACCAAACCTGCATTAAAAATTTCGGTTGGGGCGACCTCGGAGCAGAACCCAACCTCCGAGCAGTACATGCTAAGACTTCACCAGTCAAAGCGAACTACTATACTCAATTGATCCAATAACTTGACCAACGGAACAAGTTACCCTAGGGATAACAGCGCAATCCTATTCTAGGGTCCATATCAACAATAGGGT	asv.97_EE0526
16S	AGACGAGAAGACCCYdTGGAGCTT	GATCCAACATCGAGGTCGTAA	Vert-16S-eDNA-F1	Vert-16S-eDNA-R1	https://doi.org/10.1007/s12686-016-0550-y	Paired	NovaSeq6000	TAGACAATAAGTAGTGCCTGTAAAGACTTAACAACGCTAAAACAAAAGGTATATCTATTTTGATGTCTTTGGTTGGGGCGACCGCGGGGAAACAAAAAACCCCCACGTGGAATATGAACCTCTTCTTTCAACCAAGAGAGCCATCTCTAAGTACCAGAACATCTGACCTTCTTGACCCGGCACTCGCCGATCAACGAAACCAGTTACCCCAGGGATAACAGCGCAATCCCCTCCCAGAGCCCATATCGACGAGGGGGT	asv.247_EE0526
16S	AGACGAGAAGACCCYdTGGAGCTT	GATCCAACATCGAGGTCGTAA	Vert-16S-eDNA-F1	Vert-16S-eDNA-R1	https://doi.org/10.1007/s12686-016-0550-y	Paired	NovaSeq6000	AGTGGGGTATCTAATCCCAGTTTGTGTCCAAGCTTTCGTGGGGTCAGATGGGTTAGAGCTACTTTCGTAAGGGGTCTTCTTTCTTTCGGGTACGTATGACAGCTTTGAAAGGATTTGGCCCTAGCATTATACTTTCTTAACCACCCTTTACGCCGTGGGAAATTAACTTGGGCCCCTCGTATAACCGCGGTGGCTGGCAC	asv.367_EE0528
16S	AGACGAGAAGACCCYdTGGAGCTT	GATCCAACATCGAGGTCGTAA	Vert-16S-eDNA-F1	Vert-16S-eDNA-R1	https://doi.org/10.1007/s12686-016-0550-y	Paired	NovaSeq6000	TTTATTATTATTATCCCTACCGGTTTTAGCGGGAGCAATAACAATGCTCTTAACTGATAGAAATTTTAATACTGCTTTCTTTGATCCCGCAGGGGGGGGGGACCCTATATTATATCAACATCTATTTTGATTCTTCGGCCACCCCGAGGT	asv.657_EE0526
16S	AGACGAGAAGACCCYdTGGAGCTT	GATCCAACATCGAGGTCGTAA	Vert-16S-eDNA-F1	Vert-16S-eDNA-R1	https://doi.org/10.1007/s12686-016-0550-y	Paired	NovaSeq6000	TAGACACCAAGATAACCTACGTCAAATATTCTTCACAAAGACGCAAACCAAGTAGGACCTCTCCTAATGTCTTCGGTTGGGGCGACCCTGGGGAGATAAATAACCCCCATGAGGAATGGAAATACTTTCTACAACCAAGAGTTACCACTCTAAGGACCAGAACTTCTGACCAAAAGATCCGGCAAAGCCGATCAACGGACCGAGTTACCCTAGGGATAACAGCGCAATCTCCTTTTAGAGACCATATCGACAAGGGGGT	asv.248_EE0526
16S	AGACGAGAAGACCCYdTGGAGCTT	GATCCAACATCGAGGTCGTAA	Vert-16S-eDNA-F1	Vert-16S-eDNA-R1	https://doi.org/10.1007/s12686-016-0550-y	Paired	NovaSeq6000	GGAACTGGATGAACTGTTTATCCCCCGTACTGGCGTTGCATAAAGGTTCATGCTATGTTCAATTCAGCTGGTCTGGTGGTAACGACATTGATACGTATCAGAGCTTGGGATATACTTCAGGAGCAAATCCCGGTAGCCATCCAGACGACAGCGGCAGTCCTGATAGACGCCTCGATCGTTGTGGTAACGGCCCATTCAAT	asv.368_EE0539
16S	AGACGAGAAGACCCYdTGGAGCTT	GATCCAACATCGAGGTCGTAA	Vert-16S-eDNA-F1	Vert-16S-eDNA-R1	https://doi.org/10.1007/s12686-016-0550-y	Paired	NovaSeq6000	ACTTTTATTATCTTTACCGGTTTTAGCAGGTGCAATAACTATGCTACTAACTGATAGAAACTTTAATACTGCTTTTTTTGATCCTAGTGGTGGAGGTGACCCTGTGTTATATCAACATTTATTTTGGTTCTTCGGCCACCCCGAAGTCTA	asv.627_EE0526
16S	AGACGAGAAGACCCYdTGGAGCTT	GATCCAACATCGAGGTCGTAA	Vert-16S-eDNA-F1	Vert-16S-eDNA-R1	https://doi.org/10.1007/s12686-016-0550-y	Paired	NovaSeq6000	AGTGAGGTATCTAATCTCAGTTTGTGTCATAGCTTTCGTGGTGTCAGGGGGGGATTAGAGCCACTTTCGTGGTTGATTTTCTAGTTTTCATGAGCGTATAACAGCTTTGAAGAAATTCAGCTCTAGTTTAAAATAGGTCCTTAGCCACCCTTTACGCCGAATGTTTTTCAACTTGGGCCTTTCGTATAACCGCGGTGGCT	asv.364_EE0526
16S	AGACGAGAAGACCCYdTGGAGCTT	GATCCAACATCGAGGTCGTAA	Vert-16S-eDNA-F1	Vert-16S-eDNA-R1	https://doi.org/10.1007/s12686-016-0550-y	Paired	NovaSeq6000	TAGACAAAAGACAGACCATGTTAAGCACCCTCAAATAAGAGACCAAACTTGATGTTTACTGCCCTAATGTCTTTGGTTGGGGTGACCGCGGCGAAATAAATAACCCCCGTGTAGAAAGAGGGCTCACTCCCTTCGAATCAAGAGCTTCCGCTCAAATAAACAGAACATCTGACTAAATAAGATCCGGCAACGCCGATCAACGGACCGAGTTACCCTATGGATAACAGCGCAATCCCCTTCTAGAGCCCATATCGACAAGGGGGT	asv.249_EE0528
16S	AGACGAGAAGACCCYdTGGAGCTT	GATCCAACATCGAGGTCGTAA	Vert-16S-eDNA-F1	Vert-16S-eDNA-R1	https://doi.org/10.1007/s12686-016-0550-y	Paired	NovaSeq6000	ATAGAGCTAAAGAGAACGGAAATCGCATGCAAGCACCCGCTTACATACCCCGCCCTCTCTCCAACTCTTTGGTTGGGGCAACCGCGGGGATAATACAACCCCCGTGCCGAAACCTCTTAGACTCCGCGTCGCAATCGGAAAGCATGATCCGGCACACCCGAGCAACGAAAAAAGTTACCGTAGGGATAACAGCGTAATCCCTCTTGAGAGCCCACATTGACGGAGGGGC	asv.250_EE0526
16S	AGACGAGAAGACCCYdTGGAGCTT	GATCCAACATCGAGGTCGTAA	Vert-16S-eDNA-F1	Vert-16S-eDNA-R1	https://doi.org/10.1007/s12686-016-0550-y	Paired	NovaSeq6000	AAAGTTCTACAAATTTCATCTCTTCCTTTAACGTTCTCCTATCTTCTCTTATACTCTAGTAGAGGCGTTTTCATAATACTAAAAAGGGTTGGGCCCTTTCCTTTCTATTTGAACTTGCCACTCTACCGCCTACGAACCCTTTACACCCAA	asv.658_EE0526
16S	AGACGAGAAGACCCYdTGGAGCTT	GATCCAACATCGAGGTCGTAA	Vert-16S-eDNA-F1	Vert-16S-eDNA-R1	https://doi.org/10.1007/s12686-016-0550-y	Paired	NovaSeq6000	CGTAAGGGGTCTTCTTTCTTTCGGGTACGTATGACAGCTTTGAAAGGATTTGGCCCTAGCATTATACTTTCTTAACCACCCTTTACGCCGTGGGAAATTAACTTGGGCCCCTCGTATAACCGCGGTGGCTGGCACGAAATTAACCAACCC	asv.660_EE0528
16S	AGACGAGAAGACCCYdTGGAGCTT	GATCCAACATCGAGGTCGTAA	Vert-16S-eDNA-F1	Vert-16S-eDNA-R1	https://doi.org/10.1007/s12686-016-0550-y	Paired	NovaSeq6000	ATTATTAGTATTAGCTTTACCTGTCTTAGCTGGAGCAATTACTATGCTTTTAACTGATAGGAATTTTAATACAACCTTTTTTGATCCTGCGGGTGGAGGAGACCCAATTTTATATCAACATTTATTTTGGTTCTTTGGCCACCCCGAAGT	asv.659_EE0526
16S	AGACGAGAAGACCCYdTGGAGCTT	GATCCAACATCGAGGTCGTAA	Vert-16S-eDNA-F1	Vert-16S-eDNA-R1	https://doi.org/10.1007/s12686-016-0550-y	Paired	NovaSeq6000	GTCGGTAAACTCGTGCCAGCAGCCGCGGTAATACGAAAGGTGCAAGCGTTAATCGGAATTACTGGGCGTAAAGCGCGCGTAGGCGGCTTGGTAAGTTGGATGTGAAAGCCCCGGGCTCAACCTGGGAACTGCATCCAAAACTGCCTAGCTAGAGTATGGTAGAGGATGGCGGAATTTCCTGTGTAGCGGTGAAATGCGTA	asv.370_EE0524
16S	AGACGAGAAGACCCYdTGGAGCTT	GATCCAACATCGAGGTCGTAA	Vert-16S-eDNA-F1	Vert-16S-eDNA-R1	https://doi.org/10.1007/s12686-016-0550-y	Paired	NovaSeq6000	GTCGGTAAAACTCGTGCCAGCAGCCGCGGTAATACGGAGGGTGCAAGCGTTAATCGGAATTACTGGGCGTAAAGCGCACGCAGGCGGTCTGTCAAGTCGGATGTGAAATCCCCGGGCTCAACCTGGGAACTGCATTCGAAACTGGCAGGCTAGAGTCTTGTAGAGGGGGTAGAATTCCAGGTGTAGCGGTGAAATGCGTA	asv.371_EE0524
16S	AGACGAGAAGACCCYdTGGAGCTT	GATCCAACATCGAGGTCGTAA	Vert-16S-eDNA-F1	Vert-16S-eDNA-R1	https://doi.org/10.1007/s12686-016-0550-y	Paired	NovaSeq6000	TAGACACCAAAGCAGACCATGTTAATTATCCCTAAACAAGGGACTAAACAATATTGAACCCTGCCCTAATGTCTTCGGTTGGGGCGACCACGGAGAAATAAAAAACCCCCGCGTGGAATAGGGATACTATCCTGACAATCACGAGCCTCCGCTCTACTAAACAGAACCTCTGACCTTTTAGATCCGGCAATGCCGACCAACGGACCAAGTTACCCTAGGGATAACAGCGCAATCCCCTTTTAGAGCCCATATCGACAAGGGGGT	asv.251_EE0528
16S	AGACGAGAAGACCCYdTGGAGCTT	GATCCAACATCGAGGTCGTAA	Vert-16S-eDNA-F1	Vert-16S-eDNA-R1	https://doi.org/10.1007/s12686-016-0550-y	Paired	NovaSeq6000	TTCGTAAGGGGTCTTCTTTCTTTCGGGTACGTATGACAGCTTTGAAAGGATTTGGCCCTAGCATTATACTTTCTTAACCACCCTTTACGCCGTGGGAAATTAACTTGGGCCCCTCGTATAACCGCGGTGGCTGGCACGAGTTTTACCGAC	asv.662_EE0528
16S	AGACGAGAAGACCCYdTGGAGCTT	GATCCAACATCGAGGTCGTAA	Vert-16S-eDNA-F1	Vert-16S-eDNA-R1	https://doi.org/10.1007/s12686-016-0550-y	Paired	NovaSeq6000	TGCAGCCTTATTGCTGATCATGGACCGTAGTTTTGGCACCTCCTTTTTCCTTTCTGATATTTTTATTCAAGGCGAAGTACTGCATTACCAAGGGGGTTCACCGGTATTGTACGAACACCTATTTTGATTCTTCGGCCATCCCGAAGTCTA	asv.663_EE0524
16S	AGACGAGAAGACCCYdTGGAGCTT	GATCCAACATCGAGGTCGTAA	Vert-16S-eDNA-F1	Vert-16S-eDNA-R1	https://doi.org/10.1007/s12686-016-0550-y	Paired	NovaSeq6000	TACTGGAGACTTATATTGTTTTTTTCAATTTATGAGGTAGGTGTACTATTTAATTTTTTGGTGAGAACTAATTATAGGTGTAAGTTGGACAGTTTGATTGGGGCGATCGCCTTCTAAAGAGTAACGAAGGTGCACATAAGGTGAATACTGTAATAGAATAGAATAAAAGCTTGACAGTAAGAGTAATTCTCGAGCTGACACGGTGGGTAATAACCGTGGGTTATAGTGACCCGTTTGTTTAGTGTGGAATAACAAACGATCAATAAATAAAAGTTACCACGGGGATAACAGCGTAATCTCGTTTGAGAGTTCGTATCGATGACGATGT	asv.252_EE0526
16S	AGACGAGAAGACCCYdTGGAGCTT	GATCCAACATCGAGGTCGTAA	Vert-16S-eDNA-F1	Vert-16S-eDNA-R1	https://doi.org/10.1007/s12686-016-0550-y	Paired	NovaSeq6000	CCTTCTTTTAGCTGTTCCTGTTTTGGGTGGAGCTATCACTATGCTTCTTACTGACCGTAACTTTGGAACTACATTTTTTGATCCCGCTGGTGGAGGTGACCCTGTTCTATTCCAACACCTTTTTTGGTTCTTCGGCCACCCCGAGGTCTA	asv.665_EE0524
16S	AGACGAGAAGACCCYdTGGAGCTT	GATCCAACATCGAGGTCGTAA	Vert-16S-eDNA-F1	Vert-16S-eDNA-R1	https://doi.org/10.1007/s12686-016-0550-y	Paired	NovaSeq6000	AGTGAGGTATCTAATCTCAGTTTGGGTCTTAGCTATTGTGTGTTCAGATATGTTAAAGCCACTTTCGTAGTCTATTTTGTGTCAACTGGAGTTTTTTACAACTCAGGTGAGTTTTAGCTTTATTGGGGAGGGGGTGATCTAAAACACTCTTTACGCCGGCTTCTATTGACTTGGGTTAATCGTGTGACCGCGGTGGCTGG	asv.336_EE0541
16S	AGACGAGAAGACCCYdTGGAGCTT	GATCCAACATCGAGGTCGTAA	Vert-16S-eDNA-F1	Vert-16S-eDNA-R1	https://doi.org/10.1007/s12686-016-0550-y	Paired	NovaSeq6000	GTAGTCTATTTTGTGTCAACTGGAGTTTTTTACAACTCAGGTGAGTTTTAGCTTTATTGGGGAGGGGGTGATCTAAAACACTCTTTACGCCGGCTTCTATTGACTTGGGTTAATCGTGTGACCGCGGTGGCTGGCACGAGTTTTACCGAC	asv.626_EE0526
16S	AGACGAGAAGACCCYdTGGAGCTT	GATCCAACATCGAGGTCGTAA	Vert-16S-eDNA-F1	Vert-16S-eDNA-R1	https://doi.org/10.1007/s12686-016-0550-y	Paired	NovaSeq6000	AGTCTATTTTGTGTCAACTGGAGTTTTTTACAACTCAGGTGAGTTTTAGCTTTATTGGGGAGGGGGTGATCTAAAACACTCTTTACGCCGGCTTCTATTGACTTGGGTTAATCGTGTGACCGCGGTGGCTGGCACGAAATTGACCAGTCC	asv.634_EE0526
16S	AGACGAGAAGACCCYdTGGAGCTT	GATCCAACATCGAGGTCGTAA	Vert-16S-eDNA-F1	Vert-16S-eDNA-R1	https://doi.org/10.1007/s12686-016-0550-y	Paired	NovaSeq6000	GGTACTGGATGAACTGTTTATCCCCCGCTCTCTAATTCAGGCGGATACGGGCACGATGGGGCCGCCGTCGACATGGCGATCTTCTCGCTTCACCTGGCAGGCGCGTCGTCAATCCTCGGCGCCGTAAATTTCATCACGACGATTTTCAATATGCGCGCTCCCGGCATGACCCTGCATAAAATGCCTTTGTTTGTTTGGGC	asv.357_EE0526
16S	AGACGAGAAGACCCYdTGGAGCTT	GATCCAACATCGAGGTCGTAA	Vert-16S-eDNA-F1	Vert-16S-eDNA-R1	https://doi.org/10.1007/s12686-016-0550-y	Paired	NovaSeq6000	ACTTTTATTATCTTTACCGGTTTTAGCAGGTGCAATAACTATGCTACTAACTGATAGAAACTTTAATACTGCTTTTTTTGATCCTAGTGGTGGAGGTGACCCTGTGTTATATCAACATTTATTTTGGTTCTTCGGCCACCCCGAAGTCTA	asv.627_EE0528
16S	AGACGAGAAGACCCYdTGGAGCTT	GATCCAACATCGAGGTCGTAA	Vert-16S-eDNA-F1	Vert-16S-eDNA-R1	https://doi.org/10.1007/s12686-016-0550-y	Paired	NovaSeq6000	ACTTCTTTTAGCTGTTCCTGTTTTGGGTGGAGCTATCACCATGCTACTTACTGACCGTAACTTTGGGACTACATTTTTTGATCCAGCTGGTGGAGGTGACCCTGTTCTTTTCCAACACCTTTTCTGATTTTTCGGCCACCCCGAAGTCTA	asv.666_EE0524
16S	AGACGAGAAGACCCYdTGGAGCTT	GATCCAACATCGAGGTCGTAA	Vert-16S-eDNA-F1	Vert-16S-eDNA-R1	https://doi.org/10.1007/s12686-016-0550-y	Paired	NovaSeq6000	TAGACACCAAAGCAGACCGTGTTAATCACCCCTAAACAAAGGACTAAACAATATTGAACCCTGCCCTAATGTCTTCGGTTGGGGCGACCACGGAGAAATAAAAAACCCCCGCGTGGAACAGGGGTACTACCCCCACAACTACGAGCCTCCGCTCTATCGAACAGAATTTCTGACCAATTAGATCCGGCAATGCCGACCAACGGACCAAGTTACCCTAGGGATAACAGCGCAATCCCCTTTTAGAGCCCATATCGACAAGGGGGT	asv.254_EE0526
16S	AGACGAGAAGACCCYdTGGAGCTT	GATCCAACATCGAGGTCGTAA	Vert-16S-eDNA-F1	Vert-16S-eDNA-R1	https://doi.org/10.1007/s12686-016-0550-y	Paired	NovaSeq6000	TAGACACTAAAGCAGATCAGCATTAATTCTCCAGATATGGGGCACGAATAAACTGAACCCTGCCCTAATGTCTTAGGTTGGGGCGACCGCGGAGAAATAAAAAACCCCCGCAAGGACCGAATGTACTACATTCACAACCAAGAGCGACAGCTCTAATCAACAGATACTTCTGACCAGTAAGATCCGGCAACGCCGATCAATGGACCAAGTTACCCTAGGGATAACAGCGCAATCTCCTCTTAGAGCCCGTATCAACGAGGAGGT	asv.255_EE0528
16S	AGACGAGAAGACCCYdTGGAGCTT	GATCCAACATCGAGGTCGTAA	Vert-16S-eDNA-F1	Vert-16S-eDNA-R1	https://doi.org/10.1007/s12686-016-0550-y	Paired	NovaSeq6000	TGATTGGGCTTCTGACCTTCGGGTGCGTATAACAGCTTTGAAGGTGTTTGGCTTTAGTAAAGTATAGTACTTAACCACTCTTTACGCCGATTGTCTGTCAACTTGGGTCTCTCGTATAACCGCGGTGGCTGGCACGAAATTTACCAACCC	asv.664_EE0526
16S	AGACGAGAAGACCCYdTGGAGCTT	GATCCAACATCGAGGTCGTAA	Vert-16S-eDNA-F1	Vert-16S-eDNA-R1	https://doi.org/10.1007/s12686-016-0550-y	Paired	NovaSeq6000	AAGATATAAAATCACACGCACTAAATAGCCTATGCCCAATAGGAATAAAAAGCTAGTTTATAATGCGTTGGTTGATTGGATTGTCTTCGGTTGGGGCGACCGCGGAGGAGAAAAAAGCCTCCATGTGGAGTGGGGTAATATTCCCTAAAGCTGAGAGCTACAGCTCTAAGAAGCAGAATATCTGACCAGAAATGATCCAGGCCAAGGCCTGATCAACGAACCAAGTTACCCTAGGGATAACAGCGCAATCCTTTCTCAGAGTTCATATCGACGAAAGGGT	asv.256_EE0528
16S	AGACGAGAAGACCCYdTGGAGCTT	GATCCAACATCGAGGTCGTAA	Vert-16S-eDNA-F1	Vert-16S-eDNA-R1	https://doi.org/10.1007/s12686-016-0550-y	Paired	NovaSeq6000	GGAACAGGATGAACAGTTTATCCCCCCCAAGCGATTTTAGAAGGAACACCCGGCTCTGGTATGGGAATAATATTAATGTGCGTATCTTTAATCTTATTTGTTGCTGGGTTTACAATGGGTGGTTTGAACTATTTAATTACAGTTTTGCAAGCTAGAACAAGAGGAATGACATTGATGAGAATGCCCTTAACAGTTTGGGG	asv.347_EE0528
16S	AGACGAGAAGACCCYdTGGAGCTT	GATCCAACATCGAGGTCGTAA	Vert-16S-eDNA-F1	Vert-16S-eDNA-R1	https://doi.org/10.1007/s12686-016-0550-y	Paired	NovaSeq6000	TCTACGCATTTCACCGCTACACAGGAAATTCCGCCATCCTCTACCATACTCTAGCTAGGCAGTTTTGGATGCAGTTCCCAGGTTGAGCCCGGGGCTTTCACATCCAACTTACCAAGCCGCCTACGCGCGCTTTACGCCCAGTAATTCCGA	asv.668_EE0524
16S	AGACGAGAAGACCCYdTGGAGCTT	GATCCAACATCGAGGTCGTAA	Vert-16S-eDNA-F1	Vert-16S-eDNA-R1	https://doi.org/10.1007/s12686-016-0550-y	Paired	NovaSeq6000	TCTTTTATTATTATCTCTTCCCGTATTGGCTGGAGCTATTACTATACTTCTTACTGATCGTAATCTTAATACAACCTTTTATGACCCTACAGGAGGAGGGGATCCTGTTTTATATCAACACTTGTTCTGATTCTTTGGCCACCCCGAAGT	asv.670_EE0524
16S	AGACGAGAAGACCCYdTGGAGCTT	GATCCAACATCGAGGTCGTAA	Vert-16S-eDNA-F1	Vert-16S-eDNA-R1	https://doi.org/10.1007/s12686-016-0550-y	Paired	NovaSeq6000	TAGACACCAAAGCAGACCATGTTAATTATCCCTAAACAAGGGACTAAACAATATTGAACCCTGCCCTAATGTCTTCGGTTGGGGCGACCACGGAGAAATAAAAAACCCCCGCGTGGAATAGGGATACTATCCTGACAATCACGAGCCTCCGCTCTACTAAACAGAACCTCTGACCTTTTAGATCCGGCAATGCCGACCAACGGACCAAGTTACCCTAGGGATGACAGCGCAATCCCCTTTTAGAGCCCATATCGACAAGGGGGT	asv.257_EE0528
16S	AGACGAGAAGACCCYdTGGAGCTT	GATCCAACATCGAGGTCGTAA	Vert-16S-eDNA-F1	Vert-16S-eDNA-R1	https://doi.org/10.1007/s12686-016-0550-y	Paired	NovaSeq6000	TTTGCTTCTGTTGTCGCTTCCTGTGTTGGCTGGAGCTATAACTATGCTGCTCACTGACCGCAATTTCAATACAACTTTTTTTGATCCTGCAGGGGGCGGCGACCCTGTCCTCTATCAACACTTGTTCTGATTCTTCGGCCACCCCGAAGT	asv.640_EE0528
16S	AGACGAGAAGACCCYdTGGAGCTT	GATCCAACATCGAGGTCGTAA	Vert-16S-eDNA-F1	Vert-16S-eDNA-R1	https://doi.org/10.1007/s12686-016-0550-y	Paired	NovaSeq6000	AGTGGGGTATCTAATCCCAGTTTGTGCCCTGGCTTTCGTGGGTTCGGGGGCGGGGTAAAGCCACTTTCGTGGTGGGGCTTCGAGTTCTCGGGAGCGTATAACAGCGTTGAGAATGTTCGGCTTTATTTTGTAAAAACCCTTAACCACCCTTTACGCCGATTCCTGTCAACTTGGGCCTCTCGTATAACCGCGGTTGCTGG	asv.372_EE0526
16S	AGACGAGAAGACCCYdTGGAGCTT	GATCCAACATCGAGGTCGTAA	Vert-16S-eDNA-F1	Vert-16S-eDNA-R1	https://doi.org/10.1007/s12686-016-0550-y	Paired	NovaSeq6000	ACAGCAAAACTCAAACTCTTATTATACTTTATTCTTTACTAATACGTGACATTATAAGGAAACAAAGCCTCTAGGAGATTAGAGAAAGCTTTGGTTGGGGCAATCACGGAGTAAAATAACCCTCCGCTAATACAGAAAACTATACTAAGAACCACAATTCTAAAATCAACAATGAAAGTATGATCCACTAAGGTGATCAAAGGAACAAGTTACCGCAGGGATAACAGCGTTATCTTTTCTGAGAGTTCACATTGACGAAAAGGT	asv.239_EE0526
16S	AGACGAGAAGACCCYdTGGAGCTT	GATCCAACATCGAGGTCGTAA	Vert-16S-eDNA-F1	Vert-16S-eDNA-R1	https://doi.org/10.1007/s12686-016-0550-y	Paired	NovaSeq6000	CTTATTATTATTGTCTTTACCTGTATTGGCTGGAGCGATAACAATGTTATTGACTGATAGAAACTTTAACACCACCTTCTTTGATCCAGCGGGAGGAGGAGATCCTGTATTATATCAACACTTGTTTTGGTTCTTCGGCCATCCCGAGGT	asv.669_EE0528
16S	AGACGAGAAGACCCYdTGGAGCTT	GATCCAACATCGAGGTCGTAA	Vert-16S-eDNA-F1	Vert-16S-eDNA-R1	https://doi.org/10.1007/s12686-016-0550-y	Paired	NovaSeq6000	GTTGGTAAATCTCGTGCCAGCAGCCGCGGTAATACGGGAGGGGCAAGCGTTATCTGGAATAATTGGGCGTAAAGGGTTCGTAGACTGTATTGTAAGTTATTTGTTAAATCCTAGAGCTTAACTCTAGAAAAGCATTTAATACTACTATACTAGAGTTTTGTGCAGAAGAGTAGAATTTCATGTCGAGGAGTAACGACTGC	asv.369_EE0528
16S	AGACGAGAAGACCCYdTGGAGCTT	GATCCAACATCGAGGTCGTAA	Vert-16S-eDNA-F1	Vert-16S-eDNA-R1	https://doi.org/10.1007/s12686-016-0550-y	Paired	NovaSeq6000	GGAACAGGATGAACTGTTTATCCCCCTCTAAGGCAAAGAATAGGTCTCTGTATGGATCTAGCTATTTTTTCATTACACCTTGCTGGAGCAGCTTCTATTATAGGAGGAATTAACTTCATTGCTACAGGATGATGTAATCAAATTGAGCTAGAACGACTTAGGCTATTTGTAATTAGAAGACTAGTAACTGTATTCCTTTT	asv.375_EE0528
16S	AGACGAGAAGACCCYdTGGAGCTT	GATCCAACATCGAGGTCGTAA	Vert-16S-eDNA-F1	Vert-16S-eDNA-R1	https://doi.org/10.1007/s12686-016-0550-y	Paired	NovaSeq6000	GTAGTGGGGATTCTAGTTCTCAGGAACGTATAACAGTTCTGAAAATATTCGTCTTTAATTCAAAGTAATATTAACCACTCTTTACGCCGAGGGTCTATCAACTTGGGCCTCTCGTATAACCGCGGTGGCTGGCACGAAATTTACCAACCC	asv.651_EE0526
16S	AGACGAGAAGACCCYdTGGAGCTT	GATCCAACATCGAGGTCGTAA	Vert-16S-eDNA-F1	Vert-16S-eDNA-R1	https://doi.org/10.1007/s12686-016-0550-y	Paired	NovaSeq6000	TAGACACTAAGCCAGATCACGTCAAATACCCCCACTAAAGGATCGAACTTACTGCAACCTGGCCTGATGTCTTTGGTTGGGGCGACCTCGGGGAAGCAAAAAACCCCCGCGTGGAATGGAAGAACTCTGCTTCCAGAACCAAGAGCCACCCCTCAAATTAACAGAATTTCTGACCAATTACAGATCCGGCTCAACGCCGATCAACGGACCGAGTTACCCCAGCGATAACAGCGCAATCCTCTTTTAGAGCCCATATCGACAAGAGGGT	asv.258_EE0526
16S	AGACGAGAAGACCCYdTGGAGCTT	GATCCAACATCGAGGTCGTAA	Vert-16S-eDNA-F1	Vert-16S-eDNA-R1	https://doi.org/10.1007/s12686-016-0550-y	Paired	NovaSeq6000	ATTATTATTAAGTTTGCCTGTATTAGCAGCAGCGATTACAATGTTATTAACTGATAGAAATTTTAATACAAGTTTTTTTGATCCAATGGGAGGAGGAGACCCGATTTTGTATCAACATTTATTTTGATTCTTCGGCCATCCCGAAGTCTA	asv.661_EE0528
16S	AGACGAGAAGACCCYdTGGAGCTT	GATCCAACATCGAGGTCGTAA	Vert-16S-eDNA-F1	Vert-16S-eDNA-R1	https://doi.org/10.1007/s12686-016-0550-y	Paired	NovaSeq6000	TAGACACTAGAACAGCCCAAATCAAAAACTTTCCATAAAAAGACTAAACCAACTGGCCCCTTTTCTAATGTCTTTGGTTGGGGCGACCATGGAGAATCACAAAGCCTCCACGCGGAATGGAATCAAACCTTTCTACAACCAAGAATTACAATTCTAAGTATCAGAACTTCTGACCTCTCGTGATCCGGCCAAAGCCGATCAACGGACCGAGTTACTCTAGGGATAACAGCGCGATCTCCTTCAAGAGCCCCTATCGACAAGGAGGT	asv.259_EE0526
16S	AGACGAGAAGACCCYdTGGAGCTT	GATCCAACATCGAGGTCGTAA	Vert-16S-eDNA-F1	Vert-16S-eDNA-R1	https://doi.org/10.1007/s12686-016-0550-y	Paired	NovaSeq6000	CAGACACAAAAATAGACTACGTTAATACCCTCCCCTGACCGAGACTAAACCAAGTAGCCCACTATTTTTTTGTCTTTGGTTGGGGCGACCGCGGGGAAATGAACAACCCCCATGTGGAAAAGGAAACCTCCTTTAAGACAAGGCCGACAGGCCAAGCAAGCAGAACATCTGACCAATACAGATCCGGCAAAGCCGATCAACGGACCCAGTTACCCTAGGGATAACAGCGCAATCCCCTTTTAGAGTCCCTATCGACAAGGGGGT	asv.260_EE0528
16S	AGACGAGAAGACCCYdTGGAGCTT	GATCCAACATCGAGGTCGTAA	Vert-16S-eDNA-F1	Vert-16S-eDNA-R1	https://doi.org/10.1007/s12686-016-0550-y	Paired	NovaSeq6000	TAGACAAAAGACAGACCATGTTAAGCACCCTCAAATAAGAGACCAAACTTGATGTTTACTGCCATAATGTCTTTGGTTGGGGTGACCGCGGCGAAATAAATAACCCCCGTGTAGAAAGAGGGCTCACTCCCTTCGAATCAAGAGCTTCCGCTCAAATAAACAGAACATCTGACTAAATAAGATCCGGCAACGCCGATCAACGGACCGAGTTACCCTAGGGATAACAGCGCAATCCCCTTCTAGAGCCCATATCGACAAGGGGGT	asv.261_EE0528
16S	AGACGAGAAGACCCYdTGGAGCTT	GATCCAACATCGAGGTCGTAA	Vert-16S-eDNA-F1	Vert-16S-eDNA-R1	https://doi.org/10.1007/s12686-016-0550-y	Paired	NovaSeq6000	ATTATTACTATCTTTACCTGTTTTAGCAGGTGCAATAACTATGTTATTAACAGATAGAAACTTCAATACTAGCTTCTTTGATCCTGCTGGTGGTGGTGATCCTATATTATATCAGCATTTATTCTGGTTCTTCGGCCATCCCGAAGTCTA	asv.652_EE0526
16S	AGACGAGAAGACCCYdTGGAGCTT	GATCCAACATCGAGGTCGTAA	Vert-16S-eDNA-F1	Vert-16S-eDNA-R1	https://doi.org/10.1007/s12686-016-0550-y	Paired	NovaSeq6000	GGTTAGGTAACTAGATTGAATGACCTACAAAGGCATAGTATGAATGCATTCTGATAGTGGTAGAGTAGGGGTTTGGTATATGATCCCGTTTTACATGGATTGGAGTTGTAATTAGTTTTTTTGGTTGCTGATGTTTTGCTGGGGCAGCACGAAGTTAGAAAGAACACTTTGGGTCACGGTATGCGGATCCTATCTGATAGAAAACAGCAAAAGTTACCGCGGGGATAACAGCGCGATTCTCTGTGATAGGCCGTATTGAAGAGAGAGT	asv.262_EE0526
16S	AGACGAGAAGACCCYdTGGAGCTT	GATCCAACATCGAGGTCGTAA	Vert-16S-eDNA-F1	Vert-16S-eDNA-R1	https://doi.org/10.1007/s12686-016-0550-y	Paired	NovaSeq6000	GCTCCAGCTAAGACAGGTAAAGCTAATACTAATAATATTGTTGTTAATAAAATAGATCAAACAAATAACGGTAATCTATCCATAGTCATCCCTGGTGCTCTCATATTTAAAATTGTGGTTATAAAATTTATGGAGCTTAATATAGAAGAAATTCCGGCTAAATGAAGGCTAAATATTGCCATATCCACTGAGCCCCCGGA	asv.380_EE0526
16S	AGACGAGAAGACCCYdTGGAGCTT	GATCCAACATCGAGGTCGTAA	Vert-16S-eDNA-F1	Vert-16S-eDNA-R1	https://doi.org/10.1007/s12686-016-0550-y	Paired	NovaSeq6000	GGTACTGGATGAACTGTTTATCCCCCGCTCTCTAATTCAGGCGGATACGGGCACGATGGGGCCGCCGTCGACATGGCGATCTTCTCGCTTCACCTGGCAGGCGCGTCGTCAATCCTCGGCGCCGTAAATTTCATCACGACGATTTTCAATATGCGCGCTCCCGGCATGACCCTGCATAAAATGCCTTTGTTTGTTTGGGC	asv.357_EE0528
16S	AGACGAGAAGACCCYdTGGAGCTT	GATCCAACATCGAGGTCGTAA	Vert-16S-eDNA-F1	Vert-16S-eDNA-R1	https://doi.org/10.1007/s12686-016-0550-y	Paired	NovaSeq6000	TCTACGCATTTCACCGCTACACCTGAAATTCTACCCCCCTCTACAGTACTCTAGTCTGCCAGTTTCAAATGCTATTCCGAGGTTGAGCCCCGGGCTTTCACATCTGACTTAACAAACCACCTGCATGCGCTTTACGCCCAGTAATTCCGA	asv.619_EE0537
16S	AGACGAGAAGACCCYdTGGAGCTT	GATCCAACATCGAGGTCGTAA	Vert-16S-eDNA-F1	Vert-16S-eDNA-R1	https://doi.org/10.1007/s12686-016-0550-y	Paired	NovaSeq6000	AGTGAGGTATCTAATCTCAGTTTGTGCCCTAGCTTTCGTGGGTTCAGTTTGTTTAAAGCCACTTTCGTGATTGGGCTTCTGACCTTCGGGTGCGTATAACAGCTTTGAAGGTGTTTGGCTTTAGTGATATGTTGTACTTAACCACTCTTTACGCCGATTGTCTGTCAACTTGGGTCTCTCGTATAACCGCGGTGGCTGGC	asv.373_EE0526
16S	AGACGAGAAGACCCYdTGGAGCTT	GATCCAACATCGAGGTCGTAA	Vert-16S-eDNA-F1	Vert-16S-eDNA-R1	https://doi.org/10.1007/s12686-016-0550-y	Paired	NovaSeq6000	AGTGAGGTATCTAATCTCAGTTTGTGTCTTAGCTTTCGTGGGTTCAAATTAGGTAAAGCCACTTTCGTAGTGGGGCTTCTGGCTCTCAGGTGCGTATAACAGCCTCGAGAGTATTCGGCTTTAGTTCATTGTTATCTAACCACGCTTTACGCCGAGGTTCTGTTAACTTGGGCCCCTCGTATAACCGCGGTGGCTGGCAC	asv.356_EE0526
16S	AGACGAGAAGACCCYdTGGAGCTT	GATCCAACATCGAGGTCGTAA	Vert-16S-eDNA-F1	Vert-16S-eDNA-R1	https://doi.org/10.1007/s12686-016-0550-y	Paired	NovaSeq6000	ATTATTACTATCTTTACCTGTTTTAGCAGGTGCAATAACTATGTTATTAACAGATAGAAACTTCAATACTAGCTTCTTTGATCCTGCTGGTGGTGGTGATCCTATATTATATCAGCATTTATTCTGATTCTTTGGCCACCCCGAAGTCTA	asv.628_EE0528
16S	AGACGAGAAGACCCYdTGGAGCTT	GATCCAACATCGAGGTCGTAA	Vert-16S-eDNA-F1	Vert-16S-eDNA-R1	https://doi.org/10.1007/s12686-016-0550-y	Paired	NovaSeq6000	TTTACTTCTTCTCTCATTACCTGTACTCGCAGGAGCAATTACAATGCTATTAACCGATCGAAACTTTTCAACCAGTTTCTTTGATCCAAGTGGTGGAGGAGACCCTATTTTATACCAACATTTATTTTGATTCTTCGGCCACCCCGAAGT	asv.653_EE0528
16S	AGACGAGAAGACCCYdTGGAGCTT	GATCCAACATCGAGGTCGTAA	Vert-16S-eDNA-F1	Vert-16S-eDNA-R1	https://doi.org/10.1007/s12686-016-0550-y	Paired	NovaSeq6000	GGTACTGGATGAACAGTTTATCCCCCACAAGCGATTTTAGAGGGAACACCTGGCTCTGGTATGGGAATAATATTAATGTGCGTATCTTTAATCTTATTTGTTGCTGGATTTACAATGGGTGGTTTGAACTATTTAATTACAGTTTTGCAAGCTAGAACAAGAGGAATGACATTGATGAGAATGCCCTTAACAGTTTGGGG	asv.361_EE0528
16S	AGACGAGAAGACCCYdTGGAGCTT	GATCCAACATCGAGGTCGTAA	Vert-16S-eDNA-F1	Vert-16S-eDNA-R1	https://doi.org/10.1007/s12686-016-0550-y	Paired	NovaSeq6000	TAGACAAAAAATGGAACCTGTAAATGTACCCTAAAAGTAAAAACAAAAGGTACCCCATTCTTATGTCTTTGGTTGGGGCGACCGCGGGGAACATAAAACCCCCATGTGGTATCTGAAAATACTTCTTTAAACATAGAGTGACAACTCAAAGAGACAGAAATTCCGACCTAATATGACCCGGCATATTACTGCCGATCAACGAAACTAGTTACCCCAGGGATAACAGCGCAATCCTCTCCCAGAGCCCATATCGACAAGAGGGT	asv.264_EE0528
16S	AGACGAGAAGACCCYdTGGAGCTT	GATCCAACATCGAGGTCGTAA	Vert-16S-eDNA-F1	Vert-16S-eDNA-R1	https://doi.org/10.1007/s12686-016-0550-y	Paired	NovaSeq6000	AGTGAGGTATCTAATCTCAGTTTGTGTCTTAGCTTTCGTGGATTCAAAATAATAAAGCCACTTTCGTTGGTGAACTTCTAGTACTCAGTAACGTATAACAGCTTTGAGAACATTCGGCTTTAGTTTGCATTCATCTAACCACTCTTTACGCCGAGGGTTTGTCAACTTGGGCCTCTCGTATAACCGCGGTGGCTGGCACG	asv.365_EE0526
16S	AGACGAGAAGACCCYdTGGAGCTT	GATCCAACATCGAGGTCGTAA	Vert-16S-eDNA-F1	Vert-16S-eDNA-R1	https://doi.org/10.1007/s12686-016-0550-y	Paired	NovaSeq6000	AGTGAGGTATCTAATCTCAGTTTGGGTCTTAGCTATTGTGTGTTCAGATATGTTAAAGCCACTTTCGTAGTCTATTTTGTGTCAACTGGAGTTTTTTACAACTCAGGTGAGTTTTAGCTTTATTGGGGAGGGGGTGATCTAAAACACTCTTTACGCCGGCTTCTATTGACTTGGGTTAATCGTGTGACCGCGGTGGCTGG	asv.336_YE-08
16S	AGACGAGAAGACCCYdTGGAGCTT	GATCCAACATCGAGGTCGTAA	Vert-16S-eDNA-F1	Vert-16S-eDNA-R1	https://doi.org/10.1007/s12686-016-0550-y	Paired	NovaSeq6000	AGTGAGGTATCTAATCTCAGTTTGTGCCCTAGCTTTCGTGGGTTCAGTTGGTTTAAAGCCACTTTCGTGATTGGGCTTCTGATCTTCGGGTGCGTATAACAGCTTTGAAGGTGTTTGGCTTTAGTGAAATATGTTACTTAACCACTCTTTACGCCGATTGTCTGTCAACTTGGGTCTCTCGTATAACCGCGGTGGCTGGC	asv.382_EE0528
16S	AGACGAGAAGACCCYdTGGAGCTT	GATCCAACATCGAGGTCGTAA	Vert-16S-eDNA-F1	Vert-16S-eDNA-R1	https://doi.org/10.1007/s12686-016-0550-y	Paired	NovaSeq6000	GTAACGGGGCTTCGAATCTTCGGGGGCGTATAACAGCGTTGAAGATATTCGGCTTTATTTTATAGGGATCCCTAACCACCCTTTACGCCGGTGCCTATCAACTTGGGCCTCTCGTATAACCGCGGTGGCTGGCACGAAATTTACCAACCC	asv.676_EE0528
16S	AGACGAGAAGACCCYdTGGAGCTT	GATCCAACATCGAGGTCGTAA	Vert-16S-eDNA-F1	Vert-16S-eDNA-R1	https://doi.org/10.1007/s12686-016-0550-y	Paired	NovaSeq6000	TCTCCTCCTCCTCTCCCTTCCTGTTCTTGCCGGAGCAATTACCATGCTTCTAACAGATCGAAATCTAAATACTACTTTCTTCGACCCTTCTGGAGGGGGTGACCCCATTCTCTTCCAACACTTATTTTGATTTTTCGGCCACCCCGAAGT	asv.679_EE0528
16S	AGACGAGAAGACCCYdTGGAGCTT	GATCCAACATCGAGGTCGTAA	Vert-16S-eDNA-F1	Vert-16S-eDNA-R1	https://doi.org/10.1007/s12686-016-0550-y	Paired	NovaSeq6000	TAGACAAAAAATGGCCCCTGTATATAAACCTTAAAAAGTTAAAACAAAAGGCACCCCATTCTTATGTCTTTGGTTGGGGCGACCGCGGGGAAATATAAAACCCCCACGTGGTATTTGAAAATACTTCTTTAAACCTAGAGTGGCAACTCAAAGAAACAGAAATTCTGACCTAATATGACCCGGCACATTTCTGCCGATCAACGAAACTAGTTACCCCAGGGATAACAGCGCAATCCTCTCCCAGAGTCCATATCGACAAGAGGGT	asv.265_EE0526
16S	AGACGAGAAGACCCYdTGGAGCTT	GATCCAACATCGAGGTCGTAA	Vert-16S-eDNA-F1	Vert-16S-eDNA-R1	https://doi.org/10.1007/s12686-016-0550-y	Paired	NovaSeq6000	AGTGAGGTATCTAATCTCAGTTTGTGTCTTAGCTTTCGTGGCCTCAATAACATAAAGTCACTTTCGTAGTGGGGATTCTAGTTCTCAGGAACGTATAACAGTTCTGAAAATATTCGTCTTTAATTCAAAGTAATATTAACCACTCTTTACGCCGAGGGTCTATCAACTTGGGCCTCTCGTATAACCGCGGTGGCTGGCAC	asv.344_EE0528
16S	AGACGAGAAGACCCYdTGGAGCTT	GATCCAACATCGAGGTCGTAA	Vert-16S-eDNA-F1	Vert-16S-eDNA-R1	https://doi.org/10.1007/s12686-016-0550-y	Paired	NovaSeq6000	AAACTAGAGCAAAAGCCTGAATCCCCCTCACCATTTACCTAATTAAATTTATTTAGTAAAGGCCCGAGAGATGGTTTTTTGCAGTAGTTTTAGTTGGGGCAACTGCGGAGAAGAAGACCCTCCGCTACAATTTAAGTTTCTAGGAAGACTGTCCTGAGACAGTGCTAAAGAGTGATCCACTTAGGTGATCAAAGGAACAAGTTACCGTAGGGATAACAGCGTAATCTTTTCCGAGAGTTCATATTGACAAAAAGGT	asv.233_EE0526
16S	AGACGAGAAGACCCYdTGGAGCTT	GATCCAACATCGAGGTCGTAA	Vert-16S-eDNA-F1	Vert-16S-eDNA-R1	https://doi.org/10.1007/s12686-016-0550-y	Paired	NovaSeq6000	AAACTAGAGCAAAAGCCTGAATCCCCCTCACCGTTTACCTAATTAAATTTATTTAGTAAAGGCCCGAGAGATGGTTTTTTGCAGTAGTTTTAGTTGGGGCAACTGCGGAGAAGAAGACCCTCCGCTGCAATTTAAGTTTCTAGGAAGACTGTCCTGAGACAGTGCTAAAGAGTGATCCACTTAGGTGATCAAAGGAACAAGTTACCGTAGGGATAACAGCGTAATCTTTTCCGAGAGTTCATATTGACAAAAAGGT	asv.266_EE0526
16S	AGACGAGAAGACCCYdTGGAGCTT	GATCCAACATCGAGGTCGTAA	Vert-16S-eDNA-F1	Vert-16S-eDNA-R1	https://doi.org/10.1007/s12686-016-0550-y	Paired	NovaSeq6000	AGTCTATTTTGTGTCAACTGGAGTTTTTTACAACTCAGGTGAGTTTTAGCTTTATTGGGGAGGGGGTGATCTAAAACACTCTTTACGCCGGCTTCTATTGACTTGGGTTAATCGTGTGACCGCGGTGGCTGGCACGAAATTTACCAACCC	asv.617_EE0528
16S	AGACGAGAAGACCCYdTGGAGCTT	GATCCAACATCGAGGTCGTAA	Vert-16S-eDNA-F1	Vert-16S-eDNA-R1	https://doi.org/10.1007/s12686-016-0550-y	Paired	NovaSeq6000	TACTGGAGACTTATATTGTTTTTTTCAATTTATGGGGTAGGTGTACTATTTAATCTTTTGGTGAGAACTAATTATGGGTGTAAGTTGGACAGTTTGATTGGGGCGATCGCCTTCTAAAGAGTAACGAAGGTGCACATAAGGTGAATACTGTAATAGAATAGAATAAAAGCTTGACAGTAAGAGTAATTCTCGAGCTGACACGGTGGGTAATAACCGTGGGTTATAGTGACCCGTTTGTTTAGGGTGGAATAACTAACGATCAATAAATAAAAGTTACCACGGGGATAACAGCGTAATCTCGTTTGAGAGTTCGTATCGATGACGATGT	asv.263_EE0526
16S	AGACGAGAAGACCCYdTGGAGCTT	GATCCAACATCGAGGTCGTAA	Vert-16S-eDNA-F1	Vert-16S-eDNA-R1	https://doi.org/10.1007/s12686-016-0550-y	Paired	NovaSeq6000	AGTGAGGTATCTAATCTCAGTTTGTGTCTTAGCTTTCGTGGCTTCAATAACATAAAGTCACTTTCGTAGTGGGGATTCTAGTTCTCAGGAACGTATAACAGTTCTGAAAATATTCGTCTTTAATTCAAAGTAATATTAACCACTCTTTACGCCGAGGGTCTATCAACTTGGGCCTCTCGTATAACCGCGGTGGCTGGCAC	asv.363_EE0526
16S	AGACGAGAAGACCCYdTGGAGCTT	GATCCAACATCGAGGTCGTAA	Vert-16S-eDNA-F1	Vert-16S-eDNA-R1	https://doi.org/10.1007/s12686-016-0550-y	Paired	NovaSeq6000	GTTGGTAAATCTCGTGCCAGCAGCCGCGGTAATACGGGAGGGGCAAGCGTTATCCGAAATGACTGGGCGTAAAGAGTCCGTAGACTGTACTGTAAGTTATTTGTTAAATCCTAAAGCTCAACTTTAGAACAGCTTATAATACTACTTTACTTGAGTTTTGTTCAGAAGAGTAGAATTCCATGTTTAGGGATAAGCCCCGT	asv.343_EE0526
16S	AGACGAGAAGACCCYdTGGAGCTT	GATCCAACATCGAGGTCGTAA	Vert-16S-eDNA-F1	Vert-16S-eDNA-R1	https://doi.org/10.1007/s12686-016-0550-y	Paired	NovaSeq6000	AGTGAGGTATCTAATCTCAGTTTGTGCCCTAGCTTTCGTGGGTTCAGTAAGTATAAAGCCACTTTCGTGGTTGAACTTCCTATCTTCAGGTGCGTATAACAGCTTTGAAGGTGTTCGGCTTTAGTAAGTAATAGTACTTAACCACTCTTTACGCCGGTGTCTAACAACTTGGGTCTCTCGTATAACCGCGGTGGCTGGCA	asv.366_EE0526
16S	AGACGAGAAGACCCYdTGGAGCTT	GATCCAACATCGAGGTCGTAA	Vert-16S-eDNA-F1	Vert-16S-eDNA-R1	https://doi.org/10.1007/s12686-016-0550-y	Paired	NovaSeq6000	AAACTAGAGCAAAAGCCTGAATCCCCCTCACCATTTACCTAATTAAATTTATTTAGTAAAGGCCCGAGAGATGGTTTTTTGCAGTAGTTTTAGTTGGGGCAACTGCGGAGAAGAAGACCCTCCGCTACAATTTAAGTTTCTAGGAAGACTGTCCTGAGACAGTGCTAAAGAGTGATCCACTTAGGTGATCAAAGGAACAAGTTACCGTAGGGATAACAGCGTAATCTTTTCCGAGAGTTCATATTGACAAAAAGGT	asv.233_EE0528
16S	AGACGAGAAGACCCYdTGGAGCTT	GATCCAACATCGAGGTCGTAA	Vert-16S-eDNA-F1	Vert-16S-eDNA-R1	https://doi.org/10.1007/s12686-016-0550-y	Paired	NovaSeq6000	GGTACTGGATGAACAGTTTATCCCCCACAAGCGATTTTAGAGGGAACACCTGGCTCTGGTATGGGAATAATATTAATGTGCGTATCTTTAATCTTATTTGTTGCTGGATTTACAATGGGTGGTTTGAACTATTTAATTACAGTTTTGCAAGCTAGAACAAGAGGAATGACATTGATGAGAATGCCCTTAACAGTTTGGGG	asv.361_EE0526
16S	AGACGAGAAGACCCYdTGGAGCTT	GATCCAACATCGAGGTCGTAA	Vert-16S-eDNA-F1	Vert-16S-eDNA-R1	https://doi.org/10.1007/s12686-016-0550-y	Paired	NovaSeq6000	TGGCTAAGGACCTATTTTAAACTAGAGCTGAATTTCTTCAAAGCTGTTATACGCTCATGAAAACTAGAAAATCAACCACGAAAGTGGCTCTAATCCCCCCCTGACACCACGAAAGCTATGACACAAACTGGGATTAGATACCCCACTATG	asv.677_EE0526
16S	AGACGAGAAGACCCYdTGGAGCTT	GATCCAACATCGAGGTCGTAA	Vert-16S-eDNA-F1	Vert-16S-eDNA-R1	https://doi.org/10.1007/s12686-016-0550-y	Paired	NovaSeq6000	AGTGGGGTATCTAATCCCAGTTTGGGTCTTAGCTATTGTGTGTTCAGATATGTTAAAGCCACTTTCGTAGTCTATTTTGTGTCAACTGGAGTTTTTTACAACTCAGGTGAGTTTTAGCTTTATTGGGGAGGGGGTGATCTAAAACACTCTTTACGCCGGCTTCTATTGACTTGGGTTAATCGTGTGACCGCGGTGGCTGG	asv.358_EE0526
16S	AGACGAGAAGACCCYdTGGAGCTT	GATCCAACATCGAGGTCGTAA	Vert-16S-eDNA-F1	Vert-16S-eDNA-R1	https://doi.org/10.1007/s12686-016-0550-y	Paired	NovaSeq6000	GTTGGTAAATCTCGTGCCAGCAGCCGCGGTTATACGGGAGGGGCAAATGTTATCCAACTTTATTGGGCGTAAAGGGTTTGTAGGTTGCTTTTTTTGTTGTTACTTAAAACTTAACACTCAATGTTAAAAATGTAACAATACAAATTGGCTAGAGTTTATTTTGAGGTAAATGGAATTTTTAAAGTACCACTGAAATAGAA	asv.389_EE0528
16S	AGACGAGAAGACCCYdTGGAGCTT	GATCCAACATCGAGGTCGTAA	Vert-16S-eDNA-F1	Vert-16S-eDNA-R1	https://doi.org/10.1007/s12686-016-0550-y	Paired	NovaSeq6000	TGCAGCCTTATTGCTGATCATGGACCGTAGTTTTGGCACCTCCTTTTTCCTTTCTGATATTTTTATTCAAGGCGAAGTACTGCATTACCAAGGGGGTTCACCGGTATTGTACGAACACCTATTTTGATTCTTTGGCCATCCCGAGGTCTA	asv.682_EE0524
16S	AGACGAGAAGACCCYdTGGAGCTT	GATCCAACATCGAGGTCGTAA	Vert-16S-eDNA-F1	Vert-16S-eDNA-R1	https://doi.org/10.1007/s12686-016-0550-y	Paired	NovaSeq6000	ATCGTGCCACCCGTAAAGGTAGAGTTTCCAGTCATCTTTATTTGTGACAGCTCGCCACTTAATGTCTTCCCGCCGGATGACGCATGGCCAGCGATGCCGCCGGTACAACTCCAGGTGTTGTCAGTTGTTCCCCTCCATTTGATAAGCTTT	asv.683_EE0539
16S	AGACGAGAAGACCCYdTGGAGCTT	GATCCAACATCGAGGTCGTAA	Vert-16S-eDNA-F1	Vert-16S-eDNA-R1	https://doi.org/10.1007/s12686-016-0550-y	Paired	NovaSeq6000	TAGACTTCGGAACAGATCATGTCAATTACCTCCTTAAACAAGTAATAACTATTGAACCTCTGTCTCCTGTCTTTGGTTGGGGCGACCACGGGGAAGAAAAAAACCCCCATGTGGACTGGGAGCACCCTCCTCCCACAACCATGAGCCACAGCTCTAATGCACAGAATTTCTGACCATAAGATCCGGCAAAGCCGATCAACGAACCGAGTTACCCTAGGGATAACAGCGCAATCACCTTTAAGAGTCCATATCGACAAGGGGGT	asv.268_EE0528
16S	AGACGAGAAGACCCYdTGGAGCTT	GATCCAACATCGAGGTCGTAA	Vert-16S-eDNA-F1	Vert-16S-eDNA-R1	https://doi.org/10.1007/s12686-016-0550-y	Paired	NovaSeq6000	AGTGAGGTATCTAATCTCAGTTTGTGCCCTAGCTTTCGTGGAATCAGATATGATAGAGCCACTTTCGTAGTTGGGCTTCTTACCTTCGAGAGCGTATAACAGCTTTGAGGGTATTTGGCTCTAGTTTTTGTACATCTTAACCACTCTTTACGCCGATGACTGTCAACTTGAGTCTCTCGTATAACCGCGGTGGCTGGCAC	asv.381_EE0528
16S	AGACGAGAAGACCCYdTGGAGCTT	GATCCAACATCGAGGTCGTAA	Vert-16S-eDNA-F1	Vert-16S-eDNA-R1	https://doi.org/10.1007/s12686-016-0550-y	Paired	NovaSeq6000	AGTGAGGTATCTAATCTCAGTTTGTTTCACAGCTTTCGTGGGGTCGGGTATTTTAAAGCCACTTTCGTAGTTGGGCTTCATACCTCCGAGAACGTATAACGGTTTTGGGGGCGTTCGGCTTTAGTGTTATTAGGGCTAACTTAACCACTCTTTACGCCGATAACTATCAACTTGGGCCTCTCGTATAACCGCGGTGGCTG	asv.388_EE0528
16S	AGACGAGAAGACCCYdTGGAGCTT	GATCCAACATCGAGGTCGTAA	Vert-16S-eDNA-F1	Vert-16S-eDNA-R1	https://doi.org/10.1007/s12686-016-0550-y	Paired	NovaSeq6000	AGTGAGGTATCTAATCTCAGTTTGTGTCTTAGCTTTCGTGGCTTCAATAACATAAAGTCACTTTCGTAGTGGGGATTCTAGTTCTCAGGAACGTATAACAGTTCTGAAAATATTCGTCTTTAATTCAAAGTAATATTAACCACTCTTTACGCCGAGGGTCTATCAACTTGGGCCTCTCGTATAACCGCGGTGGCTGGCAC	asv.363_EE0528
16S	AGACGAGAAGACCCYdTGGAGCTT	GATCCAACATCGAGGTCGTAA	Vert-16S-eDNA-F1	Vert-16S-eDNA-R1	https://doi.org/10.1007/s12686-016-0550-y	Paired	NovaSeq6000	GTCGGTAAAACTCGTGCCAGCAGCCGCGGTAATACGGGAGGGGCAAGCGTTATCTGGAATAATTGGGCGTAAAGGGTTCGTAGACTGTATTGTAAGTTATTTGTTAAATCCTAGAGCTTAACTCTAGAAAAGCATTTAATACTACTATACTAGAGTTTTGTGCAGAAGAGTAGAATTTCATGTCGAGGAGTAACGACTGC	asv.379_EE0528
16S	AGACGAGAAGACCCYdTGGAGCTT	GATCCAACATCGAGGTCGTAA	Vert-16S-eDNA-F1	Vert-16S-eDNA-R1	https://doi.org/10.1007/s12686-016-0550-y	Paired	NovaSeq6000	TAATTTATTAATGCAAACAGTACCTAACAAACCCACAGGTCCTAAACTACCAAACCTGCATTAAAAATTTCGGTTGGGGCGACCTCGGAGCAGAACCCAACCTCCGAGCAGTACATGCTAAGACTTCACCAGTCAAAGCGAACTACTATACTCAATTGATCCAATAACTTGACCAACGGAACAAGTTACCCTAGGGATAACAGCGCAATCCTATTCTAGGGTCCATATCAACAATAGGGT	asv.97_EE0528
16S	AGACGAGAAGACCCYdTGGAGCTT	GATCCAACATCGAGGTCGTAA	Vert-16S-eDNA-F1	Vert-16S-eDNA-R1	https://doi.org/10.1007/s12686-016-0550-y	Paired	NovaSeq6000	AGTGAGGTATCTAATCTCAGTTTGGGTCTTAGCTATTGTGTGTTCAGATATGTTAAAGCCACTTTCGTAGTCTATTTTGTGTCAACTGGAGTTTTTTACAACTCAGGTGAGTTTTAGCTTTATTGGGGAGGGGGTGATCTAAAACACTCTTTACGCCGGCTTCTATTGACTTGGGTTAATCGTGTGACCGCGGTGGCTGG	asv.336_EE0531
16S	AGACGAGAAGACCCYdTGGAGCTT	GATCCAACATCGAGGTCGTAA	Vert-16S-eDNA-F1	Vert-16S-eDNA-R1	https://doi.org/10.1007/s12686-016-0550-y	Paired	NovaSeq6000	TCGTTGGGGGTCTTCCTGCCTTCGGGTACGTATAACGGCCTTGAAGGTGTTCGGCTTTAGTTTATGTTGTATTAACCACTCTTTACGCCGGTTTTTGTCAACTTGGGCCTCTCGTATAACCGCGGTGGCTGGCACGAAATTTACCAACCC	asv.681_EE0524
16S	AGACGAGAAGACCCYdTGGAGCTT	GATCCAACATCGAGGTCGTAA	Vert-16S-eDNA-F1	Vert-16S-eDNA-R1	https://doi.org/10.1007/s12686-016-0550-y	Paired	NovaSeq6000	TACTGAGGGCTTAGAATTTTATATAAGCGGGACAGTTTTGTTGGGGCGACAGTTTTTTAAAAAGTAACAAAAACGAACTATGGCTTAGCTTCACCCTGAAAAATTTTTTAAGGGACATTTTTGGTGTGTTTTATGATCCGTTGTTTGGAATGAAAAAAACAACGAAAACAAATAAAAGTTACCCTGGGGATAACAGCGCAATAACGTTTGAGAGTTAATCAACGACGGTGT	asv.267_EE0528
16S	AGACGAGAAGACCCYdTGGAGCTT	GATCCAACATCGAGGTCGTAA	Vert-16S-eDNA-F1	Vert-16S-eDNA-R1	https://doi.org/10.1007/s12686-016-0550-y	Paired	NovaSeq6000	TAGACACTAAGACGGATCATGTTAATAAACCCTGCATAAAGGATTAAACAAGATGAACCCCGTCTGCATGTCTTTGGTTGGGGCGACCGCGGGGAAACAATTAACCCCCGTGTGGACTGGGAGAACTTCTCCTAAAAGCAAGAACCACAGTTCTAACTAACAGAACTTCTGACCTATAAGATCCGGCAGTGCCGATCAACGGACCGAGTTACCCTAGGGATAACAGCGCAATCCTCTTTGAGAGTCCATATCGATGAGAGGGT	asv.269_EE0528
16S	AGACGAGAAGACCCYdTGGAGCTT	GATCCAACATCGAGGTCGTAA	Vert-16S-eDNA-F1	Vert-16S-eDNA-R1	https://doi.org/10.1007/s12686-016-0550-y	Paired	NovaSeq6000	TAATTTATTAATGCAAACAGTACCTAACAAACCCACAGGTCCCAAACTACCAAACCTGCATTAAAAATTTCGGTTGGGGCGACCCCGGAGCAGAACCCAACCTCCGAGCAGTACATGCTAAGACTTCACCAGTCAAAGCGAACTACTATACTCAATTGATCCAATAACTTGACCAACGGAACAAGTTACCCTAGGGATAACAGCGCAATCCTATTCTAGAGTCCATATCAACAATAGGGT	asv.270_EE0539
16S	AGACGAGAAGACCCYdTGGAGCTT	GATCCAACATCGAGGTCGTAA	Vert-16S-eDNA-F1	Vert-16S-eDNA-R1	https://doi.org/10.1007/s12686-016-0550-y	Paired	NovaSeq6000	AGTGAGGTATCTAATCTCAGTTTGTTTCACAGCTTTCGTGGGGTCAGAAAATTTAAAGCCACTTTCGTAGTTGGGCTTCATACCTCCGAGCGCGTATAACGGTCTTGGGGGCGTTCGACTTTAGTTGTATTGGGGTAACTTAACCACTCTTTACGCCGATGGCTGTCAGCTTGGACCTCTCGTATAACCGCGGTGGCTGG	asv.384_EE0524
16S	AGACGAGAAGACCCYdTGGAGCTT	GATCCAACATCGAGGTCGTAA	Vert-16S-eDNA-F1	Vert-16S-eDNA-R1	https://doi.org/10.1007/s12686-016-0550-y	Paired	NovaSeq6000	TGAACTAGTGTAGGGAGTTTTTAACTTAGCCAGTTAACTAATTTTTTTAAGGTTAGTAATATAGTTCTAAACTAAAATTTTTTCCTTCTTAGTTTTGGTTGGGGCAACCATGGAGAAACTAAATCCTCCTTTAATAATAATTAAACTAAGGTTAATATATCTAATATTTTAAAGAAATTTTATTGATCCACTTAGGTGATCAAAAGAAAAAGTTACCGCAGGGATAACAGCGTTATCTTTTTTGAGAGTTCTTATTGACAAAAAGGT	asv.271_EE0526
16S	AGACGAGAAGACCCYdTGGAGCTT	GATCCAACATCGAGGTCGTAA	Vert-16S-eDNA-F1	Vert-16S-eDNA-R1	https://doi.org/10.1007/s12686-016-0550-y	Paired	NovaSeq6000	AGTGAGGTATCTAATCTCAGTTTGTGTCTTAGCTTTCGTGGGTTCAAAATAATAAAGCCACTTTCGTTAACGGGCTTCTAATCTTCAGTAACGTATAACAGTTTAGAGGATATTCGGCTTTAATTTATATATTCTTCTAACCACTCTTTACGCCGAGGAGTCATCAACTTGGGCCTCTCGTATAACCGCGGTGGCTGGCA	asv.376_EE0526
16S	AGACGAGAAGACCCYdTGGAGCTT	GATCCAACATCGAGGTCGTAA	Vert-16S-eDNA-F1	Vert-16S-eDNA-R1	https://doi.org/10.1007/s12686-016-0550-y	Paired	NovaSeq6000	TTTGCTTCTGTTGTCGCTTCCTGTGTTGGCTGGAGCTATAACTATGCTGCTCACTGACCGCAATTTCAATACAACTTTTTTTGATCCTGCAGGGGGCGGCGACCCTGTCCTCTATCAACACTTGTTCTGATTCTTCGGCCACCCCGAAGT	asv.640_EE0526
16S	AGACGAGAAGACCCYdTGGAGCTT	GATCCAACATCGAGGTCGTAA	Vert-16S-eDNA-F1	Vert-16S-eDNA-R1	https://doi.org/10.1007/s12686-016-0550-y	Paired	NovaSeq6000	ACTTTTATTATCTTTACCGGTTTTAGCAGGTGCAATAACTATGCTACTAACTGATAGAAACTTTAATACTGCTTTTTTTGATCCTAGTGGTGGAGGTGACCCTGTGTTATATCAACATTTATTTTGATTCTTTGGCCATCCCGAAGTCTA	asv.656_EE0526
16S	AGACGAGAAGACCCYdTGGAGCTT	GATCCAACATCGAGGTCGTAA	Vert-16S-eDNA-F1	Vert-16S-eDNA-R1	https://doi.org/10.1007/s12686-016-0550-y	Paired	NovaSeq6000	TAGACACCAAAGCAGATCATGTTAAACACCCCCAAATAAAGGGCCAAACCAGATGAAACCTGCCCTAATGTCTTTGGTTGGGGCGACCGCGGGGAAACACAAAACCCCCACCTGGAATGGGACTACCCGTCCTACAGCAACAGAGCTCCCGCTCTCAGCAACAGAATTTCTGACCATTAAGATCCGGCAAAGCCGATCAACGGACCGAGTTACCCTAGGGATAACAGCGCAATCCTCTTTTAGAGCCCATATCGACAAGAGGGT	asv.272_EE0528
16S	AGACGAGAAGACCCYdTGGAGCTT	GATCCAACATCGAGGTCGTAA	Vert-16S-eDNA-F1	Vert-16S-eDNA-R1	https://doi.org/10.1007/s12686-016-0550-y	Paired	NovaSeq6000	AGTGAGGTATCTAATCTCAGTTTGGGTCTTAGCTATTGTGTGTTCAGATATGTTAAAGCCACTTTCGTAGTCTATTTTGTGTCAACTGGAGTTTTTTACAACTCAGGTGAGTTTTAGCTTTATTGGGGAGGGGGTGATCTAAAACACTCTTTACGCCGGCTTCTATTGACTTGGGTTAATCGTGTGACCGCGGTGGCTGG	asv.336_EE0537
16S	AGACGAGAAGACCCYdTGGAGCTT	GATCCAACATCGAGGTCGTAA	Vert-16S-eDNA-F1	Vert-16S-eDNA-R1	https://doi.org/10.1007/s12686-016-0550-y	Paired	NovaSeq6000	GTTGGTAAATCTCGTGCCAGCAGCCGCGGTAATACGGAGGGTGCGAGCGTTAATCGGAATTACTGGGCGTAAAGCGCATGCAGGTGGTTTGTTAAGTCAGATGTGAAAGCCCGGGGCTCAACCTCGGAATAGCATTTGAAACTGGCAGACTAGAGTACTGTAGAGGGGGTAGAATTTCAGGTGTAGCGGTGAAATGCGTA	asv.349_EE0537
16S	AGACGAGAAGACCCYdTGGAGCTT	GATCCAACATCGAGGTCGTAA	Vert-16S-eDNA-F1	Vert-16S-eDNA-R1	https://doi.org/10.1007/s12686-016-0550-y	Paired	NovaSeq6000	TAATTTATTAATGCAAACAGTACCTAACAAACCCACAGGTCCTAAACTACCAAACCTGCATTAAAAATTTCGGTTGGGGCGACCTCGGAGCAGAACCCAACCTCCGAGCAGTACATGCTAAGACTTCACCAGTCAAAGCGAACTACTATACTCAATTGATCCAATAACTTGACCAACGGAACAAGTTACCCTAGGGATAACAGCGCAATCCTATTCTAGAGTCCATATCAACAATAGGGC	asv.42_EE0524
16S	AGACGAGAAGACCCYdTGGAGCTT	GATCCAACATCGAGGTCGTAA	Vert-16S-eDNA-F1	Vert-16S-eDNA-R1	https://doi.org/10.1007/s12686-016-0550-y	Paired	NovaSeq6000	TAGACACCAAGGTAGATTTATGTTTAACCTTCTCCGACAAGAAAAGAAAAACTAAATAAACTCCTACCCTAACGTCTTTGGTTGGGGCGACCGTGGGGCACACAAAACCCCCACGTGGAGCAGGAGCACAACTACTCCCACAGCTAAGAGCTACCGTTCTAATAAGCAGAATTTCTGACCAATAATGATCCGACAGCGTCGATCAACGAACCGAGTTACCCTAGGGATAACAGCGCAATCTCCTTTTAGAGTCCATATCGACAAGGAGGT	asv.273_EE0528
16S	AGACGAGAAGACCCYdTGGAGCTT	GATCCAACATCGAGGTCGTAA	Vert-16S-eDNA-F1	Vert-16S-eDNA-R1	https://doi.org/10.1007/s12686-016-0550-y	Paired	NovaSeq6000	CCACACTTTGGGTCGCTTTAAGGAGTGAATCCTCCCCAGTAAAGCACTATTGGACGCTCAGATGAGTGAATGGTGCACTTTTGTGCGCTGTCGGTACGCTATAAGTACATATCGGCGGCCGCACGATGTCCTCTTCGCACCACTGCGGAG	asv.687_EE0526
16S	AGACGAGAAGACCCYdTGGAGCTT	GATCCAACATCGAGGTCGTAA	Vert-16S-eDNA-F1	Vert-16S-eDNA-R1	https://doi.org/10.1007/s12686-016-0550-y	Paired	NovaSeq6000	TAGACACTAAGACGGATCATGTTAATAAACCCGGCATAAAGGATTAAACAAGATGAACCCCGTCTGCATGTCTTTGGTTGGGGCGACCGCGGGGAAACAAATAACCCCCGTGTGGACTGGGAGAACTTCTCCTAAAAGCAAGAACCACAGTTCTAACTAACAGAACTTCTGACCTATAAGATCCGGCAGTGCCGATCAACGGACCGAGTTACCCTAGGGATAACAGCGCAATCCTCTTTGAGAGTCCATATCGATGAGAGGGT	asv.274_EE0528
16S	AGACGAGAAGACCCYdTGGAGCTT	GATCCAACATCGAGGTCGTAA	Vert-16S-eDNA-F1	Vert-16S-eDNA-R1	https://doi.org/10.1007/s12686-016-0550-y	Paired	NovaSeq6000	AGTGAGGTATCTAATCTCAGTTTGTGTCATAGCTTTCGTGGTGTCAGGAGTGATTAGAGCCACTTTCGTGGTTGATTTTCTGCTTTTCATGAGCGTATAACAGCTTTGAAGAAATTCAGCTCTAGTTTGTTATAGGTCCTTAGCCACCCTTTACGCCGAATGTTTTTCAACTTGGGCCTTTCGTATAACCGCGGTGGCTG	asv.374_EE0528
16S	AGACGAGAAGACCCYdTGGAGCTT	GATCCAACATCGAGGTCGTAA	Vert-16S-eDNA-F1	Vert-16S-eDNA-R1	https://doi.org/10.1007/s12686-016-0550-y	Paired	NovaSeq6000	GTTGGGCTTCATACCTCCGAGAACGTATAACGGTTTTGGGGGCGTTCGGCTTTAGTGTTATTAGGGCTAACTTAACCACTCTTTACGCCGATAACTATCAACTTGGGCCTCTCGTATAACCGCGGTGGCTGGCACGAAATTTACCAACCC	asv.686_EE0528
16S	AGACGAGAAGACCCYdTGGAGCTT	GATCCAACATCGAGGTCGTAA	Vert-16S-eDNA-F1	Vert-16S-eDNA-R1	https://doi.org/10.1007/s12686-016-0550-y	Paired	NovaSeq6000	GGGTTGGTAAATTTCGTGCCAGCCGCGGTAATACGAAGGGTGCAAGCGTTAATCGGAATTACTGGGCGTAAAGCGCGCGTAGGTGGTTCAGCAAGTTGAAGGTGAAATCCCCGGGCTCAACCTGGGAACTGCCTCCAAAACTACTGAGCTAGAGTACGGTAGAGGGTAGTGGAATTTCCTGTGTAGCGGTGAAATGCGTA	asv.394_EE0524
16S	AGACGAGAAGACCCYdTGGAGCTT	GATCCAACATCGAGGTCGTAA	Vert-16S-eDNA-F1	Vert-16S-eDNA-R1	https://doi.org/10.1007/s12686-016-0550-y	Paired	NovaSeq6000	ATTATTACTATCTTTACCAGTTTTAGCAGGTGCTATTACTATGTTATTAACAGATCGTAATTTTAATACAACATTTTTTGATCCTGCAGGGGGAGGTGATCCTGTGTTATATCAACATTTATTCTGATTCTTCGGCCACCCCGAAGTCTA	asv.633_EE0528
16S	AGACGAGAAGACCCYdTGGAGCTT	GATCCAACATCGAGGTCGTAA	Vert-16S-eDNA-F1	Vert-16S-eDNA-R1	https://doi.org/10.1007/s12686-016-0550-y	Paired	NovaSeq6000	TCTTCTTCTACTGAGGCTCCCTGTTCTTGCTGGTGCAATTACTATACTATTAACGGACCGGAACTTAAACACCTCTTTCTATGACGCTAGAGGAGGAGGAGACCCTGTACTTTATCAGCATCTCTTCTGATTCTTTGGCCACCCCGAAGT	asv.691_EE0528
16S	AGACGAGAAGACCCYdTGGAGCTT	GATCCAACATCGAGGTCGTAA	Vert-16S-eDNA-F1	Vert-16S-eDNA-R1	https://doi.org/10.1007/s12686-016-0550-y	Paired	NovaSeq6000	AGTGAGGTATCTAATCTCAGTTTGGGTCTTAGCTATTGTGTGTTCAGATATGTTAAAGCCACTTTCGTAGTCTATTTTGTGTCAACTGGAGTTTTTTACAACTCAGGTGAGTTTTAGCTTTATTGGGGAGGGGGTGATCTAAAACACTCTTTACGCCGGCTTCTATTGACTTGGGTTAATCGTGTGACCGCGGTGGCTGG	asv.336_EE0539
16S	AGACGAGAAGACCCYdTGGAGCTT	GATCCAACATCGAGGTCGTAA	Vert-16S-eDNA-F1	Vert-16S-eDNA-R1	https://doi.org/10.1007/s12686-016-0550-y	Paired	NovaSeq6000	ACAGCAAAAATCAAGCCTTTAGTGTATTTGCCCTGCACTAATCAATAACTCTATGCAGAAGCAAATTTTAAACCGACTTGAAAAAGCTTTGGTTGGGGCAACCGCGGAGCAGGAAAACCCTCCGCTAATAAGTAACTATAAAAAGAGCTACAATTCTATAATCAAAAATGAAAGTATGATCCACTAAGGTGATCAAAGGAACAAGTTACCGCAGGGATAACAGCGTTATCTTTTCTGAGAGTTCACATTGACGAAAAGGT	asv.253_EE0526
16S	AGACGAGAAGACCCYdTGGAGCTT	GATCCAACATCGAGGTCGTAA	Vert-16S-eDNA-F1	Vert-16S-eDNA-R1	https://doi.org/10.1007/s12686-016-0550-y	Paired	NovaSeq6000	TAGACACTAAAACAGCCCATGTTAAGAACCCTCACATAAGAGGCCAAACTAGATGGCCCCTGCCCTAATGCCTTTGGTTGGGGCGACCACGGGGTAACAGAAAACCCCCGCGCGGAACAGAAACATTGTTTCCAGAACCAAGAGTACCCACTCTAAGTAACAAGACCTACTTGACCTTTGAGATCCGGCACTTAGCCGATCAACGGACCGAGTTACCCTAGGGATAACAGCGCAATCTTCTTCGAGAGTTCATATCGACGAGAGGGT	asv.275_EE0526
16S	AGACGAGAAGACCCYdTGGAGCTT	GATCCAACATCGAGGTCGTAA	Vert-16S-eDNA-F1	Vert-16S-eDNA-R1	https://doi.org/10.1007/s12686-016-0550-y	Paired	NovaSeq6000	GTCGGTAAAACTCGTGCCAGCAGCCGCGGTAATACGGGAGGGGCAAGCGTTATCCGAAATGACTGGGCGTAAAGAGTCCGTAGACTGTACTGTAAGTTATTTGTTAAATCCTAAAGCTCAACTTTAGAACAGCTTATAATACTACTTTACTTGAGTTTTGTTCAGAAGAGTAGAATTCCATGTTTAGGGATAAGCCCCGT	asv.350_EE0526
16S	AGACGAGAAGACCCYdTGGAGCTT	GATCCAACATCGAGGTCGTAA	Vert-16S-eDNA-F1	Vert-16S-eDNA-R1	https://doi.org/10.1007/s12686-016-0550-y	Paired	NovaSeq6000	GTTGGTAAATCTCGTGCCAGCAGCCGCGGTAATACGTATGTCGCAAGCGTTATCCGGATTTATTGGGCGTAAAGCGCGTCTAGGCGGTCTTTTAAGTCTGATGTGAAAATGCGGGGCTCAACTCCGTATTGCGTTGGAAACTGGAAGACTAGAGTATCAGAGAGGTGGGCGGAACTACAAGTGTAGAGGTGAAATTCGTA	asv.378_EE0526
16S	AGACGAGAAGACCCYdTGGAGCTT	GATCCAACATCGAGGTCGTAA	Vert-16S-eDNA-F1	Vert-16S-eDNA-R1	https://doi.org/10.1007/s12686-016-0550-y	Paired	NovaSeq6000	ACTTTTATTATCTTTACCGGTTTTAGCAGGTGCAATAACTATGCTACTAACTGATAGAAACTTTAATACTGCTTTTTTTGATCCTAGTGGTGGAGGTGACCCTGTGTTATATCAACATTTATTTTGATTCTTTGGCCATCCCGAAGTCTA	asv.656_EE0528
16S	AGACGAGAAGACCCYdTGGAGCTT	GATCCAACATCGAGGTCGTAA	Vert-16S-eDNA-F1	Vert-16S-eDNA-R1	https://doi.org/10.1007/s12686-016-0550-y	Paired	NovaSeq6000	ACTTCTTTTATTAGCTGTACCTGTACTTGCAGGAGCAATTACAATGCTATTAACAGATCGAAACTTTAACACAACTTTCTTTGACCCAGCAGGGGGAGGAGATCCTGTACTTTACCAGCACCTTTTCTGATTCTTCGGCCACCCCGAGGT	asv.671_EE0528
16S	AGACGAGAAGACCCYdTGGAGCTT	GATCCAACATCGAGGTCGTAA	Vert-16S-eDNA-F1	Vert-16S-eDNA-R1	https://doi.org/10.1007/s12686-016-0550-y	Paired	NovaSeq6000	ATTATTACTATCTTTACCAGTTTTAGCAGGTGCTATTACTATGTTATTAACAGATCGTAATTTTAACACAACATTTTTTGATCCTGCAGGAGGAGGTGATCCTGTGTTATATCAACATTTATTCTGGTTCTTTGGCCATCCCGAAGTCTA	asv.673_EE0526
16S	AGACGAGAAGACCCYdTGGAGCTT	GATCCAACATCGAGGTCGTAA	Vert-16S-eDNA-F1	Vert-16S-eDNA-R1	https://doi.org/10.1007/s12686-016-0550-y	Paired	NovaSeq6000	TCGTTGGGGGTCTTCCTGCCTTCGGGTACGTATAACGGCCTTGAAGGTGTTCGGCTTTAGTTTATGTTGTATTAACCACTCTTTACGCCGGTTTTTGTCAACTTGGGCCTCTCGTATAACCGCGGTGGCTGGCACGAAATTAACCAACCC	asv.692_EE0524
16S	AGACGAGAAGACCCYdTGGAGCTT	GATCCAACATCGAGGTCGTAA	Vert-16S-eDNA-F1	Vert-16S-eDNA-R1	https://doi.org/10.1007/s12686-016-0550-y	Paired	NovaSeq6000	TGGTGGGGCTTCGAGTATCTCGGGAGCGTATAACAGCATTGAGAACGTTCGGCTTTATTTTTTAGTAACCCTTAACCACCCTTTACGCCGAATCCTATCAACTTGGGCCTCTCGTATAACCGCGGTTGCTGGCACGAAATTTACCAACCC	asv.697_EE0528
16S	AGACGAGAAGACCCYdTGGAGCTT	GATCCAACATCGAGGTCGTAA	Vert-16S-eDNA-F1	Vert-16S-eDNA-R1	https://doi.org/10.1007/s12686-016-0550-y	Paired	NovaSeq6000	ACAGCAAAACTCAAACTCTTATTATACTTTGTTCTTTACTAATACGTGACATTATAAGGAAACAAAGCCTCTAGGAGATTAGAGAAAGCTTTGGTTGGGGCAATCACGGAGTAAAATAACCCTCCGCTAATACAGAAAACTATACTAAGAACCACAATTCTAAAATCAACAATGAAAGTATGATCCACTAAGGTGATCAAAGGAACAAGTTACCGCAGGGATAACAGCGTTATCTTTTCTGAGAGTTCACATTGACGAAAAGGT	asv.277_EE0526
16S	AGACGAGAAGACCCYdTGGAGCTT	GATCCAACATCGAGGTCGTAA	Vert-16S-eDNA-F1	Vert-16S-eDNA-R1	https://doi.org/10.1007/s12686-016-0550-y	Paired	NovaSeq6000	TAGACACCAGAGCAGAGCATGTTAAGCAAACCCAGTTAGAGGACTGAACTTAGTGACTACTGCCCCACTGTCTTTGGTTGGGGCGACCACGGAGCAAAACAAAACCCCCGTGTGGAATGGGGGGGCCAACACTCCCCCCTCGAACCCAGAGTGACAACTCCAATAAACAGAAATTCTGACCAAATATGATCCGGCAAGGCCGATCAACGGACCGAGTTACCCTAGGGATAACAGCGCAATCCCCTTCTAGAGCCCATATCGACAAGGGGGT	asv.278_EE0528
16S	AGACGAGAAGACCCYdTGGAGCTT	GATCCAACATCGAGGTCGTAA	Vert-16S-eDNA-F1	Vert-16S-eDNA-R1	https://doi.org/10.1007/s12686-016-0550-y	Paired	NovaSeq6000	GCTCCAGCTAATACAGGAAGTGAGAGAAGTAATAAAAATGCAGTAATAAGAACAGCCCATACAAATAGTGGGAGTCTGTGCATACTAAGACCTGGTCCTCTCATGTTAAAAATGGTGGTAATAAAATTAATTGCCCCTAGAATACTGGAAGCTCCAGAAACGTGTAGACTGAAAATAGCTAAATCAACAGCGCCACCTGA	asv.396_EE0524
16S	AGACGAGAAGACCCYdTGGAGCTT	GATCCAACATCGAGGTCGTAA	Vert-16S-eDNA-F1	Vert-16S-eDNA-R1	https://doi.org/10.1007/s12686-016-0550-y	Paired	NovaSeq6000	AGTGAGGTATCTAATCTCAGTTTGTTACGCAGCTTTCGTGGAGTCGGGGAAAATAAAGTCACTTTCGTGGTGGGGCTTCTTACCTTCGGAAACGTATAACAGTTCTGAGGGCGTTCGGCTTTAGTTTAATAAGTTCCTTAACCACTCTTTACGCCGTTGTCTGTCAACTTGAGCCTCTCGTATAACCGCGGTGGCTGGCA	asv.385_EE0526
16S	AGACGAGAAGACCCYdTGGAGCTT	GATCCAACATCGAGGTCGTAA	Vert-16S-eDNA-F1	Vert-16S-eDNA-R1	https://doi.org/10.1007/s12686-016-0550-y	Paired	NovaSeq6000	TTTCGTTGGGGGTCTTCCTGCCTTCGGGTACGTATAACGGCCTTGAAGGTGTTCGGCTTTAGTTTATGTTGTATTAACCACTCTTTACGCCGGTTTTTGTCAACTTGGGCCTCTCGTATAACCGCGGTGGCTGGCACGAGATTTACCAAC	asv.695_EE0524
16S	AGACGAGAAGACCCYdTGGAGCTT	GATCCAACATCGAGGTCGTAA	Vert-16S-eDNA-F1	Vert-16S-eDNA-R1	https://doi.org/10.1007/s12686-016-0550-y	Paired	NovaSeq6000	TGCTAACGACATTATAAGAGCTCCTGTTAATATAGGTAATGTTAATAACAATAGAAATCCTGTAATATTTATAGACCATGTATATCATGATATCTAATGTATCTGCTTCACTTTTAATGGAATGGTACATAGCTGCTGAAAGTTTGTGGT	asv.699_EE0526
16S	AGACGAGAAGACCCYdTGGAGCTT	GATCCAACATCGAGGTCGTAA	Vert-16S-eDNA-F1	Vert-16S-eDNA-R1	https://doi.org/10.1007/s12686-016-0550-y	Paired	NovaSeq6000	TAGACAATAAGTAGTGCCTGTAAAGACTTAACAACGCTAAAACAAAAGGTATATCTATTTTGATGTCTTCGGTTGGGGCGACCGCGGGGAAACAAAAAACCCCCACGTGGAATATGAACCTCTTCTTTCAACCAAGAGAGCCATCTCTAAGTACCAGAACATCTGACCTTCTTGACCCGGCACTCGCCGATCAACGAAACCAGTTACCCCAGGGATAACAGCGCAATCCCCTCCCCGAGCCCATATCGACGAGGGGGT	asv.276_EE0528
16S	AGACGAGAAGACCCYdTGGAGCTT	GATCCAACATCGAGGTCGTAA	Vert-16S-eDNA-F1	Vert-16S-eDNA-R1	https://doi.org/10.1007/s12686-016-0550-y	Paired	NovaSeq6000	TACTGTAAGTTTATATATATAAATTTTTTTTTTTATAAGCAAGACAGTTTTGTTGGGGCGACAGTTTTTTAAAAAGTAACGAAAATGAACTATGACGCATGTTTAACTTTGAAATTTTTTTAATTGATGAGACATTTTTGGTGTGTTTTTTGATCCGTTATTTTGAATGAAAAAAATAACGAAAACAAATAAAAGTTACCCTGGGGATAACAGCGCAATAGTGTTTGAGAGTTAATTAACGACAGTGT	asv.279_EE0528
16S	AGACGAGAAGACCCYdTGGAGCTT	GATCCAACATCGAGGTCGTAA	Vert-16S-eDNA-F1	Vert-16S-eDNA-R1	https://doi.org/10.1007/s12686-016-0550-y	Paired	NovaSeq6000	ACAGCAAAAATCAAGCCTTTAGTGTATTTGCCCTGCACTAATCACTAACTCTATGCAGAAGCAAATTTTAAACCGACTTGAAAAAGCTTTGGTTGGGGCAACCGCGGAGCAGGAAAACCCTCCGCTAATAAGTAACTATAAAAAGAGCTACAATTCTATAATCAAAAATGAAAGTATGATCCACTAAGGTGATCAAAGGAACAAGTTACCGCAGGGATAACAGCGTTATCTTTTCTGAGAGTTCACATTGACGAAAAGGT	asv.280_EE0528
16S	AGACGAGAAGACCCYdTGGAGCTT	GATCCAACATCGAGGTCGTAA	Vert-16S-eDNA-F1	Vert-16S-eDNA-R1	https://doi.org/10.1007/s12686-016-0550-y	Paired	NovaSeq6000	GGGTTGGTAAATTTCGTGCCAGCCACCGCGGTTATACGAGGGGCCCAAGTTAATTTCCCACGGCGTAAAGGGTGGTTAAGAAAGTATAATGCTAGGGCCAAATCCTTTCAAAGCTGTCATACGTACCCGAAAGAAAGAAGACCCCTTACGAAAGTAGCTCTAACCCATCTGACCCCACGAAAGCTTGGACACAAACTGGG	asv.398_EE0528
16S	AGACGAGAAGACCCYdTGGAGCTT	GATCCAACATCGAGGTCGTAA	Vert-16S-eDNA-F1	Vert-16S-eDNA-R1	https://doi.org/10.1007/s12686-016-0550-y	Paired	NovaSeq6000	CAGTCAATAACATTGTTATCGCTCCAGCCAATACAGGTAAAGACAATAATAATAAGAAAGCTGTAATTAAAACAGCCCAAACAAAAAGAGGTAAGTTGTGAAATGACAAACTTTTTACTCGCATATTAAAAATGGTACATATAAAATTAA	asv.698_EE0528
16S	AGACGAGAAGACCCYdTGGAGCTT	GATCCAACATCGAGGTCGTAA	Vert-16S-eDNA-F1	Vert-16S-eDNA-R1	https://doi.org/10.1007/s12686-016-0550-y	Paired	NovaSeq6000	TCTACGCATTTCACCGCTACACAGGAAATTCCACTACCCTCTACCGTACTCTAGCTCAGTAGTTTTGGAGGCAGTTCCCAGGTTGAGCCCGGGGATTTCACCTTCAACTTGCTGAACCACCTACGCGCGCTTTACGCCCAGTAATTCCGA	asv.700_EE0524
16S	AGACGAGAAGACCCYdTGGAGCTT	GATCCAACATCGAGGTCGTAA	Vert-16S-eDNA-F1	Vert-16S-eDNA-R1	https://doi.org/10.1007/s12686-016-0550-y	Paired	NovaSeq6000	GGGTTGGTAAATTTCGTGCCAGCCACCGCGGTCACACGATTAACCCAAGTCAATAGAAGCCGGCGTAAAGAGTGTTTTAGATCACCCCCTCCCCAATAAAGCTAAAACTCACCTGAGTTGTAAAAAACTCCAGTTGACACAAAATAGACTACGAAAGTGGCTTTAACATATCTGAACACACAATAGCTAAGACCCAAACT	asv.377_EE0526
16S	AGACGAGAAGACCCYdTGGAGCTT	GATCCAACATCGAGGTCGTAA	Vert-16S-eDNA-F1	Vert-16S-eDNA-R1	https://doi.org/10.1007/s12686-016-0550-y	Paired	NovaSeq6000	ATTATTACTATCTTTACCTGTTTTAGCAGGTGCAATAACTATGTTATTAACAGATAGAAACTTCAATACTAGCTTCTTTGATCCTGCTGGTGGTGGTGATCCTATATTATATCAGCATTTATTCTGGTTCTTCGGCCATCCCGAAGTCTA	asv.652_EE0528
16S	AGACGAGAAGACCCYdTGGAGCTT	GATCCAACATCGAGGTCGTAA	Vert-16S-eDNA-F1	Vert-16S-eDNA-R1	https://doi.org/10.1007/s12686-016-0550-y	Paired	NovaSeq6000	CGTTGGTGAACTTCTAGTACTCAGTAACGTATAACAGCTTTGAGAACATTCGGCTTTAGTTTGCATTCATCTAACCACTCTTTACGCCGAGGGTTTGTCAACTTGGGCCTCTCGTATAACCGCGGTGGCTGGCACGAAATTTACCAACCC	asv.678_EE0526
16S	AGACGAGAAGACCCYdTGGAGCTT	GATCCAACATCGAGGTCGTAA	Vert-16S-eDNA-F1	Vert-16S-eDNA-R1	https://doi.org/10.1007/s12686-016-0550-y	Paired	NovaSeq6000	CGTGATTGGGCTTCTGATCTTCGGGTGCGTATAACAGCTTTGAAGGTGTTTGGCTTTAGTGAAATATGTTACTTAACCACTCTTTACGCCGATTGTCTGTCAACTTGGGTCTCTCGTATAACCGCGGTGGCTGGCACGAGATTTACCAAC	asv.696_EE0528
16S	AGACGAGAAGACCCYdTGGAGCTT	GATCCAACATCGAGGTCGTAA	Vert-16S-eDNA-F1	Vert-16S-eDNA-R1	https://doi.org/10.1007/s12686-016-0550-y	Paired	NovaSeq6000	TATTTTATTAAAATTACTTTTTTTTATAAAAAATAGCATATTTTTAATAAAATTTGGTTGGGGCAACCAGGGAACCTTTAGCTTCCCTTCTAAAAAACTCAAGTGATCTTTTTTTAAAAAAAGATAAAGTTACCACAGGGATAACAGCGTAATCTCCTTTGAGAGTCCTTATCAAAAAGGAGGGTTACGACCTCGATGTTGGATC	asv.281_EE0528
16S	AGACGAGAAGACCCYdTGGAGCTT	GATCCAACATCGAGGTCGTAA	Vert-16S-eDNA-F1	Vert-16S-eDNA-R1	https://doi.org/10.1007/s12686-016-0550-y	Paired	NovaSeq6000	AGTGAGGTATCTAATCTCAGTTTGTGTCATAGCTTTCGTGGTGTCAGGAGGGATTAGAGCCACTTTCGTGGTTGATTTTCTAGTTTTCATGAGCGTATAACAGCTTTGAAGAAATTCAGCTCTAGTTTGAAATAGGTCCTTAGCCACCCTTTACGCCGAATGTTTTTCAACTTGGGCCTTTCGTATAACCGCGGTGGCTG	asv.352_EE0528
16S	AGACGAGAAGACCCYdTGGAGCTT	GATCCAACATCGAGGTCGTAA	Vert-16S-eDNA-F1	Vert-16S-eDNA-R1	https://doi.org/10.1007/s12686-016-0550-y	Paired	NovaSeq6000	AGTGGGGTATCTAATCCCAGTTTGTGTCCTAGCTTTCGTGGGTTCATTTTAGTTAAAGCCACTTTCGTTGGGGGTCTTCCTGCCTTCGGGTACGTATAACGGCCTTGAAGGTGTTCGGCTTTAGTTTATGTTGTATTAACCACTCTTTACGCCGGTTTTTGTCAACTTGGGCCTCTCGTATAACCGCGGTGGCTGGCACG	asv.399_EE0524
16S	AGACGAGAAGACCCYdTGGAGCTT	GATCCAACATCGAGGTCGTAA	Vert-16S-eDNA-F1	Vert-16S-eDNA-R1	https://doi.org/10.1007/s12686-016-0550-y	Paired	NovaSeq6000	TTTACTTCTTCTCTCATTACCTGTACTCGCAGGAGCAATTACAATGCTATTAACCGATCGAAACTTTTCAACCAGTTTCTTTGATCCAAGTGGTGGAGGAGACCCTATTTTATACCAACATTTATTTTGATTCTTCGGCCACCCCGAAGT	asv.653_EE0526
16S	AGACGAGAAGACCCYdTGGAGCTT	GATCCAACATCGAGGTCGTAA	Vert-16S-eDNA-F1	Vert-16S-eDNA-R1	https://doi.org/10.1007/s12686-016-0550-y	Paired	NovaSeq6000	GTTGGTAAATCTCGTGCCAGCAGCCGCGGTTATACGGGAGGGGCAAATGTTATCCAACTTTATTGGGCGTAAAGTGTTTGTAGGTTGCTTTTTTTGTTGTTACTTAAAACTTAACACTCAATGTTAAAAATGTAACAATACAAATTGGCTAGAGTTTATTTTGAGGTAGATGGAATTTTTAAAGTACCACTGAAATAGAA	asv.401_EE0528
16S	AGACGAGAAGACCCYdTGGAGCTT	GATCCAACATCGAGGTCGTAA	Vert-16S-eDNA-F1	Vert-16S-eDNA-R1	https://doi.org/10.1007/s12686-016-0550-y	Paired	NovaSeq6000	GTCGGTAAAACTCGTGCCAGCAGCCGCGGTAATACGAAGGGGGCTAGCGTTGTTCGGAATTACTGGGCGTAAAGCGCGCGTAGGCGGTCTTGCCAGTCAGAGGTGAAATCCCGGGGCTCAACCTCGGAATTGCCTTTGATACTGTAAGACTTGAGTCCGTGAGAGGGTGGTGGAATATCCAGTGTAGAGGTGAAATTCGT	asv.402_EE0539
16S	AGACGAGAAGACCCYdTGGAGCTT	GATCCAACATCGAGGTCGTAA	Vert-16S-eDNA-F1	Vert-16S-eDNA-R1	https://doi.org/10.1007/s12686-016-0550-y	Paired	NovaSeq6000	TATTCAAAAAGCATTACTAGTTTTTAATAAAAAATTGTTTAATGTTTTTTGAATTTGGTTGGGGCAACCAAGGAACAATTAGCTTCCTTTAATATTAACTCAAATAATCTTTTAGTTAAATAAAGATAAAGTTACCACAGGGATAACAGCGTAATCTCTCTTGAGAGTTCTTATCAAAAGAGGGGGTTACGACCTCGATGTTGGATC	asv.282_EE0526
16S	AGACGAGAAGACCCYdTGGAGCTT	GATCCAACATCGAGGTCGTAA	Vert-16S-eDNA-F1	Vert-16S-eDNA-R1	https://doi.org/10.1007/s12686-016-0550-y	Paired	NovaSeq6000	GTGTTTTAGATCACCCCCTCCCCAATAAAGCTAAAACTCACCTGAGTTGTAAAAAACTCCAGTTGACACAAAATAGACTACGAAAGTGGCTTTAACATATCTGAACACACAATAGCTAAGACCCAAACTGGGATTAGATACCCCACTATG	asv.667_EE0526
16S	AGACGAGAAGACCCYdTGGAGCTT	GATCCAACATCGAGGTCGTAA	Vert-16S-eDNA-F1	Vert-16S-eDNA-R1	https://doi.org/10.1007/s12686-016-0550-y	Paired	NovaSeq6000	GGTTGATTTTCTGCTTTTCATGAGCGTATAACAGCTTTGAAGAAATTCAGCTCTAGTTTGTTATAGGTCCTTAGCCACCCTTTACGCCGAATGTTTTTCAACTTGGGCCTTTCGTATAACCGCGGTGGCTGGCACGAAATTAACCAACCC	asv.675_EE0528
16S	AGACGAGAAGACCCYdTGGAGCTT	GATCCAACATCGAGGTCGTAA	Vert-16S-eDNA-F1	Vert-16S-eDNA-R1	https://doi.org/10.1007/s12686-016-0550-y	Paired	NovaSeq6000	TGGTGGGGCTTCGAGTATCTCGGGAGCGTATAACAGCATTGAGAACGTTCGGCTTTATTTTTTAGTAACCCTTAACCACCCTTTACGCCGAATCCTATCAACTTGGGCCTCTCGTATAACCGCGGTTGCTGGCACGAAATTAACCAACCC	asv.705_EE0528
16S	AGACGAGAAGACCCYdTGGAGCTT	GATCCAACATCGAGGTCGTAA	Vert-16S-eDNA-F1	Vert-16S-eDNA-R1	https://doi.org/10.1007/s12686-016-0550-y	Paired	NovaSeq6000	TAGACACCAGAGCAGAGCATGTTAAGCAAACCCAGTTAGAGGACTGAACTTAGTGACTACTGCCCCACTGTCTTTGGTTGGGGCGACCACGGAGCAAAACAAAACCCCCGTGTGGAATGGGGGGGCCAACACTCCCCCCTCGAACCCAGAGTGACAACTCCAATAAACAGAAATTCTGACCAAATATGATCCGGCAAGGCCGATCAACGGACCGAGTTACCCTAGGGATAACAGCGCAATCCCCTTCTAGAGCCCATATCGTCAAGGGGGT	asv.283_EE0528
16S	AGACGAGAAGACCCYdTGGAGCTT	GATCCAACATCGAGGTCGTAA	Vert-16S-eDNA-F1	Vert-16S-eDNA-R1	https://doi.org/10.1007/s12686-016-0550-y	Paired	NovaSeq6000	GGGTTGGTAAATTTCGTGCCAGCCACCGCGGTTATACGAGAGGCCCAAGTTGATAGACATCGGCGTAAAGAGTGGTTAAGTAATCCCTCCCCACTAAAGCCGAACGCCTCCAAGACTGTAATACGTGTTCGGAGGTATGAAGCCCAACTACGAAAGTGGCTTTAAAAAAACTGACCCCACGAAAGCTGAGAAACAAACTG	asv.390_EE0528
16S	AGACGAGAAGACCCYdTGGAGCTT	GATCCAACATCGAGGTCGTAA	Vert-16S-eDNA-F1	Vert-16S-eDNA-R1	https://doi.org/10.1007/s12686-016-0550-y	Paired	NovaSeq6000	GTCGGTAAAACTCGTGCCAGCAGCCGCGGTTATACGGGAGGGGCAAATGTTATCCAACTTTATTGGGCGTAAAGGGTTTGTAGGTTGCTTTTTTTGTTGTTACTTAAAACTTAACACTCAATGTTAAAAATGTAACAATACAAATTGGCTAGAGTTTATTTTGAGGTAAATGGAATTTTTAAAGTACCACTGAAATAGAA	asv.403_EE0528
16S	AGACGAGAAGACCCYdTGGAGCTT	GATCCAACATCGAGGTCGTAA	Vert-16S-eDNA-F1	Vert-16S-eDNA-R1	https://doi.org/10.1007/s12686-016-0550-y	Paired	NovaSeq6000	TAGTTGGGCTTCATACCTCCGAACACGTATTACAGTCTTGGAGGCGTTCGGCTTTAGTGGGGAGGGATTACTTAACCACTCTTTACGCCGATGTCTATCAACTTGGGCCTCTCGTATAACCGCGGTGGCTGGCACGAAATTTACCAACCC	asv.623_EE0526
16S	AGACGAGAAGACCCYdTGGAGCTT	GATCCAACATCGAGGTCGTAA	Vert-16S-eDNA-F1	Vert-16S-eDNA-R1	https://doi.org/10.1007/s12686-016-0550-y	Paired	NovaSeq6000	AGTGAGGTATCTAATCTCAGTTTGTGCCCTAGCTTTCGTGGGTTCAGTAAGTATAAAGCCACTTTCGTGGTTGAACTTCCTATCTTCAGGTGCGTATAACAGCTTTGAAGGTGTTCGGCTTTAGTAAGTAATAGTACTTAACCACTCTTTACGCCGGTGTCTAACAACTTGGGTCTCTCGTATAACCGCGGTGGCTGGCA	asv.366_EE0528
16S	AGACGAGAAGACCCYdTGGAGCTT	GATCCAACATCGAGGTCGTAA	Vert-16S-eDNA-F1	Vert-16S-eDNA-R1	https://doi.org/10.1007/s12686-016-0550-y	Paired	NovaSeq6000	GGGTTGGTTAATTTCGTGCCAGCCGCGGTAATACGGAGGGTGCGAGCGTTAATCGGAATTACTGGGCGTAAAGCGCATGCAGGTGGTTTGTTAAGTCAGATGTGAAAGCCCGGGGCTCAACCTCGGAATAGCATTTGAAACTGGCAGACTAGAGTACTGTAGAGGGGGGTAGAATTTCAGGTGTAGCGGTGAAATGCGTA	asv.393_EE0524
16S	AGACGAGAAGACCCYdTGGAGCTT	GATCCAACATCGAGGTCGTAA	Vert-16S-eDNA-F1	Vert-16S-eDNA-R1	https://doi.org/10.1007/s12686-016-0550-y	Paired	NovaSeq6000	GGGTTGGTAAATTTCGTGCCAGCCGCGGTAATACGGATGGTGCGAGCGTTAATCGGAATTACTGGGCGTAAAGCGCGCGTAGGCGGCTAAGTCAGTCAGAAGTGAAAGCCCCGGGCTCAACCTGGGAATTGCTTTTGATACTGCTTGGCTAGAGTTTGGTAGAGGATAGTGGAATTCCAGGTGTAGCGGTGAAATGCGTA	asv.404_EE0524
16S	AGACGAGAAGACCCYdTGGAGCTT	GATCCAACATCGAGGTCGTAA	Vert-16S-eDNA-F1	Vert-16S-eDNA-R1	https://doi.org/10.1007/s12686-016-0550-y	Paired	NovaSeq6000	GTAGTGGGGATTCTAGTTCTCAGGAACGTATAACAGTTCTGAAAATATTCGTCTTTAATTCAAAGTAATATTAACCACTCTTTACGCCGAGGGTCTATCAACTTGGGCCTCTCGTATAACCGCGGTGGCTGGCACGAAATTTACCAACCC	asv.651_EE0528
16S	AGACGAGAAGACCCYdTGGAGCTT	GATCCAACATCGAGGTCGTAA	Vert-16S-eDNA-F1	Vert-16S-eDNA-R1	https://doi.org/10.1007/s12686-016-0550-y	Paired	NovaSeq6000	AGTTGGGCTTCATACCTCCGAGCGCGTATAACGGTCTTGGGGGCGTTCGACTTTAGTTGTATTGGGGTAACTTAACCACTCTTTACGCCGATGGCTGTCAGCTTGGACCTCTCGTATAACCGCGGTGGCTGGCACGAAATTAACCAACCC	asv.694_EE0524
16S	AGACGAGAAGACCCYdTGGAGCTT	GATCCAACATCGAGGTCGTAA	Vert-16S-eDNA-F1	Vert-16S-eDNA-R1	https://doi.org/10.1007/s12686-016-0550-y	Paired	NovaSeq6000	TCTTCTACTTAGACTTCCTGTATTAGCCGGAGCAATTACTATGCTTTTAACCGACCGTAATCTAAACACAGCCTTCTTCGACCCAGCAGGAGGTGGAGACCCAATTCTTTACCAACACTTATTCTGATTCTTTGGCCACCCCGAAGTCTA	asv.709_EE0526
16S	AGACGAGAAGACCCYdTGGAGCTT	GATCCAACATCGAGGTCGTAA	Vert-16S-eDNA-F1	Vert-16S-eDNA-R1	https://doi.org/10.1007/s12686-016-0550-y	Paired	NovaSeq6000	TAGACTCCAGAATAGACCATGTCAGCTACTCCCGTTAAACACAGTAGCAACTATTGAGCCTCTATTCTCTGTCTTTGGTTGGGGCGACCACGGGGAAGAAAAAATCCCCCATGTGGACCGGGAGCACCAATCTCACTCCCCCAACCACGAGCCACAGCTCTAATGCGCAGAATTTCTGACCATATAGATCCGGCAACTAGCCGATCAACGGACCGAGTTACCCTAGGGATAACAGCGCAATCCCCTTTAAGAGTCCCTATCGACAAGGGGGT	asv.284_EE0528
16S	AGACGAGAAGACCCYdTGGAGCTT	GATCCAACATCGAGGTCGTAA	Vert-16S-eDNA-F1	Vert-16S-eDNA-R1	https://doi.org/10.1007/s12686-016-0550-y	Paired	NovaSeq6000	CGTAGTGGGGCTTCTGGCTCTCAGGTGCGTATAACAGCCTCGAGAGTATTCGGCTTTAGTTCATTGTTATCTAACCACGCTTTACGCCGAGGTTCTGTTAACTTGGGCCCCTCGTATAACCGCGGTGGCTGGCACGAAATTTACCAACCC	asv.672_EE0528
16S	AGACGAGAAGACCCYdTGGAGCTT	GATCCAACATCGAGGTCGTAA	Vert-16S-eDNA-F1	Vert-16S-eDNA-R1	https://doi.org/10.1007/s12686-016-0550-y	Paired	NovaSeq6000	CGTAGTGGGGCTTCTGGCTCTCAGGTGCGTATAACAGCCTCGAGAGTATTCGGCTTTAGTTCATTGTTATCTAACCACGCTTTACGCCGAGGTTCTGTTAACTTGGGCCCCTCGTATAACCGCGGTGGCTGGCACGAAATTTACCAACCC	asv.672_EE0526
16S	AGACGAGAAGACCCYdTGGAGCTT	GATCCAACATCGAGGTCGTAA	Vert-16S-eDNA-F1	Vert-16S-eDNA-R1	https://doi.org/10.1007/s12686-016-0550-y	Paired	NovaSeq6000	TTTATTATTATCATTACCAGTTTTAGCAGGAGCAATTACCATGCTTTTAACTGATAGAAACTTCAATACCACTTTCTTTGATCCAGCAGGTGGTGGTGATCCTGTGCTTTATCAGCATTTATTTTGGTTCTTTGGCCATCCCGAAGTCTA	asv.688_EE0528
16S	AGACGAGAAGACCCYdTGGAGCTT	GATCCAACATCGAGGTCGTAA	Vert-16S-eDNA-F1	Vert-16S-eDNA-R1	https://doi.org/10.1007/s12686-016-0550-y	Paired	NovaSeq6000	TCGTAGGGGGGCTTCATGCTCTCGGGAACGTATAACAGTTTTGAGAGTGTTCAGCTTTAGTTTTGGTTTTCTCTTAACCACTCTTTACGCCGATGGCTATCAACTTGGACCTCTCGTATAACCGCGGTGGCTGGCACGAGATTTACCAAC	asv.706_EE0526
16S	AGACGAGAAGACCCYdTGGAGCTT	GATCCAACATCGAGGTCGTAA	Vert-16S-eDNA-F1	Vert-16S-eDNA-R1	https://doi.org/10.1007/s12686-016-0550-y	Paired	NovaSeq6000	ATTACTACTATCACTGCCGGTACTGGCAGGGGCTATCACTATGTTGCTTACTGACCGAAATTTAAACTCTTCCTTTTATGATGCAAGCGGGGGGGGCGACCCCATCCTCTACCAACATTTGTTTTGATTCTTCGGCCACCCCGAAGTCTA	asv.710_EE0528
16S	AGACGAGAAGACCCYdTGGAGCTT	GATCCAACATCGAGGTCGTAA	Vert-16S-eDNA-F1	Vert-16S-eDNA-R1	https://doi.org/10.1007/s12686-016-0550-y	Paired	NovaSeq6000	ACAGCAAAAATCAAGCCTTTAGTGTATTTGCCCTGCACTAATCAATAACTCTATGCAGAAGCAAATTTTAAACCGACTTGAAAAAGCTTTGGTTGGGGCAACCGCGGAGCAGGAAAACCCTCCGCTAATAAGTAACTATAAAAAGAGCTACAATTCTATAATCAAAAATGAAAGTATGATCCACTAAGGTGATCAAAGGAACAAGTTACCGCAGGGATAACAGCGTTATCTTTTCTGAGAGTTCACATTGACGAAAAGGT	asv.253_EE0528
16S	AGACGAGAAGACCCYdTGGAGCTT	GATCCAACATCGAGGTCGTAA	Vert-16S-eDNA-F1	Vert-16S-eDNA-R1	https://doi.org/10.1007/s12686-016-0550-y	Paired	NovaSeq6000	GTCGGTAAAACTCGTGCCAGCAGCCGCGGTAATACGGAGGGTGCGAGCGTTAATCGGAATTACTGGGCGTAAAGCGCATGCAGGTGGTTTGTTAAGTCAGATGTGAAAGCCCGGGGCTCAACCTCGGAATAGCATTTGAAACTGGCAGACTAGAGTACTGTAGAGGGGGGTAGAATTTCAGGTGTAGCGGTGAAATGCGT	asv.355_EE0537
16S	AGACGAGAAGACCCYdTGGAGCTT	GATCCAACATCGAGGTCGTAA	Vert-16S-eDNA-F1	Vert-16S-eDNA-R1	https://doi.org/10.1007/s12686-016-0550-y	Paired	NovaSeq6000	GTCGGTAAACTCGTGCCAGCAGCCGCGGTAATACGAAAGGGGCTAGCGTTGTTCGGATTTACTGGGCGTAAAGGGCACGCAGGCGGTCTTGCCAGTCAGGGGTGAAAGCCCGGGGCTCAACCCCGGAACTGCCTCTGATACTGCAAGACTAGAGACTAGGAGAGGGTGGTGGAATTCCCAGTGTAGAGGTGAAATTCGTA	asv.408_EE0539
16S	AGACGAGAAGACCCYdTGGAGCTT	GATCCAACATCGAGGTCGTAA	Vert-16S-eDNA-F1	Vert-16S-eDNA-R1	https://doi.org/10.1007/s12686-016-0550-y	Paired	NovaSeq6000	AGTGAGGTATCTAATCTCAGTTTGTTTCTTAGCTTTCGTGGGGTCAGGCTTGTTTTAAAGCTACTTTCGTATTTGGGCTTCGTGACTTTCGGGGTGCGTATAACGGCTTAGAAGATCTTTGGCTTTATTGTGTGTTACCCTTAACCACCCTTTACGCCGTGAGTATCAACTAGGGTCTTTCGTATAACCGCGGTGGCTGG	asv.410_EE0528
16S	AGACGAGAAGACCCYdTGGAGCTT	GATCCAACATCGAGGTCGTAA	Vert-16S-eDNA-F1	Vert-16S-eDNA-R1	https://doi.org/10.1007/s12686-016-0550-y	Paired	NovaSeq6000	TGATTGGGCTTCTGACCTTCGGGTGCGTATAACAGCTTTGAAGGTGTTTGGCTTTAGTGATATGTTGTACTTAACCACTCTTTACGCCGATTGTCTGTCAACTTGGGTCTCTCGTATAACCGCGGTGGCTGGCACGAAATTTACCAACCC	asv.684_EE0526
16S	AGACGAGAAGACCCYdTGGAGCTT	GATCCAACATCGAGGTCGTAA	Vert-16S-eDNA-F1	Vert-16S-eDNA-R1	https://doi.org/10.1007/s12686-016-0550-y	Paired	NovaSeq6000	TAGACACCAAAGCAGACCATCTTAATCACCCCTAAACAAAGGACTAAACAATATTGAACCCTGCCCTAATGTCTTCGGTTGGGGCGACCACGGAGAAATAAAAAACCCCCGCGTGGAACAGGGATACTATCCCCACAATCACGAGCCTCCGCTCTACTAAACAGAACCTCTGACCAACCAGATCCGGCAATGCCGACCAACGGACCAAGTTACCCTAGGGATAACAGCGCAATCCCCTTTTAGAGCCCATATCGACAAGGGGGT	asv.285_EE0528
16S	AGACGAGAAGACCCYdTGGAGCTT	GATCCAACATCGAGGTCGTAA	Vert-16S-eDNA-F1	Vert-16S-eDNA-R1	https://doi.org/10.1007/s12686-016-0550-y	Paired	NovaSeq6000	AAAGTCTTTAAGCTTGTTAAGTTTTTTTGGACTTTTGATTGGGGTAATTTCGAAAAAAATTTAACTTTCGTGTTTGAAAAAGAAAAATAGTCTTATTTTAAGTGTAAGGACCCACGCTATTCGTGGTATTTTGAATAAGTTCCCGCAGGGATAACAGCGTTATTTTTCTTGAGAGCTCTTATTGACGGAAAAGTTTACGACCTCGATGTTGGATC	asv.286_EE0528
16S	AGACGAGAAGACCCYdTGGAGCTT	GATCCAACATCGAGGTCGTAA	Vert-16S-eDNA-F1	Vert-16S-eDNA-R1	https://doi.org/10.1007/s12686-016-0550-y	Paired	NovaSeq6000	AGTGAGGTATCTAATCTCAGTTTGTGTCTTAGCTTTCGTGGATTCAAAATAATAAAGCCACTTTCGTTGGTGAACTTCTAGTACTCAGTAACGTATAACAGCTTTGAGAACATTCGGCTTTAGTTTGCATTCATCTAACCACTCTTTACGCCGAGGGTTTGTCAACTTGGGCCTCTCGTATAACCGCGGTGGCTGGCACG	asv.365_EE0528
16S	AGACGAGAAGACCCYdTGGAGCTT	GATCCAACATCGAGGTCGTAA	Vert-16S-eDNA-F1	Vert-16S-eDNA-R1	https://doi.org/10.1007/s12686-016-0550-y	Paired	NovaSeq6000	ATTATTACTATCTTTACCAGTTTTAGCAGGTGCTATTACTATGTTATTAACAGATCGTAATTTTAACACAACATTTTTTGATCCTGCAGGAGGAGGTGATCCTGTGTTATATCAACATTTATTCTGATTCTTTGGCCACCCCGAGGTCTA	asv.674_EE0528
16S	AGACGAGAAGACCCYdTGGAGCTT	GATCCAACATCGAGGTCGTAA	Vert-16S-eDNA-F1	Vert-16S-eDNA-R1	https://doi.org/10.1007/s12686-016-0550-y	Paired	NovaSeq6000	TAGACACTAAATCAGCCCTTGTCCATAAACCCCAGCTAAGGGCCTGAACGATAGAGTGAGCCCTGATCTGATGTCTTCGGTTGGGGCGACCTCGGAGTAATAAAAAACCTCCGCGCGGAACGGGAGTACTACTCCTATAACTAAGAGCCGCCACTCAAAGTGCCAGAAATTTTGACCAACAATATGACCCAGCTTAACGCCGATCAACGGACTAAGTTACCCCAGGGATAACAGCGCAATCCTCTTTTAGAGCCCATATCGACAAGAGGGT	asv.287_EE0526
16S	AGACGAGAAGACCCYdTGGAGCTT	GATCCAACATCGAGGTCGTAA	Vert-16S-eDNA-F1	Vert-16S-eDNA-R1	https://doi.org/10.1007/s12686-016-0550-y	Paired	NovaSeq6000	AGTGAGGTATCTAATCTCAGTTTGTGTCATAGCTTTCGTGGGTTCAGCTGATATAAAGCCACTTTCGTGATTGAACTTCTTACCTTCGGGAGCGTATAACAGCCCTGAGGGCGTTCGGCTTTAGTTTTAGTAGATGTGTCTTAACCACTCTTTACGCCGGAGTCTATCAACTTGGGCCTCTCGTATAACCGCGGTGGCTG	asv.387_EE0526
16S	AGACGAGAAGACCCYdTGGAGCTT	GATCCAACATCGAGGTCGTAA	Vert-16S-eDNA-F1	Vert-16S-eDNA-R1	https://doi.org/10.1007/s12686-016-0550-y	Paired	NovaSeq6000	AGTGAGGTATCTAATCTCAGTTTGGGTCTTAGTTATTGTGTTTTCAGGATATTAAAGCCACTTTTGTAGTTTATTTTATTTCAGCTGGAGTTTTTTTACAACTTAGATGGAGTTTATCTTTATTGAGGGTAGATCTTAAACACTCTTTATGCCAAGATCTATTAGCTTGGGTTAATCATATAACCACAGTGGCTGGCACG	asv.407_EE0531
16S	AGACGAGAAGACCCYdTGGAGCTT	GATCCAACATCGAGGTCGTAA	Vert-16S-eDNA-F1	Vert-16S-eDNA-R1	https://doi.org/10.1007/s12686-016-0550-y	Paired	NovaSeq6000	AAAGCATAGTAATTGCTCCAGCTAAGACAGGTAAAGCTAATACTAATAATATTGTTGTTAATAAAATAGATCAAACAAATAACGGTAATCTATCCATAGTCATCCCTGGTGCTCTCATATTTAAAATTGTGGTTATAAAATTTATGGAGC	asv.714_EE0526
16S	AGACGAGAAGACCCYdTGGAGCTT	GATCCAACATCGAGGTCGTAA	Vert-16S-eDNA-F1	Vert-16S-eDNA-R1	https://doi.org/10.1007/s12686-016-0550-y	Paired	NovaSeq6000	GGTTAGGTGGATTAGAAGAAATTACTTGAAAAGGCAAGCAAATAGCTTGATTGCTACCTTATGGTATGTGCGGGTATGGTTAAATTGGTGGAATATCTGGTGTGTACTGTGGAGTGTTCCCTGTAGTGTAGAGGTCTGTAAAGACGTCGCATTATGTTTAATGAAATAAGGTAGCTGTGGGTTTTTCTGATTGCTGATGTTTTGCTGGGGTAGCACGAAGTGAGAAAGAACACTTTGGGTCACGGTATGCGGATCCTATTTGATAGATAAACAGCAAAAGTTACCGCGGGGATAACAGCGCGATCCTTTCAGATAGGCCATATTGACGAAAGCAGGC	asv.288_EE0526
16S	AGACGAGAAGACCCYdTGGAGCTT	GATCCAACATCGAGGTCGTAA	Vert-16S-eDNA-F1	Vert-16S-eDNA-R1	https://doi.org/10.1007/s12686-016-0550-y	Paired	NovaSeq6000	CAGACAAAAGAACAGACTATGTCAAAACCCCCCGACAAGGAAAAGAACCAATTAGACCCTGTCCTAATGTCTTTGGTTGGGGCGACCGCGGGGAAATAAAAATCCCCCATGTGGAATAGAGCCACACCTTCTACAACCGAGAGTAACAACTCTAAGCAACAGAAATTCTGACCATCATGATCCGGCACCGCCGATCAACGGAACGAGTTACCCCAGGGATAACAGCGCAATCCTCTTTTAGAGCCCATATCGACAAGAGGGT	asv.289_EE0528
16S	AGACGAGAAGACCCYdTGGAGCTT	GATCCAACATCGAGGTCGTAA	Vert-16S-eDNA-F1	Vert-16S-eDNA-R1	https://doi.org/10.1007/s12686-016-0550-y	Paired	NovaSeq6000	GGTTGATTTTCTAGTTTTCATGAGCGTATAACAGCTTTGAAGAAATTCAGCTCTAGTTTGAAATAGGTCCTTAGCCACCCTTTACGCCGAATGTTTTTCAACTTGGGCCTTTCGTATAACCGCGGTGGCTGGCACGAAATTAACCAACCC	asv.689_EE0526
16S	AGACGAGAAGACCCYdTGGAGCTT	GATCCAACATCGAGGTCGTAA	Vert-16S-eDNA-F1	Vert-16S-eDNA-R1	https://doi.org/10.1007/s12686-016-0550-y	Paired	NovaSeq6000	GTATTTGGGCTTCGTGACTTTCGGGGTGCGTATAACGGCTTAGAAGATCTTTGGCTTTATTGTGTGTTACCCTTAACCACCCTTTACGCCGTGAGTATCAACTAGGGTCTTTCGTATAACCGCGGTGGCTGGCACGAAATTTACCAACCC	asv.712_EE0528
16S	AGACGAGAAGACCCYdTGGAGCTT	GATCCAACATCGAGGTCGTAA	Vert-16S-eDNA-F1	Vert-16S-eDNA-R1	https://doi.org/10.1007/s12686-016-0550-y	Paired	NovaSeq6000	GGTCAGTAAGTAGCATAGTGATAGCTCCACCCAAAACAGGAACAGCTAAAAGAAGAAGAAAAGCGGTAACTAACATAGCCCATGCAAATAATGGCATTTTATGAAGAGTCATTCCAGGAGCTCTCATATTCAGAATAGTGGTAATGAAAT	asv.716_EE0524
16S	AGACGAGAAGACCCYdTGGAGCTT	GATCCAACATCGAGGTCGTAA	Vert-16S-eDNA-F1	Vert-16S-eDNA-R1	https://doi.org/10.1007/s12686-016-0550-y	Paired	NovaSeq6000	GTTGGTAAATCTCGTGCCAGCCACCGCGGTTATACGAGAGGCCCAAGTTGATAGACCCTCGGCGTAAAGAGTGGTTAATATTACTTTGAATTAAAGACGAATATTTTCAGAACTGTTATACGTTCCTGAGAACTAGAATCCCCACTACGAAAGTGACTTTATGTTATTGAAGCCACGAAAGCTAAGACACAAACTGGGAT	asv.397_EE0526
16S	AGACGAGAAGACCCYdTGGAGCTT	GATCCAACATCGAGGTCGTAA	Vert-16S-eDNA-F1	Vert-16S-eDNA-R1	https://doi.org/10.1007/s12686-016-0550-y	Paired	NovaSeq6000	TAGACACCAGGGCAGGTCATGTTAAGAACCCCTATGTTAAAAGACAAAACAAGATGAACACTGCCCACATGTCTTTGGTTGGGGCGACCGCGGGGAAACAAACAACCCCCATGTGGACCGGGAGAACTTCTCCTAAAAGCAAGAACCGCAGTTCTAACTAACAGAACTTCTGACCTTTAAGATCCGGCTAGTGCCGATCA	asv.413_EE0528
16S	AGACGAGAAGACCCYdTGGAGCTT	GATCCAACATCGAGGTCGTAA	Vert-16S-eDNA-F1	Vert-16S-eDNA-R1	https://doi.org/10.1007/s12686-016-0550-y	Paired	NovaSeq6000	ACTTCTTTTATTAGCTGTACCTGTACTTGCAGGAGCAATTACAATGCTATTAACAGATCGAAACTTTAACACAACTTTCTTTGACCCAGCAGGGGGAGGAGATCCTGTACTTTACCAGCACCTTTTCTGATTCTTCGGCCACCCCGAGGT	asv.671_EE0526
16S	AGACGAGAAGACCCYdTGGAGCTT	GATCCAACATCGAGGTCGTAA	Vert-16S-eDNA-F1	Vert-16S-eDNA-R1	https://doi.org/10.1007/s12686-016-0550-y	Paired	NovaSeq6000	GTATAGTAGAGGGTAGTAGAATTTTTAATGTAAGGATAAAATCTTGAGATATTAAGAGGAATGCCAGCTGCGAAGGCGGCTACCTGGACTATTACTGACGTTAAAGGGCGAAAGCTAGGGTATCAAACTGGGATTAGATACCCCACTATG	asv.717_EE0526
16S	AGACGAGAAGACCCYdTGGAGCTT	GATCCAACATCGAGGTCGTAA	Vert-16S-eDNA-F1	Vert-16S-eDNA-R1	https://doi.org/10.1007/s12686-016-0550-y	Paired	NovaSeq6000	ACAGCAAAACTCAAACTCTTATTATACTTTATTCTTTACTAATACGTGACATTATAAGGAAACAAAGCCTCTAGGAGATTAGAGAAAGCTTTGGTTGGGGCAATCACGGAGTAAAATAACCCTCCGCTAATACAGAAAACTATACTAAGAACCACAATTCTAAAATCAACAATGAAAGTATGATCCACTAAGGTGATCAAAGGAACAAGTTACCGCAGGGATAACAGCGTTATCTTTTCTGAGAGTTCACATTGACGAAAAGGT	asv.239_EE0528
16S	AGACGAGAAGACCCYdTGGAGCTT	GATCCAACATCGAGGTCGTAA	Vert-16S-eDNA-F1	Vert-16S-eDNA-R1	https://doi.org/10.1007/s12686-016-0550-y	Paired	NovaSeq6000	AAGACTATAAATGGACCTAAAACACTCCTTTTATTTACTAAAGGAAGACAATCTGATTACCTTTTAATGTCTTTGGTTGGGGCGACCACGGGGGATAAAAAGCCCCCACGAGGACTAGGGAAAATTTCCTAAAACCAAGAGCTACAGCTCTAAGCAACAGAATATCTGACCTAAAAGATCCGGCAAAGCCGATCGACGAATCCCGTTACCCCAGGGATAACAGTGCAATCTTCTTCAAGAGCCCTTATCGACAAGAAGGT	asv.290_EE0528
16S	AGACGAGAAGACCCYdTGGAGCTT	GATCCAACATCGAGGTCGTAA	Vert-16S-eDNA-F1	Vert-16S-eDNA-R1	https://doi.org/10.1007/s12686-016-0550-y	Paired	NovaSeq6000	GTCGGTAAAACTCGTGCCAGCAGCCGCGGTAATACGTATGTCGCAAGCGTTATCCGGATTTATTGGGCGTAAAGCGCGTCTAGGCGGTCTTTTAAGTCTGATGTGAAAATGCGGGGCTCAACTCCGTATTGCGTTGGAAACTGGAAGACTAGAGTATCAGAGAGGTGGGCGGAACTACAAGTGTAGAGGTGAAATTCGTA	asv.392_EE0526
16S	AGACGAGAAGACCCYdTGGAGCTT	GATCCAACATCGAGGTCGTAA	Vert-16S-eDNA-F1	Vert-16S-eDNA-R1	https://doi.org/10.1007/s12686-016-0550-y	Paired	NovaSeq6000	AGTGAGGTATCTAATCTCAGTTTGTTCCCTAGCTTTCGTGGGTTCAAATAGTGTAAAGCCACTTTCGTGGTAGGTCTTCATGTCTTCGAATGTGTTATACAACCTTGGAGACGTTCGGCTTTAGTATTGAAGATAATTAACCACTCTTTACGCCGGGAACTGTCAGCTTGGGCCTCTCGTATAACCGCGGTGGCTGGCAC	asv.419_EE0528
16S	AGACGAGAAGACCCYdTGGAGCTT	GATCCAACATCGAGGTCGTAA	Vert-16S-eDNA-F1	Vert-16S-eDNA-R1	https://doi.org/10.1007/s12686-016-0550-y	Paired	NovaSeq6000	ATTATTACTATCTTTACCAGTTTTAGCAGGTGCTATTACTATGTTATTAACAGATCGTAATTTTAACACAACATTTTTTGATCCTGCAGGAGGAGGTGATCCTGTGTTATATCAACATTTATTCTGATTCTTTGGCCACCCCGAGGTCTA	asv.674_EE0526
16S	AGACGAGAAGACCCYdTGGAGCTT	GATCCAACATCGAGGTCGTAA	Vert-16S-eDNA-F1	Vert-16S-eDNA-R1	https://doi.org/10.1007/s12686-016-0550-y	Paired	NovaSeq6000	ATTATTACTATCTTTACCAGTTTTAGCAGGTGCTATTACTATGTTATTAACAGATCGTAATTTTAATACAACATTTTTTGATCCTGCAGGGGGAGGTGATCCTGTGTTATATCAACATTTATTCTGATTTTTCGGCCACCCCGAGGTCTA	asv.685_EE0526
16S	AGACGAGAAGACCCYdTGGAGCTT	GATCCAACATCGAGGTCGTAA	Vert-16S-eDNA-F1	Vert-16S-eDNA-R1	https://doi.org/10.1007/s12686-016-0550-y	Paired	NovaSeq6000	AGTGAGGTATCTAATCTCAGTTTGTACCCTAGCTTTCGTGGGTTCAGTTAGTTTAAAGCTACTTTCGTGATTGGGCTTCTAGCCTTCGGGTGCGTATAACAGCTTTGAAGGTGTTTGGCTTTAGTCGAGTATAGTACTTAACCACTCTTTACGCCGATTGCCTGTCAACTTGGGTCTCTCGTATAACCGCGGTGGCTGGC	asv.395_EE0528
16S	AGACGAGAAGACCCYdTGGAGCTT	GATCCAACATCGAGGTCGTAA	Vert-16S-eDNA-F1	Vert-16S-eDNA-R1	https://doi.org/10.1007/s12686-016-0550-y	Paired	NovaSeq6000	TCTACGAATTTCACCTCTACACTGGAAATTCCATTTTCCTCTCCTGAATTCCAGAACAAAAGTTTTAAAAGCAATTCCTAGGTTGAGCCCAGGGATTTCACTTCTAACTTTTTGTTCCGCCTACATGCGCTTTACGCCCAGTAATTCCGA	asv.613_EE0526
16S	AGACGAGAAGACCCYdTGGAGCTT	GATCCAACATCGAGGTCGTAA	Vert-16S-eDNA-F1	Vert-16S-eDNA-R1	https://doi.org/10.1007/s12686-016-0550-y	Paired	NovaSeq6000	CGTAGTTGGGCTTCTTACCTTCGAGAGCGTATAACAGCTTTGAGGGTATTTGGCTCTAGTTTTTGTACATCTTAACCACTCTTTACGCCGATGACTGTCAACTTGAGTCTCTCGTATAACCGCGGTGGCTGGCACGAAATTTACCAACCC	asv.690_EE0528
16S	AGACGAGAAGACCCYdTGGAGCTT	GATCCAACATCGAGGTCGTAA	Vert-16S-eDNA-F1	Vert-16S-eDNA-R1	https://doi.org/10.1007/s12686-016-0550-y	Paired	NovaSeq6000	AGGGTGGTTAAGAAAGTATAATGCTAGGGCCAAATCCTTTCAAAGCTGTCATACGTACCCGAAAGAAAGAAGACCCCTTACGAAAGTAGCTCTAACCCATCTGACCCCACGAAAGCTTGGACACAAACTGGGATTAGATACCCCACTATG	asv.721_EE0528
16S	AGACGAGAAGACCCYdTGGAGCTT	GATCCAACATCGAGGTCGTAA	Vert-16S-eDNA-F1	Vert-16S-eDNA-R1	https://doi.org/10.1007/s12686-016-0550-y	Paired	NovaSeq6000	TAGACCCCGCAGCAGCCCACGTCAAAACTCTTAAACCACTAAGACTAAACGAAGTACCCCCCGCTGCGGGTCTTTGGTTGGGGCGACCGCGGGGAAACAACCAACCCCCGCGTGGTACGGGCCAAACCCCTAAAGCCAGACCCACAGCTCTAGCAAACAGAACATCTGACCTTCAAGATCCGGCATTGCCGATTAACGGACCAAGTTACCCTAGGGATAACAGCGCAATCCTCTTTAAGAGCTCATATCGACAAGAGGGT	asv.292_EE0526
16S	AGACGAGAAGACCCYdTGGAGCTT	GATCCAACATCGAGGTCGTAA	Vert-16S-eDNA-F1	Vert-16S-eDNA-R1	https://doi.org/10.1007/s12686-016-0550-y	Paired	NovaSeq6000	GTTGGTAAATCTCGTGCCAGCAGCCGCGGTAATACGTATGTCGCAAGCGTTATCCGGAATTATTGGGCGTAAAGCGCGTCTAGGCGGCCTTCTAAGTCTGATGTGAAAATGCGGGGCTCAACTCCGTATTGCGTTGGAAACTGGAAGGCTAGAGTATCAGAGAGGTGGGCGGAACTACAAGTGTAGAGGTGAAATTCGTA	asv.417_EE0526
16S	AGACGAGAAGACCCYdTGGAGCTT	GATCCAACATCGAGGTCGTAA	Vert-16S-eDNA-F1	Vert-16S-eDNA-R1	https://doi.org/10.1007/s12686-016-0550-y	Paired	NovaSeq6000	ATTATTACTTTCGTTACCTGTATTAGCTGGTGCTATTACTATGTTATTAACAGATCGTAATTTTAATACAACTTTTTTTGACCCTGCAGGAGGGGGAGATCCTGTATTATATCAGCATTTATTCTGATTCTTCGGCCACCCCGAGGTCTA	asv.637_EE0526
16S	AGACGAGAAGACCCYdTGGAGCTT	GATCCAACATCGAGGTCGTAA	Vert-16S-eDNA-F1	Vert-16S-eDNA-R1	https://doi.org/10.1007/s12686-016-0550-y	Paired	NovaSeq6000	ATTATTACTTTCTTTACCTGTATTAGCAGGTGCTATTACAATGCTTTTAACAGATCGTAATTTTAATACCACTTTTTTTGATCCAGCGGGTGGTGGTGACCCTGTCTTATACCAGCATTTATTTTGATTTTTCGGCCATCCCGAAGTCTA	asv.680_EE0528
16S	AGACGAGAAGACCCYdTGGAGCTT	GATCCAACATCGAGGTCGTAA	Vert-16S-eDNA-F1	Vert-16S-eDNA-R1	https://doi.org/10.1007/s12686-016-0550-y	Paired	NovaSeq6000	TTATTGGGCTTCTTGTCTTCGTGTGCGTATGACGGCTTGGAAGATGTTCGGCTTTAGTTTAGGTATTTGCCTTAACCACCCTTTACGCCGATGCCTAACAACTTGGGTCTCTCGTATAACCGCGGTGGCTGGCACGAAATTAACCAACCC	asv.708_EE0526
16S	AGACGAGAAGACCCYdTGGAGCTT	GATCCAACATCGAGGTCGTAA	Vert-16S-eDNA-F1	Vert-16S-eDNA-R1	https://doi.org/10.1007/s12686-016-0550-y	Paired	NovaSeq6000	GGGTATCTAATCCTAGTTTGTGTCATAGCTTTCGTGGTGTCAGGGGGGGGGGATTAGAGCCACTTTCGTGGTTGATTTTCTAGTTTTCATGAGCGTATAACAGCTTTGAAGAAATTCAGCTCTAGTTTAAAATAGGTCCTTAGCCACCCT	asv.723_EE0526
16S	AGACGAGAAGACCCYdTGGAGCTT	GATCCAACATCGAGGTCGTAA	Vert-16S-eDNA-F1	Vert-16S-eDNA-R1	https://doi.org/10.1007/s12686-016-0550-y	Paired	NovaSeq6000	TAGTCTACCTTGTAAAAGGTTTGCGAGGGCGACTTTGGTTGGGGCAACTGGTATTCTTGTTAGACATTACCTTGGTAGATTACCTTGAAGTTGTAGTGATCTTAAAGGTTTGAATCATAAGAAAAAGTTACCTTAGGGATAACAGCGTAATTTTTCTTGAGAGTTCTTATTAACAGAAGAGTTTACGACCTCGATGTTGGATC	asv.291_EE0526
16S	AGACGAGAAGACCCYdTGGAGCTT	GATCCAACATCGAGGTCGTAA	Vert-16S-eDNA-F1	Vert-16S-eDNA-R1	https://doi.org/10.1007/s12686-016-0550-y	Paired	NovaSeq6000	GGGTTGGTTAATTTCGTGCCAGCCACCGCGGTTATACGAAAGGCCCAAGTTGAAAAACATTCGGCGTAAAGGGTGGCTAAGGACCTATTTCAAACTAGAGCTGAATTTCTTCAAAGCTGTTATACGCTCATGAAAACTAGAAAATCAACCACGAAAGTGGCTCTAATCCCTCCTGACACCACGAAAGCTATGACACAAAC	asv.414_EE0526
16S	AGACGAGAAGACCCYdTGGAGCTT	GATCCAACATCGAGGTCGTAA	Vert-16S-eDNA-F1	Vert-16S-eDNA-R1	https://doi.org/10.1007/s12686-016-0550-y	Paired	NovaSeq6000	AGTCTATTTTGTGTCAACTGGAGTTTTTTACAACTCAGGTGAGTTTTAGCTTTATTGGGGAGGGGGTGATCTAAAACACTCTTTACGCCGGCTTCTATTGACTTGGGTTAATCGTGTGACCGCGGTGGCTGGCACGAAATTTACCAACCC	asv.617_EE0524
16S	AGACGAGAAGACCCYdTGGAGCTT	GATCCAACATCGAGGTCGTAA	Vert-16S-eDNA-F1	Vert-16S-eDNA-R1	https://doi.org/10.1007/s12686-016-0550-y	Paired	NovaSeq6000	ATTGAACTTCTTACCTTCGGGAGCGTATAACAGCCCTGAGGGCGTTCGGCTTTAGTTTTAGTAGATGTGTCTTAACCACTCTTTACGCCGGAGTCTATCAACTTGGGCCTCTCGTATAACCGCGGTGGCTGGCACGAAATTTACCAACCC	asv.693_EE0526
16S	AGACGAGAAGACCCYdTGGAGCTT	GATCCAACATCGAGGTCGTAA	Vert-16S-eDNA-F1	Vert-16S-eDNA-R1	https://doi.org/10.1007/s12686-016-0550-y	Paired	NovaSeq6000	TACACTTACCATGATTTCCTGCTGATTTGTTAAGTATTTCGATAGGGGTGTGGGAGGGAAGTTCTCAGGGAACTGCTGATTTGGGATCGATTTCTTGCCAAGGAGGAGAAGGAGGAAGAAGAACAGGACAAGGAGAGTGACGGGCGGTGT	asv.724_EE0526
16S	AGACGAGAAGACCCYdTGGAGCTT	GATCCAACATCGAGGTCGTAA	Vert-16S-eDNA-F1	Vert-16S-eDNA-R1	https://doi.org/10.1007/s12686-016-0550-y	Paired	NovaSeq6000	AGTGAGGTATCTAATCTCAGTTTGTGTCATAGCTTTCGTGGTGTCAGGAGTGATTAGAGCCACTTTCGTGGTTGATTTTCTGCTTTTCATGAGCGTATAACAGCTTTGAAGAAATTCAGCTCTAGTTTGTTATAGGTCCTTAGCCACCCTTTACGCCGAATGTTTTTCAACTTGGGCCTTTCGTATAACCGCGGTGGCTG	asv.374_EE0526
16S	AGACGAGAAGACCCYdTGGAGCTT	GATCCAACATCGAGGTCGTAA	Vert-16S-eDNA-F1	Vert-16S-eDNA-R1	https://doi.org/10.1007/s12686-016-0550-y	Paired	NovaSeq6000	GGTACAGGATGAACAGTATATCCTCCTCAAGCAATTTTAGAAGGTACACCAGGATCGGGATACGGAATAATGTTAATGTGCATATCCCTAATTTTATTTGTAGCTGGATTTACAATGGGTGGTTTAAATTATTTAATTACCGTCCTGCAAGCTAGAACAAGAGGAATGACGTTAATGAGAATGCCCTTAACAGTCTGGGG	asv.386_EE0528
16S	AGACGAGAAGACCCYdTGGAGCTT	GATCCAACATCGAGGTCGTAA	Vert-16S-eDNA-F1	Vert-16S-eDNA-R1	https://doi.org/10.1007/s12686-016-0550-y	Paired	NovaSeq6000	GGTACAGGATGAACAGTATATCCTCCTCAAGCAATTTTAGAAGGTACACCAGGATCGGGATACGGAATAATGTTAATGTGCATATCCCTAATTTTATTTGTAGCTGGATTTACAATGGGTGGTTTAAATTATTTAATTACCGTCCTGCAAGCTAGAACAAGAGGAATGACGTTAATGAGAATGCCCTTAACAGTCTGGGG	asv.386_EE0526
16S	AGACGAGAAGACCCYdTGGAGCTT	GATCCAACATCGAGGTCGTAA	Vert-16S-eDNA-F1	Vert-16S-eDNA-R1	https://doi.org/10.1007/s12686-016-0550-y	Paired	NovaSeq6000	AGTGAGGTATCTAATCTCAGTTTGTGTCCTAGCTTTCGTGGGTTCAGTTAGTTTAAAGCCACTTTCGTGATTGGGCTTCTAACCTTCGGGTGCGTATAACAGCTTTGAAGGTGTTTGGCTTTAGTGAAGTAGGGTACTTAACCACTCTTTACGCCGATTGTCTGTCAACTTGGGTCTCTCGTATAACCGCGGTGGCTGGC	asv.406_EE0526
16S	AGACGAGAAGACCCYdTGGAGCTT	GATCCAACATCGAGGTCGTAA	Vert-16S-eDNA-F1	Vert-16S-eDNA-R1	https://doi.org/10.1007/s12686-016-0550-y	Paired	NovaSeq6000	AGTGAGGTATCTAATCTCAGTTTGTGTCATAGCTTTCGTGGGTTCAGGCAGGTTAGAGCCACTTTCGTTATTGGGCTTCTTGTCTTCGTGTGCGTATGACGGCTTGGAAGATGTTCGGCTTTAGTTTGGGTATTTGCCTTAACCACCCTTTACGCCGATGCCTAACAACTTGGGTCTCTCGTATAACCGCGGTGGCTGGC	asv.411_EE0526
16S	AGACGAGAAGACCCYdTGGAGCTT	GATCCAACATCGAGGTCGTAA	Vert-16S-eDNA-F1	Vert-16S-eDNA-R1	https://doi.org/10.1007/s12686-016-0550-y	Paired	NovaSeq6000	AGTCTATTTTGTGTCAACTGGAGTTTTTTACAACTCAGGTGAGTTTTAGCTTTATTGGGGAGGGGGTGATCTAAAACACTCTTTACGCCGGCTTCTATTGACTTGGGTTAATCGTGTGACCGCGGTGGCTGGCACGAAATTAACCAACCC	asv.620_EE0528
16S	AGACGAGAAGACCCYdTGGAGCTT	GATCCAACATCGAGGTCGTAA	Vert-16S-eDNA-F1	Vert-16S-eDNA-R1	https://doi.org/10.1007/s12686-016-0550-y	Paired	NovaSeq6000	ATTATTATTATCTTTACCTGTTTTAGCTGGAGCTATTACTATGCTATTAACAGATCGTAATTTTAATACAACATTTTTTGATCCTGCAGGAGGAGGAGATCCTGTTTTATACCAACATCTTTTTTGATTCTTCGGCCATCCCGAAGTCTA	asv.702_EE0526
16S	AGACGAGAAGACCCYdTGGAGCTT	GATCCAACATCGAGGTCGTAA	Vert-16S-eDNA-F1	Vert-16S-eDNA-R1	https://doi.org/10.1007/s12686-016-0550-y	Paired	NovaSeq6000	ACTCCTACTTCTCTCACTCCCAGTCTTAGCCGGCGCCATTACTATACTTCTCACTGACCGGAACTTTAATACTTCATTCTTCCATCCTGTAGGAGGCGGCGATCCCGTCCTTTACCAACATCTCTTTTGATTCTTTGGCCACCCCGAAGT	asv.728_EE0526
16S	AGACGAGAAGACCCYdTGGAGCTT	GATCCAACATCGAGGTCGTAA	Vert-16S-eDNA-F1	Vert-16S-eDNA-R1	https://doi.org/10.1007/s12686-016-0550-y	Paired	NovaSeq6000	CGTGGTAGGTCTTCATGTCTTCGAATGTGTTATACAACCTTGGAGACGTTCGGCTTTAGTATTGAAGATAATTAACCACTCTTTACGCCGGGGACTGTCAGCTTGGGCCTCTCGTATAACCGCGGTGGCTGGCACGAAATTAACCAACCC	asv.729_EE0528
16S	AGACGAGAAGACCCYdTGGAGCTT	GATCCAACATCGAGGTCGTAA	Vert-16S-eDNA-F1	Vert-16S-eDNA-R1	https://doi.org/10.1007/s12686-016-0550-y	Paired	NovaSeq6000	GTTGGTAAATCTCGTGCCAGCAGCCGCGGTAATACGAGAGGGGCAAGCGTTATTCAAAATGATTGGGCGTAAAGCGCACGTAGGTGGTGATATGATGTGGTATGTATTCAAACCATGGGTTTTGTCGATAGATACCTCTATGATATCACTTGAGGACGTGAAAGGAGCATGGAATTTCCCAGGAAGCGGTAGAATGTGTT	asv.424_EE0524
16S	AGACGAGAAGACCCYdTGGAGCTT	GATCCAACATCGAGGTCGTAA	Vert-16S-eDNA-F1	Vert-16S-eDNA-R1	https://doi.org/10.1007/s12686-016-0550-y	Paired	NovaSeq6000	AGTGAGGTATCTAATCTCAGTTTGTGTCCTAGCTTTCGTGGGTTCAGAAGGGGTAAAGCCACTTTCGTAGTTGAACTTCATACTCTCGAGTGCGTATAACAGCTTTGAGAGCGTTCGGCTTTAGTCTTTGGTTTAGTTCTTAACCACTCTTTACGCCGCTGTCTATCAACTTGGGTCTCTCGTATAACCGCGGTGGCTGG	asv.425_EE0528
16S	AGACGAGAAGACCCYdTGGAGCTT	GATCCAACATCGAGGTCGTAA	Vert-16S-eDNA-F1	Vert-16S-eDNA-R1	https://doi.org/10.1007/s12686-016-0550-y	Paired	NovaSeq6000	CGTAGTTGGGCTTCATACCTCCGAACACGTATTACAGTCTTGGAGGCGTTCGGCTTTAGTGGGGAGGGATTACTTAACCACTCTTTACGCCGATGTCTATCAACTTGGGCCTCTCGTATAACCGCGGTGGCTGGCACGAGTTTTACCGAC	asv.636_EE0526
16S	AGACGAGAAGACCCYdTGGAGCTT	GATCCAACATCGAGGTCGTAA	Vert-16S-eDNA-F1	Vert-16S-eDNA-R1	https://doi.org/10.1007/s12686-016-0550-y	Paired	NovaSeq6000	TCGGTCGTTGCAGTAGCGGCTAGGGCTAAGGCAACGACGCGAAGAACCATAGCTGCCATCGGCCTCCGTGCTTCTAGGATTGCGCCGGATATTTTTTTCGGGGACGTGACCTTTTGCTGTGAACGAGGTCGCAGAGACCAAGGACTGGGC	asv.730_EE0526
16S	AGACGAGAAGACCCYdTGGAGCTT	GATCCAACATCGAGGTCGTAA	Vert-16S-eDNA-F1	Vert-16S-eDNA-R1	https://doi.org/10.1007/s12686-016-0550-y	Paired	NovaSeq6000	AGTTGAACTTCATACTCTCGAGTGCGTATAACAGCTTTGAGAGCGTTCGGCTTTAGTCTTTGGTTTAGTTCTTAACCACTCTTTACGCCGCTGTCTATCAACTTGGGTCTCTCGTATAACCGCGGTGGCTGGCACGAAATTTACCAACCC	asv.731_EE0528
16S	AGACGAGAAGACCCYdTGGAGCTT	GATCCAACATCGAGGTCGTAA	Vert-16S-eDNA-F1	Vert-16S-eDNA-R1	https://doi.org/10.1007/s12686-016-0550-y	Paired	NovaSeq6000	TACTGAGGGCTTAGAATTTTCTATAAGCGGGACAGTTTTGTTGGGGCGACAGGTTTTTAAAAAGTAACAAAAACGAACTATGGCTTAGCTTCACCCTGAAAAATTTTTTAAGGGACATTTTTGGTGTGTTTTATGATCCGTTGTTTGGAATGAAAAAAACAACGAAAACAAATAAAAGTTACCCTGGGGATAACAGCGCAATAACGTTTGAGAGTTAATCAACGACGGTGT	asv.293_EE0528
16S	AGACGAGAAGACCCYdTGGAGCTT	GATCCAACATCGAGGTCGTAA	Vert-16S-eDNA-F1	Vert-16S-eDNA-R1	https://doi.org/10.1007/s12686-016-0550-y	Paired	NovaSeq6000	GGGTTGGTTAATTTCGTGCCAGCCGCGGTAATACGGAGGGGGTTAGCGTTGTTCGGAATTACTGGGCGTAAAGCGCGCGTAGGCGGACCAGAAAGTTGGGGGTGAAATCCCGGGGCTCAACCCCGGAACGGCCTCCAAAACTCCTGGTCTTGAGTTCGAGAGAGGTGAGTGGAATTCCGAGTGTAGAGGTGAAATTCGTA	asv.415_EE0524
16S	AGACGAGAAGACCCYdTGGAGCTT	GATCCAACATCGAGGTCGTAA	Vert-16S-eDNA-F1	Vert-16S-eDNA-R1	https://doi.org/10.1007/s12686-016-0550-y	Paired	NovaSeq6000	AGTGAGGTATCTAATCTCAGTTTGGGCCTCAGTTTTCGTGGAGTCAGATCTAATAAAGTCACTTTCGTAGTTGGGCTTCCGCCCCCCGGTTCACATTTGACCGTCCTGGGGGGGGTCGACTTTAGTTTAAGTTTAATTCCTAACCACCCTTTACGCCGTAATCTATCAACTTGGGCCACCCGTTTAACCGCGGCGGCTGG	asv.428_EE0526
16S	AGACGAGAAGACCCYdTGGAGCTT	GATCCAACATCGAGGTCGTAA	Vert-16S-eDNA-F1	Vert-16S-eDNA-R1	https://doi.org/10.1007/s12686-016-0550-y	Paired	NovaSeq6000	CGTGATTGGGCTTCTAGCCTTCGGGTGCGTATAACAGCTTTGAAGGTGTTTGGCTTTAGTCGAGTATAGTACTTAACCACTCTTTACGCCGATTGCCTGTCAACTTGGGTCTCTCGTATAACCGCGGTGGCTGGCACGAGATTTACCAAC	asv.704_EE0528
16S	AGACGAGAAGACCCYdTGGAGCTT	GATCCAACATCGAGGTCGTAA	Vert-16S-eDNA-F1	Vert-16S-eDNA-R1	https://doi.org/10.1007/s12686-016-0550-y	Paired	NovaSeq6000	GGTTGATTTTCTAGTTTTCATGAGCGTATAACAGCTTTGAAGAAATTCAGCTCTAGTTTGAAATAGGTCCTTAGCCACCCTTTACGCCGAATGTTTTTCAACTTGGGCCTTTCGTATAACCGCGGTGGCTGGCACGAAATTTACCAACCC	asv.707_EE0526
16S	AGACGAGAAGACCCYdTGGAGCTT	GATCCAACATCGAGGTCGTAA	Vert-16S-eDNA-F1	Vert-16S-eDNA-R1	https://doi.org/10.1007/s12686-016-0550-y	Paired	NovaSeq6000	ATTATTATTATCATTACCTGTACTTGCAGGTGCTATTACAATGTTATTAACAGATCGAAACTTTAACACAACTTTTTTTGATCCAGCTGGTGGTGGAGACCCTGTGTTATATCAACACTTATTTTGATTCTTCGGCCATCCCGAAGTCTA	asv.711_EE0528
16S	AGACGAGAAGACCCYdTGGAGCTT	GATCCAACATCGAGGTCGTAA	Vert-16S-eDNA-F1	Vert-16S-eDNA-R1	https://doi.org/10.1007/s12686-016-0550-y	Paired	NovaSeq6000	TCTACGAATTTCACCTCTACACTCGGAATTCCACTCACCTCTCTCGAACTCTAGACTAGCAGTTTTGGAGGCAGTTCCGGGGTTGAGCCCCGGGATTTCACCCCCAACTTTCTAATCCGCCTACGCGCGCTTTACGCCCAGTAATTCCGA	asv.722_EE0524
16S	AGACGAGAAGACCCYdTGGAGCTT	GATCCAACATCGAGGTCGTAA	Vert-16S-eDNA-F1	Vert-16S-eDNA-R1	https://doi.org/10.1007/s12686-016-0550-y	Paired	NovaSeq6000	GAATTCAGGAGAGGAAAATGGAATTTCCAGTGTAGAGGTGAAATTCGTAGATATTGGAAGGAACACCAGTGGCGAAGGCGATTTTCTGGACTGATATTGACGCTGAGATGCGAAGGCATGGGTAGCAAACTAGGATTAGATACCCCACTA	asv.733_EE0524
16S	AGACGAGAAGACCCYdTGGAGCTT	GATCCAACATCGAGGTCGTAA	Vert-16S-eDNA-F1	Vert-16S-eDNA-R1	https://doi.org/10.1007/s12686-016-0550-y	Paired	NovaSeq6000	TCTCCTTTTATTATCCTTACCAGTTCTAGCCGGGGCTATCACGATATTATTAACAGACCGTAATTTAAATACAAGGTTCTATGACCCTAGAGGTGGAGGGGACCCTATTCTTTATCAGCACTTATTTTGATTTTTTGGCCACCCCGAGGT	asv.734_EE0528
16S	AGACGAGAAGACCCYdTGGAGCTT	GATCCAACATCGAGGTCGTAA	Vert-16S-eDNA-F1	Vert-16S-eDNA-R1	https://doi.org/10.1007/s12686-016-0550-y	Paired	NovaSeq6000	CTACTTTTATCTTTACCAGTCTTAGCCGGGGGCATTACAATATTATTAACTGATCGGAATTTAAATACAACCTTCTTTGACCCCGGTGGGGGGGGGAGACCCAGTCCTTTTTAGCCATTTATTTTGGTTCTTTGGCCATCCCGAGGTCTA	asv.735_EE0528
16S	AGACGAGAAGACCCYdTGGAGCTT	GATCCAACATCGAGGTCGTAA	Vert-16S-eDNA-F1	Vert-16S-eDNA-R1	https://doi.org/10.1007/s12686-016-0550-y	Paired	NovaSeq6000	GGAACAGGATGAACTGTTTATCCCCCGCTCTCTAATTCAGGCGGATATGGGCACGACGGGGCCGCTGTCGACATGGCGATTTTCTCGCTTCACCTGGCAGGCGCGTCGTCAATTCTCGGCGCCGTAAATTTCATCACGACAATTTTCAATATGCGCGCGCCGGGCATGACCCTTCACAAAATGCCTTTGTTTGTTTGGGC	asv.391_EE0528
16S	AGACGAGAAGACCCYdTGGAGCTT	GATCCAACATCGAGGTCGTAA	Vert-16S-eDNA-F1	Vert-16S-eDNA-R1	https://doi.org/10.1007/s12686-016-0550-y	Paired	NovaSeq6000	GGGTTGGTAAATTTCGTGCCAGCCACCGCGGTTATACGAGAGACCCAAGTTGACAGACAATCGGCGTAAAGAGTGGTTAAGTACAACATATCACTAAAGCCAAACACCTTCAAAGCTGTTATACGCACCCGAAGGTCAGAAGCCCAATCACGAAAGTGGCTTTAAACAAACTGAACCCACGAAAGCTAGGGCACAAACTG	asv.412_EE0526
16S	AGACGAGAAGACCCYdTGGAGCTT	GATCCAACATCGAGGTCGTAA	Vert-16S-eDNA-F1	Vert-16S-eDNA-R1	https://doi.org/10.1007/s12686-016-0550-y	Paired	NovaSeq6000	AGTGAGGTATCTAATCTCAGTTTGTTTCACAGCTTTCGTGGGGTCAGGCTTAATAAAGCTACTTTCGTTAAAGATCTTCTTAACTCGGAAGCGTTAGACAGCTCTGAGGACGTTTGGCTTTAGTTTTTAAAGTTTCCCTAACCACTCTTTACGCCGTTATCTGTCAACTTGAGCCTCTCGTATAACCGCGGTGGCTGGCA	asv.416_EE0526
16S	AGACGAGAAGACCCYdTGGAGCTT	GATCCAACATCGAGGTCGTAA	Vert-16S-eDNA-F1	Vert-16S-eDNA-R1	https://doi.org/10.1007/s12686-016-0550-y	Paired	NovaSeq6000	GGGTTGGTAAATTTCGTGCCAGCAGCCGCGGTAATACGAAGGGGGCGAGCGTTGTTCGGAATTACTGGGCGTAAAGGGAGCGCAGGCGGTTCATTAAGTTAGGCGTGAAAGCCCCGGGCTCAACCTGGGAACTGCGCTTAATACTGATGAACTAGAAAACAGGAGAGGGTAGTGGAATTTCCAGTGTAGAGGTGAAATTC	asv.421_EE0524
16S	AGACGAGAAGACCCYdTGGAGCTT	GATCCAACATCGAGGTCGTAA	Vert-16S-eDNA-F1	Vert-16S-eDNA-R1	https://doi.org/10.1007/s12686-016-0550-y	Paired	NovaSeq6000	AGTCTATTTTGTGTCAACTGGAGTTTTTTACAACTCAGGTGAGTTTTAGCTTTATTGGGGAGGGGGTGATCTAAAACACTCTTTACGCCGGCTTCTATTGACTTGGGTTAATCGTGTGACCGCGGTGGCTGGCACGAAATTTACCAACCC	asv.617_EE0531
16S	AGACGAGAAGACCCYdTGGAGCTT	GATCCAACATCGAGGTCGTAA	Vert-16S-eDNA-F1	Vert-16S-eDNA-R1	https://doi.org/10.1007/s12686-016-0550-y	Paired	NovaSeq6000	AGTCTATTTTGTGTCAACTGGAGTTTTTTACAACTCAGGTGAGTTTTAGCTTTATTGGGGAGGGGGTGATCTAAAACACTCTTTACGCCGGCTTCTATTGACTTGGGTTAATCGTGTGACCGCGGTGGCTGGCACGAAATTAACCAACCC	asv.620_EE0524
16S	AGACGAGAAGACCCYdTGGAGCTT	GATCCAACATCGAGGTCGTAA	Vert-16S-eDNA-F1	Vert-16S-eDNA-R1	https://doi.org/10.1007/s12686-016-0550-y	Paired	NovaSeq6000	ATTATTACTATCTTTACCAGTTTTAGCAGGTGCTATTACTATGTTATTAACAGATCGTAATTTTAACACAACATTTTTTGATCCTGCAGGAGGAGGTGATCCTGTGTTATATCAACATTTATTCTGGTTCTTTGGCCATCCCGAAGTCTA	asv.673_EE0528
16S	AGACGAGAAGACCCYdTGGAGCTT	GATCCAACATCGAGGTCGTAA	Vert-16S-eDNA-F1	Vert-16S-eDNA-R1	https://doi.org/10.1007/s12686-016-0550-y	Paired	NovaSeq6000	ATTATTACTTTCTTTACCTGTATTAGCAGGTGCTATTACAATGCTTTTAACAGATCGTAATTTTAATACCACTTTTTTTGATCCAGCGGGTGGTGGTGACCCTGTCTTATACCAGCATTTATTTTGATTTTTCGGCCATCCCGAAGTCTA	asv.680_EE0526
16S	AGACGAGAAGACCCYdTGGAGCTT	GATCCAACATCGAGGTCGTAA	Vert-16S-eDNA-F1	Vert-16S-eDNA-R1	https://doi.org/10.1007/s12686-016-0550-y	Paired	NovaSeq6000	TGATTGGGCTTCTAACCTTCGGGTGCGTATAACAGCTTTGAAGGTGTTTGGCTTTAGTGAAGTAGGGTACTTAACCACTCTTTACGCCGATTGTCTGTCAACTTGGGTCTCTCGTATAACCGCGGTGGCTGGCACGAAATTTACCAACCC	asv.719_EE0526
16S	AGACGAGAAGACCCYdTGGAGCTT	GATCCAACATCGAGGTCGTAA	Vert-16S-eDNA-F1	Vert-16S-eDNA-R1	https://doi.org/10.1007/s12686-016-0550-y	Paired	NovaSeq6000	TGTAGTTTATTTTATTTCAGCTGGAGTTTTTTTACAACTTAGATGGAGTTTATCTTTATTGAGGGTAGATCTTAAACACTCTTTATGCCAAGATCTATTAGCTTGGGTTAATCATATAACCACAGTGGCTGGCACGAAATTTACCAACCC	asv.727_EE0531
16S	AGACGAGAAGACCCYdTGGAGCTT	GATCCAACATCGAGGTCGTAA	Vert-16S-eDNA-F1	Vert-16S-eDNA-R1	https://doi.org/10.1007/s12686-016-0550-y	Paired	NovaSeq6000	GGTTGATTTTCTGCTTTTCATGAGCGTATAACAGCTTTGAAGAAATTCAGCTCTAGTTTGTTATAGGTCCTTAGCCACCCTTTACGCCGAATGTTTTTCAACTTGGGCCTTTCGTATAACCGCGGTGGCTGGCACGAAATTAACCAACCC	asv.675_EE0526
16S	AGACGAGAAGACCCYdTGGAGCTT	GATCCAACATCGAGGTCGTAA	Vert-16S-eDNA-F1	Vert-16S-eDNA-R1	https://doi.org/10.1007/s12686-016-0550-y	Paired	NovaSeq6000	ATTATTATTATCCTTACCTGTATTAGCAGGTGCGATCACTATGCTGTTAACTGATCGTAATTTCAATACAACTTTTTTTGATCCTGCAGGTGGAGGAGACCCTTTATTATATCAGCATTTGTTTTGATTCTTTGGCCATCCCGAAGTCTA	asv.726_EE0526
16S	AGACGAGAAGACCCYdTGGAGCTT	GATCCAACATCGAGGTCGTAA	Vert-16S-eDNA-F1	Vert-16S-eDNA-R1	https://doi.org/10.1007/s12686-016-0550-y	Paired	NovaSeq6000	GTTGGTAAATCTCGTGCCAGCAGCCGCGGTAATACGTATGTCGCAAGCGTTATCCGGATTTATTGGGCGTAAAGCGCGTCTAGGCGGTCTTTTAAGTCTGATGTGAAAATGCGGGGCTCAACTCCGTATTGCGTTGGAAACTGGAAGACTAGAGTATCAGAGAGGTGGGCGGAACTACAAGTGTAGAGGTGAAATTCGTA	asv.378_EE0528
16S	AGACGAGAAGACCCYdTGGAGCTT	GATCCAACATCGAGGTCGTAA	Vert-16S-eDNA-F1	Vert-16S-eDNA-R1	https://doi.org/10.1007/s12686-016-0550-y	Paired	NovaSeq6000	AGTGAGGTATCTAATCTCAGTTTGTCCCGTAGCTTCCGTGGCGTCAGGGCTGTTAAAGCCACTTTCGTGGTTGGGCTTCAATCTTTCATTTGCGTATAACAGCTCTGAAAGTATTCGGCTTTAGTTTAGTTTAATCCTTAACCACACTTTATGCCGGAGTCTATCCACTTGGGCCTCTCGTATAACCGCGGTGGCTGGCA	asv.400_EE0526
16S	AGACGAGAAGACCCYdTGGAGCTT	GATCCAACATCGAGGTCGTAA	Vert-16S-eDNA-F1	Vert-16S-eDNA-R1	https://doi.org/10.1007/s12686-016-0550-y	Paired	NovaSeq6000	AGTGAGGTATCTAATCTCAGTTTGTTCCTCAGCTCTCGTGGGGTCAGGCGAGTTAAAGCCACTTTCGTAGTTGATCTTCGTGTTGTCGAAGGGGCGTATCACAGCCTTGACAACCTTCGGCTTTAGTCGGGTCATTTCCCTAACCACCCCTTACGCCGCTGTCTGTCAACTTGGGCCTCTCGTATAACCGCGGTGGCTGG	asv.432_EE0528
16S	AGACGAGAAGACCCYdTGGAGCTT	GATCCAACATCGAGGTCGTAA	Vert-16S-eDNA-F1	Vert-16S-eDNA-R1	https://doi.org/10.1007/s12686-016-0550-y	Paired	NovaSeq6000	TCGTGGTGGGGCTTCTTACCTTCGGAAACGTATAACAGTTCTGAGGGCGTTCGGCTTTAGTTTAATAAGTTCCTTAACCACTCTTTACGCCGTTGTCTGTCAACTTGAGCCTCTCGTATAACCGCGGTGGCTGGCACGAGATTTACCAAC	asv.720_EE0526
16S	AGACGAGAAGACCCYdTGGAGCTT	GATCCAACATCGAGGTCGTAA	Vert-16S-eDNA-F1	Vert-16S-eDNA-R1	https://doi.org/10.1007/s12686-016-0550-y	Paired	NovaSeq6000	TGCAGCCTTATTGCTGATCATGGACCGTAGTTTTGGCACCTCCTTTTTCCTTTCTGATATTTTTATTCAAGGCGAAGTACTGCATTACCAAGGGGGTTCACCGGTATTGTACGAACACCTATTTTGGTTTTTCGGCCATCCCGAAGTCTA	asv.740_EE0524
16S	AGACGAGAAGACCCYdTGGAGCTT	GATCCAACATCGAGGTCGTAA	Vert-16S-eDNA-F1	Vert-16S-eDNA-R1	https://doi.org/10.1007/s12686-016-0550-y	Paired	NovaSeq6000	ATGAAAGCGCCGGTACCGGGGGACTACTTTCGTCGCCTGGGCGTGATCTCACCCACCAAGGAAAATATCCGCAAGGCGTTCGACCAGGGCGACGACGTCATACTCTGGCCAGGCGGTGAAGTCGATTGCTACCGTAGCTGGAAAGACAGG	asv.742_EE0528
16S	AGACGAGAAGACCCYdTGGAGCTT	GATCCAACATCGAGGTCGTAA	Vert-16S-eDNA-F1	Vert-16S-eDNA-R1	https://doi.org/10.1007/s12686-016-0550-y	Paired	NovaSeq6000	AGTCTATTTTGTGTCAACTGGAGTTTTTTACAACTCAGGTGAGTTTTAGCTTTATTGGGGAGGGGGTGATCTAAAACACTCTTTACGCCGGCTTCTATTGACTTGGGTTAATCGTGTGACCGCGGTGGCTGGCACGAAATTTACCAACCC	asv.617_EE0541
16S	AGACGAGAAGACCCYdTGGAGCTT	GATCCAACATCGAGGTCGTAA	Vert-16S-eDNA-F1	Vert-16S-eDNA-R1	https://doi.org/10.1007/s12686-016-0550-y	Paired	NovaSeq6000	GGAACAGGATGAACTGTTTATCCCCCGCTCTCTAATTCAGGCGGATATGGGCACGACGGGGCCGCTGTCGACATGGCGATTTTCTCGCTTCACCTGGCAGGCGCGTCGTCAATTCTCGGCGCCGTAAATTTCATCACGACAATTTTCAATATGCGCGCGCCGGGCATGACCCTTCACAAAATGCCTTTGTTTGTTTGGGC	asv.391_EE0526
16S	AGACGAGAAGACCCYdTGGAGCTT	GATCCAACATCGAGGTCGTAA	Vert-16S-eDNA-F1	Vert-16S-eDNA-R1	https://doi.org/10.1007/s12686-016-0550-y	Paired	NovaSeq6000	GGGTTGGTAAATTTCGTGCCAGCCGCGGTAAGACGGAGGATGCAAGTGTTATCCGGAATCACTGGGCGTAAAGCGTCTGTAGGTGGCTTAACAAGTCAACTGTTAAATCTTGAAGCTCAACTTCGAAATCGCAGTCGAAACTGTTAGGCTAGAGTATAGTAGGGGTAAAGGGAATTTCCAGTGGAGCGGTGAAATGCGTA	asv.418_EE0528
16S	AGACGAGAAGACCCYdTGGAGCTT	GATCCAACATCGAGGTCGTAA	Vert-16S-eDNA-F1	Vert-16S-eDNA-R1	https://doi.org/10.1007/s12686-016-0550-y	Paired	NovaSeq6000	AGTCTATTTTGTGTCAACTGGAGTTTTTTACAACTCAGGTGAGTTTTAGCTTTATTGGGGAGGGGGTGATCTAAAACACTCTTTACGCCGGCTTCTATTGACTTGGGTTAATCGTGTGACCGCGGTGGCTGGCACGAAATTAACCAACCC	asv.620_EE0541
16S	AGACGAGAAGACCCYdTGGAGCTT	GATCCAACATCGAGGTCGTAA	Vert-16S-eDNA-F1	Vert-16S-eDNA-R1	https://doi.org/10.1007/s12686-016-0550-y	Paired	NovaSeq6000	TCGTTAAAGATCTTCTTAACTCGGAAGCGTTAGACAGCTCTGAGGACGTTTGGCTTTAGTTTTTAAAGTTTCCCTAACCACTCTTTACGCCGTTATCTGTCAACTTGAGCCTCTCGTATAACCGCGGTGGCTGGCACGAGATTTACCAAC	asv.725_EE0526
16S	AGACGAGAAGACCCYdTGGAGCTT	GATCCAACATCGAGGTCGTAA	Vert-16S-eDNA-F1	Vert-16S-eDNA-R1	https://doi.org/10.1007/s12686-016-0550-y	Paired	NovaSeq6000	GTGGTGGGGCTTCGAGTTCTCGGGAGCGTATAACAGCGTTGAGAATGTTCGGCTTTATTTTGTAAAAACCCTTAACCACCCTTTACGCCGATTCCTGTCAACTTGGGCCTCTCGTATAACCGCGGTTGCTGGCACGAAATTAACCAACCC	asv.738_EE0526
16S	AGACGAGAAGACCCYdTGGAGCTT	GATCCAACATCGAGGTCGTAA	Vert-16S-eDNA-F1	Vert-16S-eDNA-R1	https://doi.org/10.1007/s12686-016-0550-y	Paired	NovaSeq6000	CAGTAAGAAGTATAGTAATAGCTCCAGCCAATACGGGAAGAGATAATAATAAAAGAATAGCAGTAATCAGTACAGATCAGGGGAATAAAGGCATCCGATCCAGCAATATACCTATAGGGCGCAAATTTATAATAGTAACAATAAAATTAA	asv.747_EE0524
16S	AGACGAGAAGACCCYdTGGAGCTT	GATCCAACATCGAGGTCGTAA	Vert-16S-eDNA-F1	Vert-16S-eDNA-R1	https://doi.org/10.1007/s12686-016-0550-y	Paired	NovaSeq6000	TAGCTAGGCGAATGTTATCATCATTCTATAGCTTTAGTTGGGGCAACTGTTTTTAAGTTTAAAACAAAAGCACAGCATACGTGGACTTGAGTCAACTTTGACCCTTAAAATTTAAGACCAATAGAACAAGTTACCACGGGGATAACAGCGTAATTTTTTTTGAGAGTTCTTATTGACAAAGAAGTTTACGACCTCGATGTTGGATC	asv.294_EE0526
16S	AGACGAGAAGACCCYdTGGAGCTT	GATCCAACATCGAGGTCGTAA	Vert-16S-eDNA-F1	Vert-16S-eDNA-R1	https://doi.org/10.1007/s12686-016-0550-y	Paired	NovaSeq6000	AGTGAGGTATCTAATCTCAGTTTGTGTCATAGCTTTCGTGGGTTCAGCTGATATAAAGCCACTTTCGTGATTGAACTTCTTACCTTCGGGAGCGTATAACAGCCCTGAGGGCGTTCGGCTTTAGTTTTAGTAGATGTGTCTTAACCACTCTTTACGCCGGAGTCTATCAACTTGGGCCTCTCGTATAACCGCGGTGGCTG	asv.387_EE0528
16S	AGACGAGAAGACCCYdTGGAGCTT	GATCCAACATCGAGGTCGTAA	Vert-16S-eDNA-F1	Vert-16S-eDNA-R1	https://doi.org/10.1007/s12686-016-0550-y	Paired	NovaSeq6000	AGTGAGGTATCTAATCTCAGTTTGTTCCTCAGCTTTCGTGGGGTCAGGTTGAATAAAGCTACTTTCGTAAGGGGGCTTCTTTACTCGGAAGCGTTCAACAGCTTTGAGGATGTTCGGCTTTAGTTTTAGTATTTTCCCTAACCACGCTTTACGCCGTTGTCTGTCAACTTGAGCCTCTCGTATAACCGCGGTGGCTGGCA	asv.420_EE0526
16S	AGACGAGAAGACCCYdTGGAGCTT	GATCCAACATCGAGGTCGTAA	Vert-16S-eDNA-F1	Vert-16S-eDNA-R1	https://doi.org/10.1007/s12686-016-0550-y	Paired	NovaSeq6000	AGTGAGGTATCTAATCTCAGTTTGGGTCTTAGCTATAGTGTATCAGCTGCAGTAGGGTTACTTTCGTCATCTATTTTTGTTGTAATTATGGCTTTTTACAGTTTAATTAGAATTTAACTCTATTTGATGTAGTGCTTTAACACGTTTTACGCCGTATTCCTGTTAGCTTGGGTTAATCGTATGACCGCGGTGGCTGGCAC	asv.423_EE0526
16S	AGACGAGAAGACCCYdTGGAGCTT	GATCCAACATCGAGGTCGTAA	Vert-16S-eDNA-F1	Vert-16S-eDNA-R1	https://doi.org/10.1007/s12686-016-0550-y	Paired	NovaSeq6000	GGAACTGGTTGAACTGTATATCCTCCACTCTCAGATTCAGGCTCTCAGGGACACAGCGGTATCGCTGTGGATATGGCAATCTTTTCACTTCACCTTGCAGGAGCAAGTTCGATTTTGGGCGCGGCAAACTTCATCACAACCATCTTCAATATGCGCGCGCCAGGCATGACATTGCATAAAATGCCGCTCTTTGTCTGGGC	asv.436_EE0528
16S	AGACGAGAAGACCCYdTGGAGCTT	GATCCAACATCGAGGTCGTAA	Vert-16S-eDNA-F1	Vert-16S-eDNA-R1	https://doi.org/10.1007/s12686-016-0550-y	Paired	NovaSeq6000	GGACTGGTCAATTTCGTGCCAGCCGCGGTAATACGGAGGGTGCAAGCGTTATTCGGATTTACTGGGCGTAAAGGGCGCGCAGGCGGCCAGATAAGTCAGATGTGAAAGCCCGGGGCTCAACCCCGGAAGTGCATTTGAAACTGTTTGGCTTGAGTATGGTAGAGGGAAGTGGAATTCCTGGTGTAGCGGTGAAATGCGTA	asv.437_EE0539
16S	AGACGAGAAGACCCYdTGGAGCTT	GATCCAACATCGAGGTCGTAA	Vert-16S-eDNA-F1	Vert-16S-eDNA-R1	https://doi.org/10.1007/s12686-016-0550-y	Paired	NovaSeq6000	AGTCTATTTTGTGTCAACTGGAGTTTTTTACAACTCAGGTGAGTTTTAGCTTTATTGGGGAGGGGGTGATCTAAAACACTCTTTACGCCGGCTTCTATTGACTTGGGTTAATCGTGTGACCGCGGTGGCTGGCACGAAATTGACCAGTCC	asv.634_EE0528
16S	AGACGAGAAGACCCYdTGGAGCTT	GATCCAACATCGAGGTCGTAA	Vert-16S-eDNA-F1	Vert-16S-eDNA-R1	https://doi.org/10.1007/s12686-016-0550-y	Paired	NovaSeq6000	GTGGTTGATTTTCTAGTTTTCATGAGCGTATAACAGCTTTGAAGAAATTCAGCTCTAGTTTAAAATAGGTCCTTAGCCACCCTTTACGCCGAATGTTTTTCAACTTGGGCCTTTCGTATAACCGCGGTGGCTGGCACGAGATTTACCAAC	asv.639_EE0528
16S	AGACGAGAAGACCCYdTGGAGCTT	GATCCAACATCGAGGTCGTAA	Vert-16S-eDNA-F1	Vert-16S-eDNA-R1	https://doi.org/10.1007/s12686-016-0550-y	Paired	NovaSeq6000	TCTGCTTTTACTCTCTCTTCCTGTTTTAGCTGGTGCTATCACTATGCTACTAACAGATAGGAATTTTAATACTTCCTTTTTCGATCCCAGCGGTGGCGGTGACCCAGTTTTGTACCAACACTTATTTTGATTCTTTGGCCATCCCGAGGT	asv.701_EE0526
16S	AGACGAGAAGACCCYdTGGAGCTT	GATCCAACATCGAGGTCGTAA	Vert-16S-eDNA-F1	Vert-16S-eDNA-R1	https://doi.org/10.1007/s12686-016-0550-y	Paired	NovaSeq6000	AGTTGATCTTCGTGTTGTCGAAGGGGCGTATCACAGCCTTGACAACCTTCGGCTTTAGTCGGGTCATTTCCCTAACCACCCCTTACGCCGCTGTCTGTCAACTTGGGCCTCTCGTATAACCGCGGTGGCTGGCACGAAATTTACCAACCC	asv.752_EE0528
16S	AGACGAGAAGACCCYdTGGAGCTT	GATCCAACATCGAGGTCGTAA	Vert-16S-eDNA-F1	Vert-16S-eDNA-R1	https://doi.org/10.1007/s12686-016-0550-y	Paired	NovaSeq6000	TACTGAGGGCTTAGACTTTTTTATAAGCGGGACAGTTTTGTTGGGGCGACAGTTTTTTAAAAAGTAACAAAAACGAACTATGGCGAAGCTTCACCCTGAAAAATTTTTTAAGGGACATTTTTGGTGTGTTTTATGATCCGTTGTTTGGAATGAAAAAAACAACGAAAACAAATAAAAGTTACCCTGGGGATAACAGCGCAATAACGTTTGAGAGTTAATCAACGACGGTGT	asv.295_EE0526
16S	AGACGAGAAGACCCYdTGGAGCTT	GATCCAACATCGAGGTCGTAA	Vert-16S-eDNA-F1	Vert-16S-eDNA-R1	https://doi.org/10.1007/s12686-016-0550-y	Paired	NovaSeq6000	AGTGAGGTATCTAATCTCAGTTTGTGCCCTAGCTTTCGTGGGTTCAGTTTGTTTAAAGCCACTTTCGTGATTGGGCTTCTGACCTTCGGGTGCGTATAACAGCTTTGAAGGTGTTTGGCTTTAGTGATATGTTGTACTTAACCACTCTTTACGCCGATTGTCTGTCAACTTGGGTCTCTCGTATAACCGCGGTGGCTGGC	asv.373_EE0528
16S	AGACGAGAAGACCCYdTGGAGCTT	GATCCAACATCGAGGTCGTAA	Vert-16S-eDNA-F1	Vert-16S-eDNA-R1	https://doi.org/10.1007/s12686-016-0550-y	Paired	NovaSeq6000	AGTGAGGTATCTAATCTCAGTTTGTGCCTTAGCTTTCGTGGATTCAAAATAATAAAGCCACTTTCGTCAGTGAACTTCTAGTACTCAATAACGTATAACAGTTTTGAGGACATTCGGCTTTAGTTAATAATTATTTAACCACTCTTTACGCCGAAAGTTAATCAACTTGGGCCTCTCGTATAACCGCGGTGGCTGGCACG	asv.438_EE0526
16S	AGACGAGAAGACCCYdTGGAGCTT	GATCCAACATCGAGGTCGTAA	Vert-16S-eDNA-F1	Vert-16S-eDNA-R1	https://doi.org/10.1007/s12686-016-0550-y	Paired	NovaSeq6000	GTAGTCTATTTTGTGTCAACTGGAGTTTTTTACAACTCAGGTGAGTTTTAGCTTTATTGGGGAGGGGGTGATCTAAAACACTCTTTACGCCGGCTTCTATTGACTTGGGTTAATCGTGTGACCGCGGTGGCTGGCACGAGTTTTACCGAC	asv.626_EE0528
16S	AGACGAGAAGACCCYdTGGAGCTT	GATCCAACATCGAGGTCGTAA	Vert-16S-eDNA-F1	Vert-16S-eDNA-R1	https://doi.org/10.1007/s12686-016-0550-y	Paired	NovaSeq6000	TAGTTGGGCTTCCACCTCCCGGTGCACATTTGACCGTCCTGGAAGGGGTCGACTTTAGTTTGTGATGTTTCTCCTAACCACTCTTTACGCCGCAGCCTATCAACTTGGGTCACACGTTTAACCGCGGCGGCTGGCACGAGATTTACCAAC	asv.748_EE0528
16S	AGACGAGAAGACCCYdTGGAGCTT	GATCCAACATCGAGGTCGTAA	Vert-16S-eDNA-F1	Vert-16S-eDNA-R1	https://doi.org/10.1007/s12686-016-0550-y	Paired	NovaSeq6000	TAGACACTAAGCCAGATCACGCCAAATACCCCCACTAAAGGATCGAACTTACTGCAACCTGGCCTGATGTCTTCGGTTGGGGCGACCTCGGGGAAGCAAAAAACCCCCGCGTGGAATGGAAGAACTCTGCTTCCAGAACCAAGAGCCACCGCTCAAATTAACAGAATTTCTGACCAATTACAGATCCGGCTCAACGCCGATCAACGGACCGAGTTACCCCAGGGATAACAGCGCAATCCTCTTTTAGAGCCCATATCGACAAGAGGGT	asv.296_EE0528
16S	AGACGAGAAGACCCYdTGGAGCTT	GATCCAACATCGAGGTCGTAA	Vert-16S-eDNA-F1	Vert-16S-eDNA-R1	https://doi.org/10.1007/s12686-016-0550-y	Paired	NovaSeq6000	GAGTTCAGACGTGTGCTCTTCCGATCTCATAGTGGGGTATCTAATCCCAGTTTGGGTCTTAGCTATTGTGTGTTCAGATATGTTAAAGCCACTTTCGTAGTCTATTTTGTGTCAACTGGAGTTTTTTACAACTCAGGTGAGTTTTAGCTTTATTGGGGAGGGGGTGATCTAAAACACTCTTTACGCCGGCTTCTATTGAC	asv.383_EE0526
16S	AGACGAGAAGACCCYdTGGAGCTT	GATCCAACATCGAGGTCGTAA	Vert-16S-eDNA-F1	Vert-16S-eDNA-R1	https://doi.org/10.1007/s12686-016-0550-y	Paired	NovaSeq6000	AGTGAGGTATCTAATCTCAGTTTGTGTCCTAGCTTTCGTGGGGTCAGGGGCTTAAGGCCACTTTCGTAGTTGGGCTTCATGTCTTCTCGCGCGTATAACAGCTAAAAAGTCGTTTGGCCTTAGTTTAAAATTATCTTAACCACTCTTTACGCCGAGGGCCATCCACTTGGGTCTCTCGTCTAACCGCGGTGGCTGGCACG	asv.409_EE0526
16S	AGACGAGAAGACCCYdTGGAGCTT	GATCCAACATCGAGGTCGTAA	Vert-16S-eDNA-F1	Vert-16S-eDNA-R1	https://doi.org/10.1007/s12686-016-0550-y	Paired	NovaSeq6000	AGTGAGGTATCTAATCTCAGTTTGTGCCATAGCTTTCGTGGGATCAGGTTTGTAAAGTCACTTTCGTAGTTGAGCTTCTCCGTTTCGAACACGTTAAACGGCCTTGAAGGAGTTCGACTTTAGTCTTGGTTCACCTTAACCACGCTTTACGCCGGGAGTTGTCAACTTGGGCCTCTCGTATAACCGCGGTGGCTGGCACG	asv.431_EE0528
16S	AGACGAGAAGACCCYdTGGAGCTT	GATCCAACATCGAGGTCGTAA	Vert-16S-eDNA-F1	Vert-16S-eDNA-R1	https://doi.org/10.1007/s12686-016-0550-y	Paired	NovaSeq6000	GGAACAGGATGAACTGTTTATCCTCCACTTTCAAGTGGTACTTCTCATTCTGGTGGAGCGGTTGACCTAGCTATCTTTAGTTTACACCTTTCAGGAGCTTCATCAATCTTGGGAGCAATTAATTTTATATGTACCATTTTTAATATGCGAGTAAAAAGTTTGTCATTTCACAACTTACCTCTTTTTGTTTGGGCTGTTTT	asv.433_EE0528
16S	AGACGAGAAGACCCYdTGGAGCTT	GATCCAACATCGAGGTCGTAA	Vert-16S-eDNA-F1	Vert-16S-eDNA-R1	https://doi.org/10.1007/s12686-016-0550-y	Paired	NovaSeq6000	AGTGAGGTATCTAATCTCAGTTTGAGCCTCAGTTTTCGTGGAATCAGATTTAGTAAAGTCACTTTCGTAGTTGGGCTTCCACCTCCCGGTGCACATTTGACCGTCCTGGAAGGGGTCGACTTTAGTTTGTGATGTTTCTCCTAACCACTCTTTACGCCGCAGCCTATCAACTTGGGTCACACGTTTAACCGCGGCGGCTG	asv.435_EE0528
16S	AGACGAGAAGACCCYdTGGAGCTT	GATCCAACATCGAGGTCGTAA	Vert-16S-eDNA-F1	Vert-16S-eDNA-R1	https://doi.org/10.1007/s12686-016-0550-y	Paired	NovaSeq6000	CGGTTAATAGCATTGTAATTGCTCCTGCGAGTACAGGTAATGAGAGAAGAAGTAAAAATGCTGTAATTAAAACACTCCATACAAATAATGGTAATCGGTGCATTAATAATCCAGGTCCACGCATATTAAAGATGGTTGTAATAAAATTGA	asv.703_EE0526
16S	AGACGAGAAGACCCYdTGGAGCTT	GATCCAACATCGAGGTCGTAA	Vert-16S-eDNA-F1	Vert-16S-eDNA-R1	https://doi.org/10.1007/s12686-016-0550-y	Paired	NovaSeq6000	GGACGGGCGTCTCTGTCACTGCACCGTTCCCCTGTGATCTGAGGACGTTTTACTGCTGCTGAGAATCCCTCATCAATGTTTAACAACAGCCTTAAGGTGCTGTGTTACCCACTCTGGATCCTCTTCACCGGTCAGAGTGACGGGCGGTGT	asv.756_EE0526
16S	AGACGAGAAGACCCYdTGGAGCTT	GATCCAACATCGAGGTCGTAA	Vert-16S-eDNA-F1	Vert-16S-eDNA-R1	https://doi.org/10.1007/s12686-016-0550-y	Paired	NovaSeq6000	TAGACTTCGGAACAGGTCATGTCAATTACCTCCTTAAACAAGTAATAACTATTGAACCTCTGTCTCCTGTCTTTGGTTGGGGCGACCACGGGGAAGAAAAAAACCCCCATGTGGACTGGGAGCACCCTCCTCCCACAACCATGAGCCACAGCTCTAATGCACAGAATTTCTGACCATAAGATCCGGCAAAGCCGATCAACGAACCGAGTTACCCTAGGGATAACAGCGCAATCCCCTTTAAGGGTCCATATCGACAAGGGGGT	asv.170_EE0526
16S	AGACGAGAAGACCCYdTGGAGCTT	GATCCAACATCGAGGTCGTAA	Vert-16S-eDNA-F1	Vert-16S-eDNA-R1	https://doi.org/10.1007/s12686-016-0550-y	Paired	NovaSeq6000	TAGACGACGGAGGCAGCCCTTGTTAAAACACCCAAATAGCAGGATTAAACCTGCAGGACCCTACTCCTATGTCTTTGGTTGGGGCGACCGCGGGGATAAAAATAACCCCCCTGTTGATTGAGAAGAGAGACTTCTTAGATGCAAGAGCTACCGCTCGAACCCACAGAAACTCTGACCAAAAGATCCGGCAAAGCCGATCAACGGACCCAGTTACCCCGGGGATAACAGCGCAATCTTCTTTTAGAGGCCATATCGACAAGAGGGC	asv.297_EE0526
16S	AGACGAGAAGACCCYdTGGAGCTT	GATCCAACATCGAGGTCGTAA	Vert-16S-eDNA-F1	Vert-16S-eDNA-R1	https://doi.org/10.1007/s12686-016-0550-y	Paired	NovaSeq6000	AGTGGGGTATCTAATCCCAGTTTGGGTCTTAGCTATTGTGTGTTCAGATATGTTAAAGCCACTTTCGTAGTCTATTTTGTGTCAACTGGAGTTTTTTACAACTCAGGTGAGTTTTAGCTTTATTGGGGAGGGGGTGATCTAAAACACTCTTTACGCCGGCTTCTATTGACTTGGGTTAATCGTGTGACCGCGGTGGCTGG	asv.358_EE0528
16S	AGACGAGAAGACCCYdTGGAGCTT	GATCCAACATCGAGGTCGTAA	Vert-16S-eDNA-F1	Vert-16S-eDNA-R1	https://doi.org/10.1007/s12686-016-0550-y	Paired	NovaSeq6000	AGTGAGGTATCTAATCTCAGTTTGTGTCTTAGCTTTCGTGGGTTCAAAATAATAAAGCCACTTTCGTTAACGGGCTTCTAATCTTCAGTAACGTATAACAGTTTAGAGGATATTCGGCTTTAATTTATATATTCTTCTAACCACTCTTTACGCCGAGGAGTCATCAACTTGGGCCTCTCGTATAACCGCGGTGGCTGGCA	asv.376_EE0528
16S	AGACGAGAAGACCCYdTGGAGCTT	GATCCAACATCGAGGTCGTAA	Vert-16S-eDNA-F1	Vert-16S-eDNA-R1	https://doi.org/10.1007/s12686-016-0550-y	Paired	NovaSeq6000	GGTACAGGATGAACTGTTTATCCTCCCTTGTCTGTGAAAGAAGGTATAGGTGTTGATTTTGCTATTTTTAGTTTACATATAGCTGGTGTGTCTTCTTTAATGGGTGCTATAAATTTTATAACGACTATATTTAACATGCGTATGCCGGGACAAGTTTTAAATTTCTTGCCTTTATTCGTATGGTCTGTTTTAGTAACAGC	asv.405_EE0528
16S	AGACGAGAAGACCCYdTGGAGCTT	GATCCAACATCGAGGTCGTAA	Vert-16S-eDNA-F1	Vert-16S-eDNA-R1	https://doi.org/10.1007/s12686-016-0550-y	Paired	NovaSeq6000	AGTGAGGTATCTAATCTCAGTTTGTTACCTAGCTTTCGTGGGTTCAATAGTGTTTAAAGCCACTTTCGTTGTGGGGCTTCCTGCCTTCGGGTACGTATAACAGTCTTGATGGCGTTCGGCTTTAGTATAAAATTCTATTAACCACTCTTTACGCCGATGCTTGTCAACTTGAGCCTCTCGTATAACCGCGGTGGCTGGCA	asv.427_EE0528
16S	AGACGAGAAGACCCYdTGGAGCTT	GATCCAACATCGAGGTCGTAA	Vert-16S-eDNA-F1	Vert-16S-eDNA-R1	https://doi.org/10.1007/s12686-016-0550-y	Paired	NovaSeq6000	GTTGGTAAATCTCGTGCCAGCCACCGCGGTTATACGAGAGGTCCAAGTTGATAGCCATCGGCGTAAAGAGTGGTTAAGAGAAAACCAAAACTAAAGCTGAACACTCTCAAAACTGTTATACGTTCCCGAGAGCATGAAGCCCCCCTACGAAAGTGGCTTTAACCCTTCTGAATCCACGAAAGCTAGGAAACAAACTGGGA	asv.442_EE0526
16S	AGACGAGAAGACCCYdTGGAGCTT	GATCCAACATCGAGGTCGTAA	Vert-16S-eDNA-F1	Vert-16S-eDNA-R1	https://doi.org/10.1007/s12686-016-0550-y	Paired	NovaSeq6000	CGTTGGTGAACTTCTAGTACTCAGTAACGTATAACAGCTTTGAGAACATTCGGCTTTAGTTTGCATTCATCTAACCACTCTTTACGCCGAGGGTTTGTCAACTTGGGCCTCTCGTATAACCGCGGTGGCTGGCACGAAATTTACCAACCC	asv.678_EE0528
16S	AGACGAGAAGACCCYdTGGAGCTT	GATCCAACATCGAGGTCGTAA	Vert-16S-eDNA-F1	Vert-16S-eDNA-R1	https://doi.org/10.1007/s12686-016-0550-y	Paired	NovaSeq6000	TCTGCTTTTACTCTCTCTTCCTGTTTTAGCTGGTGCTATCACTATGCTACTAACAGATAGGAATTTTAATACTTCCTTTTTCGATCCCAGCGGTGGCGGTGACCCAGTTTTGTACCAACACTTATTTTGATTCTTTGGCCATCCCGAGGT	asv.701_EE0528
16S	AGACGAGAAGACCCYdTGGAGCTT	GATCCAACATCGAGGTCGTAA	Vert-16S-eDNA-F1	Vert-16S-eDNA-R1	https://doi.org/10.1007/s12686-016-0550-y	Paired	NovaSeq6000	GTGGTTGGGCTTCAATCTTTCATTTGCGTATAACAGCTCTGAAAGTATTCGGCTTTAGTTTAGTTTAATCCTTAACCACACTTTATGCCGGAGTCTATCCACTTGGGCCTCTCGTATAACCGCGGTGGCTGGCACGAAATTAACCAACCC	asv.715_EE0526
16S	AGACGAGAAGACCCYdTGGAGCTT	GATCCAACATCGAGGTCGTAA	Vert-16S-eDNA-F1	Vert-16S-eDNA-R1	https://doi.org/10.1007/s12686-016-0550-y	Paired	NovaSeq6000	AGTGGTTAAGTAATCCCTCCCCACTAAAGCCGAACGCCTCCAAGACTGTAATACGTGTTCGGAGGTATGAAGCCCAACTACGAAAGTGGCTTTAAAAAAACTGACCCCACGAAAGCTGAGAAACAAACTGGGATTAGATACCCCACTATG	asv.741_EE0528
16S	AGACGAGAAGACCCYdTGGAGCTT	GATCCAACATCGAGGTCGTAA	Vert-16S-eDNA-F1	Vert-16S-eDNA-R1	https://doi.org/10.1007/s12686-016-0550-y	Paired	NovaSeq6000	TCTACGAATTTCACCTCTACACTGGATATTCCACCACCCTCTCACGGACTCAAGTCTTACAGTATCAAAGGCAATTCCGAGGTTGAGCCCCGGGATTTCACCTCTGACTGGCAAGACCGCCTACGCGCGCTTTACGCCCAGTAATTCCGA	asv.758_EE0539
16S	AGACGAGAAGACCCYdTGGAGCTT	GATCCAACATCGAGGTCGTAA	Vert-16S-eDNA-F1	Vert-16S-eDNA-R1	https://doi.org/10.1007/s12686-016-0550-y	Paired	NovaSeq6000	TAGTTGAAAAATTTTTGTAAAATTTAACGGCTTTAGTTGGGGCAACTATTTTTAAAATATAAAACAAGAATATAGTATTTATAATTTAAGTTTACTGTTGACCCTTAAATTTAAGAGAAATAAAACAAGTTACCATGGGGATAACAGCGTAATTTTTTTTGAGAGTTCTTATTGACAAAGAAGTTTACGACCTCGATGTTGGATC	asv.298_EE0528
16S	AGACGAGAAGACCCYdTGGAGCTT	GATCCAACATCGAGGTCGTAA	Vert-16S-eDNA-F1	Vert-16S-eDNA-R1	https://doi.org/10.1007/s12686-016-0550-y	Paired	NovaSeq6000	AAGACTATAAATGGACCTAAAACACTCCTTTTATTTACTAAAGGAAGACAATCTGATTACCTTTTAATGTCTTTGGTTGGGGCGACCACGGGGGATAAAAAACCCCCATGTGGACTGGGAGCACCCTCCTCCCACAACCATGAGCCACAGCTCTAATGCACAGAATTTCTGACCATAAGATCCGGCAAAGCCGATCAACGAACCGAGTTACCCTAGGGATAACAGCGCAATCCCCTTTAAGAGTCCATATCGACAAGGGGGT	asv.299_EE0528
16S	AGACGAGAAGACCCYdTGGAGCTT	GATCCAACATCGAGGTCGTAA	Vert-16S-eDNA-F1	Vert-16S-eDNA-R1	https://doi.org/10.1007/s12686-016-0550-y	Paired	NovaSeq6000	TATTCTCTTTGTAATATTAATTTTTAATTAAAAATATTCAATTACAAAGAGAATTTGGTTGGGGCAACCAAGGAATTTTAAGCTTCCTTTAAAAATAACTCAAGTAATCTTACTTTAAATAAAGATAAAGTTACCACAGGGATAACAGCGTAATCTCTTTTGAGAGTCCTTATCAAAAAAGGGGGTTACGACCTCGATGTTGGATC	asv.300_EE0528
16S	AGACGAGAAGACCCYdTGGAGCTT	GATCCAACATCGAGGTCGTAA	Vert-16S-eDNA-F1	Vert-16S-eDNA-R1	https://doi.org/10.1007/s12686-016-0550-y	Paired	NovaSeq6000	ATTATTACTATCTTTACCAGTTTTAGCAGGTGCTATTACTATGTTATTAACAGATCGTAATTTTAATACAACATTTTTTGATCCTGCAGGGGGAGGTGATCCTGTGTTATATCAACATTTATTCTGATTTTTCGGCCACCCCGAGGTCTA	asv.685_EE0528
16S	AGACGAGAAGACCCYdTGGAGCTT	GATCCAACATCGAGGTCGTAA	Vert-16S-eDNA-F1	Vert-16S-eDNA-R1	https://doi.org/10.1007/s12686-016-0550-y	Paired	NovaSeq6000	TCTACTACTATCACTTCCAGTGCTAGCAGGAGCAATTACAATGTTACTAACAGATCGTAACTTTAACACAACATTCTTCGATCCTGCTGGGGGAGGAGACCCTATTTTATACCAACATTTATTCTGATTTTTCGGCCACCCCGAGGTCTA	asv.713_EE0528
16S	AGACGAGAAGACCCYdTGGAGCTT	GATCCAACATCGAGGTCGTAA	Vert-16S-eDNA-F1	Vert-16S-eDNA-R1	https://doi.org/10.1007/s12686-016-0550-y	Paired	NovaSeq6000	GTCATCTATTTTTGTTGTAATTATGGCTTTTTACAGTTTAATTAGAATTTAACTCTATTTGATGTAGTGCTTTAACACGTTTTACGCCGTATTCCTGTTAGCTTGGGTTAATCGTATGACCGCGGTGGCTGGCACGAAATTTACCAACCC	asv.732_EE0526
16S	AGACGAGAAGACCCYdTGGAGCTT	GATCCAACATCGAGGTCGTAA	Vert-16S-eDNA-F1	Vert-16S-eDNA-R1	https://doi.org/10.1007/s12686-016-0550-y	Paired	NovaSeq6000	TCTACGCATTTCACCGCTACACCTGGAATTCCACTATCCTCTACCAAACTCTAGCTAAGCAGTATCAAAAGCAATTCCCAGGTTGAGCCCGGGGCTTTCACTTCTGACTGACTTAGCCGCCTACGCGCGCTTTACGCCCAGTAATTCCGA	asv.760_EE0524
16S	AGACGAGAAGACCCYdTGGAGCTT	GATCCAACATCGAGGTCGTAA	Vert-16S-eDNA-F1	Vert-16S-eDNA-R1	https://doi.org/10.1007/s12686-016-0550-y	Paired	NovaSeq6000	TGGGGTATTGTGCCGGGCCGATGGAGCTTATCAAGGCCATGAACACGGTGCAGGGACAATCAACTTCTGCTCTTTGTTCGATTGCTCAATGGGCCGGTGTTGAAGCGCTTAATGGGCCGCAGGATTTTATTGCAGAGTGACGGGCGGTGT	asv.762_EE0526
16S	AGACGAGAAGACCCYdTGGAGCTT	GATCCAACATCGAGGTCGTAA	Vert-16S-eDNA-F1	Vert-16S-eDNA-R1	https://doi.org/10.1007/s12686-016-0550-y	Paired	NovaSeq6000	GTCGGTAAAACTCGTGCCAGCCACCGCGGTTATACGAGAGGCTCAAGTTGATAGACAACGGCGTAAAGAGTGGTTAAGGAACCCATTAAACTAAAGCCGAACGCCCTCAGAACTGTTATACGTTTCCGAAGGTAAGAAGCCCCACCACGAAAGTGACTTTACTTCCCCTGACCCCACGAAAGCTGCGAAACAAACTGGGA	asv.430_EE0526
16S	AGACGAGAAGACCCYdTGGAGCTT	GATCCAACATCGAGGTCGTAA	Vert-16S-eDNA-F1	Vert-16S-eDNA-R1	https://doi.org/10.1007/s12686-016-0550-y	Paired	NovaSeq6000	AGTCTATTTTGTGTCAACTGGAGTTTTTTACAACTCAGGTGAGTTTTAGCTTTATTGGGGAGGGGGTGATCTAAAACACTCTTTACGCCGGCTTCTATTGACTTGGGTTAATCGTGTGACCGCGGTGGCTGGCACGAAATTTACCAACCC	asv.617_YE-08
16S	AGACGAGAAGACCCYdTGGAGCTT	GATCCAACATCGAGGTCGTAA	Vert-16S-eDNA-F1	Vert-16S-eDNA-R1	https://doi.org/10.1007/s12686-016-0550-y	Paired	NovaSeq6000	GTAGTCTATTTTGTGTCAACTGGAGTTTTTTACAACTCAGGTGAGTTTTAGCTTTATTGGGGAGGGGGTGATCTAAAACACTCTTTACGCCGGCTTCTATTGACTTGGGTTAATCGTGTGACCGCGGTGGCTGGCACGAGTTTTACCGAC	asv.626_EE0524
16S	AGACGAGAAGACCCYdTGGAGCTT	GATCCAACATCGAGGTCGTAA	Vert-16S-eDNA-F1	Vert-16S-eDNA-R1	https://doi.org/10.1007/s12686-016-0550-y	Paired	NovaSeq6000	TTTATTATTATTATCATTACCTGTATTAGCTGGTGCAATTACTATGTTATTAACTGATAGAAATTTTAACACTACTTTTTTTGACCCTGCTGGTGGTGGTGATCCAGTATTATATCAACATTTATTCTGGTTCTTTGGCCATCCCGAAGT	asv.744_EE0526
16S	AGACGAGAAGACCCYdTGGAGCTT	GATCCAACATCGAGGTCGTAA	Vert-16S-eDNA-F1	Vert-16S-eDNA-R1	https://doi.org/10.1007/s12686-016-0550-y	Paired	NovaSeq6000	CGTCAGTGAACTTCTAGTACTCAATAACGTATAACAGTTTTGAGGACATTCGGCTTTAGTTAATAATTATTTAACCACTCTTTACGCCGAAAGTTAATCAACTTGGGCCTCTCGTATAACCGCGGTGGCTGGCACGAAATTTACCAACCC	asv.745_EE0526
16S	AGACGAGAAGACCCYdTGGAGCTT	GATCCAACATCGAGGTCGTAA	Vert-16S-eDNA-F1	Vert-16S-eDNA-R1	https://doi.org/10.1007/s12686-016-0550-y	Paired	NovaSeq6000	ATTATTGTTATCATTACCTGTTTTAGCTGGTGCCATTACTATGTTATTAACTGATAGAAATTTTAATACATCTTTTTTTGATCCTACGGGAGGAGGTGATCCTGTTTTATACCAACATTTATTTTGATTCTTTGGCCACCCCGAGGTCTA	asv.746_EE0528
16S	AGACGAGAAGACCCYdTGGAGCTT	GATCCAACATCGAGGTCGTAA	Vert-16S-eDNA-F1	Vert-16S-eDNA-R1	https://doi.org/10.1007/s12686-016-0550-y	Paired	NovaSeq6000	CCATGGTGTCAGCCAGGTTCCAGTCCCTAGTCGAGGAGTATTTGTTTCAATTGGCGGCGCCATGGCAAGGCAAGTTGCGCCGAGGTTGACGACATAGGAGAGGATGGGTGCGACGGCGAGCATGCCGCGGGCGAGAGTGACGGGCGGTGT	asv.767_EE0524
16S	AGACGAGAAGACCCYdTGGAGCTT	GATCCAACATCGAGGTCGTAA	Vert-16S-eDNA-F1	Vert-16S-eDNA-R1	https://doi.org/10.1007/s12686-016-0550-y	Paired	NovaSeq6000	ATTACTATTAAGTTTACCAGTATTAGCAGCAGCTATTACAATGTTATTAACTGATAGAAATTTAAATACTACATTCTACGATTCAGCAGGTGGTGGTGATGCTATATTATACCAACATTTATTCTGATTCTTTGGCCATCCCGAGGTCTA	asv.770_EE0528
16S	AGACGAGAAGACCCYdTGGAGCTT	GATCCAACATCGAGGTCGTAA	Vert-16S-eDNA-F1	Vert-16S-eDNA-R1	https://doi.org/10.1007/s12686-016-0550-y	Paired	NovaSeq6000	TAGACACCAAAGCAGACCATGTTAATCACCCCTAAATAAAGGACCAAACAATATTGAACCCTGCCCTAATGTCTTCGGTTGGGGCGACCACGGAGAAATAAAAAACCCCCGCGTGGAACAGGGATACTATCCCCACAATTACGAGCTTCCGCTCTATCAAACAGAACCTCTGACCAGTCAGATCCGGCAATGCCGACCAACGGACCAAGTTACCCTAGGGATAACAGCGCAATCCCCTTTTAGAGCCCATATCGACAAGGGGGT	asv.22_EE0528
16S	AGACGAGAAGACCCYdTGGAGCTT	GATCCAACATCGAGGTCGTAA	Vert-16S-eDNA-F1	Vert-16S-eDNA-R1	https://doi.org/10.1007/s12686-016-0550-y	Paired	NovaSeq6000	GTCGGTAAACTCGTGCCAGCAGCCGCGGTAATACGGAAGGTCCTAGCGTTGTTCGGAATTACTGGGCGTAAAGCGCATGTAGGCGGAACAAAAAGTTAGAAGTGAAATCCCTGGGCTCAACCTAGGAATTGCTTTTAAAACTTTTGTTCTGGAATTCAGGAGAGGAAAATGGAATTTCCAGTGTAGAGGTGAAATTCGTA	asv.335_EE0526
16S	AGACGAGAAGACCCYdTGGAGCTT	GATCCAACATCGAGGTCGTAA	Vert-16S-eDNA-F1	Vert-16S-eDNA-R1	https://doi.org/10.1007/s12686-016-0550-y	Paired	NovaSeq6000	GTCGGTAAAACTCGTGCCAGCAGCCGCGGTAATACGTATGTCGCAAGCGTTATCCGGATTTATTGGGCGTAAAGCGCGTCTAGGCGGTCTTTTAAGTCTGATGTGAAAATGCGGGGCTCAACTCCGTATTGCGTTGGAAACTGGAAGACTAGAGTATCAGAGAGGTGGGCGGAACTACAAGTGTAGAGGTGAAATTCGTA	asv.392_EE0528
16S	AGACGAGAAGACCCYdTGGAGCTT	GATCCAACATCGAGGTCGTAA	Vert-16S-eDNA-F1	Vert-16S-eDNA-R1	https://doi.org/10.1007/s12686-016-0550-y	Paired	NovaSeq6000	GGTACAGGATGAACTGTTTATCCTCCCTTGTCTGTGAAAGAAGGTATAGGTGTTGATTTTGCTATTTTTAGTTTACATATAGCTGGTGTGTCTTCTTTAATGGGTGCTATAAATTTTATAACGACTATATTTAACATGCGTATGCCGGGACAAGTTTTAAATTTCTTGCCTTTATTCGTATGGTCTGTTTTAGTAACAGC	asv.405_EE0526
16S	AGACGAGAAGACCCYdTGGAGCTT	GATCCAACATCGAGGTCGTAA	Vert-16S-eDNA-F1	Vert-16S-eDNA-R1	https://doi.org/10.1007/s12686-016-0550-y	Paired	NovaSeq6000	AGTGAGGTATCTAATCTCAGTTTGTACCCTAGCTTTCGTGGGTTCAGATATAGTTAAAGCTACTTTCGTGATCGGGCTTCTTACCTTCGGGAAACGTATAACAGTATAGAAGGCGTTCGGCTTTAGTATTGGGATCATCTTAACCACGCTTTACGCCGGTGTCTAACAGCTTGGGCTCACTCGTATAACCGCGGTGGCTG	asv.443_EE0528
16S	AGACGAGAAGACCCYdTGGAGCTT	GATCCAACATCGAGGTCGTAA	Vert-16S-eDNA-F1	Vert-16S-eDNA-R1	https://doi.org/10.1007/s12686-016-0550-y	Paired	NovaSeq6000	CGTTGTGGGGCTTCCTGCCTTCGGGTACGTATAACAGTCTTGATGGCGTTCGGCTTTAGTATAAAATTCTATTAACCACTCTTTACGCCGATGCTTGTCAACTTGAGCCTCTCGTATAACCGCGGTGGCTGGCACGAAATTTACCAACCC	asv.737_EE0528
16S	AGACGAGAAGACCCYdTGGAGCTT	GATCCAACATCGAGGTCGTAA	Vert-16S-eDNA-F1	Vert-16S-eDNA-R1	https://doi.org/10.1007/s12686-016-0550-y	Paired	NovaSeq6000	CGTAGTTGAGCTTCTCCGTTTCGAACACGTTAAACGGCCTTGAAGGAGTTCGACTTTAGTCTTGGTTCACCTTAACCACGCTTTACGCCGGGAGTTGTCAACTTGGGCCTCTCGTATAACCGCGGTGGCTGGCACGAAATTTACCAACCC	asv.754_EE0528
16S	AGACGAGAAGACCCYdTGGAGCTT	GATCCAACATCGAGGTCGTAA	Vert-16S-eDNA-F1	Vert-16S-eDNA-R1	https://doi.org/10.1007/s12686-016-0550-y	Paired	NovaSeq6000	ATCCTCCAACCCGAAATTGCGGGTCGCCTCCTCCATGCGCTCCGGCTTCTCATCCGAGATGCCCACGATTTCGGCGTTGGGATGCTCCGCCACCATCCGGAGAAGATCGCCCATGTGAAAGTGATCGAAATTGATGCCCGCTACCTTCCA	asv.771_EE0526
16S	AGACGAGAAGACCCYdTGGAGCTT	GATCCAACATCGAGGTCGTAA	Vert-16S-eDNA-F1	Vert-16S-eDNA-R1	https://doi.org/10.1007/s12686-016-0550-y	Paired	NovaSeq6000	TAATTTATTAATGCAAACAGTACCTAACAAACCCACAGGTCCTAAACTACCAAACCTGCATTAAAAATTTCGGTTAGGGCGACCTCGGAGCAGAACCCAACCTCCGAGCAGTACATGCTAAGACTTCACCAGTCAAAGCGAACTACTATACTCAATTGATCCAATAACTTGACCAACGGAACAAGTTACCCTAGGGATAACAGCGCAATCCTATTCTAGAGTCCATATCAACAATAGGGT	asv.140_EE0526
16S	AGACGAGAAGACCCYdTGGAGCTT	GATCCAACATCGAGGTCGTAA	Vert-16S-eDNA-F1	Vert-16S-eDNA-R1	https://doi.org/10.1007/s12686-016-0550-y	Paired	NovaSeq6000	TAGACACTAAGCCAGATCACGTCAAATACCCCCACTAAAGGATCGAACTTACTGCAACCTGGCCTGATGTCTTTGGTTGGGGCGACCTCGGGGAGGCAAAAAACCCCCGCGTGGAATGGAAGAACTCTGCTTCCAGAACCAAGAGCCACCGCTCAAATTAACAGAATTTCTGACCAATTACAGATCCGGCTCAACGCCGATCAACGGACCGAGTTACCCCAGGGATAACAGCGCAATCCTCTTTTAGAGCCCATATCGACAAGAGGGT	asv.220_EE0528
16S	AGACGAGAAGACCCYdTGGAGCTT	GATCCAACATCGAGGTCGTAA	Vert-16S-eDNA-F1	Vert-16S-eDNA-R1	https://doi.org/10.1007/s12686-016-0550-y	Paired	NovaSeq6000	AGTGAGGTATCTAATCTCAGTTTGTACCTTAGCTCTCGTGGCTTCAATGAAATAAAGCTACTTTCGTAGGGGGGCTTCTTATTCTCAAGTACGTATAACAGTTTTGAGAGTGTTCCGCTTTAGTTTAATGTTTATTTTAACCACTCTTTACGCCGAGGGTCTGTCAGCTCGGGCCTCTCGTATAACCGCGGTGGCTGGCA	asv.359_EE0528
16S	AGACGAGAAGACCCYdTGGAGCTT	GATCCAACATCGAGGTCGTAA	Vert-16S-eDNA-F1	Vert-16S-eDNA-R1	https://doi.org/10.1007/s12686-016-0550-y	Paired	NovaSeq6000	GTTGGTAAATCTCGTGCCAGCAGCCGCGGTAATACGGGAGGGGCAAGCGTTATTCAGAATAACTGGGCGTAAAGAGTCCGTAGACTGTAATACAAGTTATTTGTTAAATTTTATAGCTTAACTATAAAAAGGCTTTTAATACTGTTTTACTTGAGTTTTATGCAGAAGAGTAGAATTTTATGAGTAGAAGATCTTTTCAA	asv.429_EE0528
16S	AGACGAGAAGACCCYdTGGAGCTT	GATCCAACATCGAGGTCGTAA	Vert-16S-eDNA-F1	Vert-16S-eDNA-R1	https://doi.org/10.1007/s12686-016-0550-y	Paired	NovaSeq6000	AGTGAGGTATCTAATCTCAGTTTGTGCCCTGGCTTTCGTGGGTTCGGGGCGGGGTAAAGCCACTTTCGTGGTGGGGCTTCAAGTTCTCGGGGGCGTATAACAGCGCTGAGAATGTTCGGCTTTATTTTGTAATAACCCCTAACCACCCTTTACGCCGATTCCTGTCAACTTGGGCCTCTCGTATAACCGCGGTTGCTGGC	asv.441_EE0528
16S	AGACGAGAAGACCCYdTGGAGCTT	GATCCAACATCGAGGTCGTAA	Vert-16S-eDNA-F1	Vert-16S-eDNA-R1	https://doi.org/10.1007/s12686-016-0550-y	Paired	NovaSeq6000	AGTGAGGTATCTAATCTCAGTTTGTTTCACAGCTTTCGTGGGTTCAGGAAATTAAAGCTACTTTCGTATAAGAGCTTCTTAACCTCGAGTACGTATAACAGTTTTGAGGGGCATTCGGCTTTAGTTTAATATAAACTTAACCACTCTTTACGCCGAGTACTTATCAACTTGGGCCTCTCGTATAACCGCGGTGGCTGGCA	asv.448_EE0526
16S	AGACGAGAAGACCCYdTGGAGCTT	GATCCAACATCGAGGTCGTAA	Vert-16S-eDNA-F1	Vert-16S-eDNA-R1	https://doi.org/10.1007/s12686-016-0550-y	Paired	NovaSeq6000	GGGTTGGTAAATTTCGTGCCAGCAGCCGCGGTAATACGAAGGGGGCGAGCGTTGTTCGGAATTACTGGGCGTAAAGGGAGCGCAGGCGGTTCATTCAGTTAGGCGTGAAATCCCCGGGCTCAACCTGGGAACTGCGCTTAATACTGATGAGCTAGAAAACAGGAGAGGGTAGTGGAATTTCCAGTGTAGAGGTGAAATTC	asv.450_EE0526
16S	AGACGAGAAGACCCYdTGGAGCTT	GATCCAACATCGAGGTCGTAA	Vert-16S-eDNA-F1	Vert-16S-eDNA-R1	https://doi.org/10.1007/s12686-016-0550-y	Paired	NovaSeq6000	GTTGGTAAATCTCGTGCCAGCCGCGGTAATACGAGAGGGGCAGGCGTTATTCAAAGGTACTGGGCGTAAAGGGTTTTTAGGTGGAATTTAGAAAGTAATTAATTTTAATAATGTATATAAAATACATTAATTAATTAAACTTTAATTCTTGAGTTATTAAAAGAGTTAATTTTACTTTTTGAGGATTGGTGATATAATAT	asv.451_EE0524
16S	AGACGAGAAGACCCYdTGGAGCTT	GATCCAACATCGAGGTCGTAA	Vert-16S-eDNA-F1	Vert-16S-eDNA-R1	https://doi.org/10.1007/s12686-016-0550-y	Paired	NovaSeq6000	AGTGAGGTATCTAATCTCAGTTTGTTCCTCAGCTGTCGTGGAATCTGGTGGAAGGGGTTAGAGCTACTTTCGTGACTGTGGTTCGAGCGGCCGGAATGCTTTTAACTGCCCGGGGGCTCTTCAGCTCTAGTTTTTTGCTCCCATAACCACTCTTTACGCCGTGGGCTATCAATTTGGGCCCCTCGTATAACCGCGGTGGC	asv.453_EE0528
16S	AGACGAGAAGACCCYdTGGAGCTT	GATCCAACATCGAGGTCGTAA	Vert-16S-eDNA-F1	Vert-16S-eDNA-R1	https://doi.org/10.1007/s12686-016-0550-y	Paired	NovaSeq6000	GCTCCGGCAAGAACAGGAAGGGAGAGGAGGAGGAGAACGGTTGTAATTACAACTGCTCAAACAAAAAGTGGAATTCGTTCAAGTCGTATGCCTTCTATTCGTATATTGGCGACTGTTCTGATAAAGTTAATCGAACCTAAAATGGAAGAAGCCCCCGCGAGGTGAAGGGAGAAGATTGCTATATCAACAGATGGGCCTGC	asv.454_EE0528
16S	AGACGAGAAGACCCYdTGGAGCTT	GATCCAACATCGAGGTCGTAA	Vert-16S-eDNA-F1	Vert-16S-eDNA-R1	https://doi.org/10.1007/s12686-016-0550-y	Paired	NovaSeq6000	GTAGTCTATTTTGTGTCAACTGGAGTTTTTTACAACTCAGGTGAGTTTTAGCTTTATTGGGGAGGGGGTGATCTAAAACACTCTTTACGCCGGCTTCTATTGACTTGGGTTAATCGTGTGACCGCGGTGGCTGGCACGAGTTTTACCGAC	asv.626_EE0541
16S	AGACGAGAAGACCCYdTGGAGCTT	GATCCAACATCGAGGTCGTAA	Vert-16S-eDNA-F1	Vert-16S-eDNA-R1	https://doi.org/10.1007/s12686-016-0550-y	Paired	NovaSeq6000	TTTATTGTTATCCCTACCTGTATTAGCAGGAGCTATTACAATGTTATTAACAGACCGTAACTTTAATACAACATTCTTTGATCCAGCAGGAGGAGGAGATCCTATCCTATATCAACACCTGTTCTGATTCTTCGGCCATCCCGAAGTCTA	asv.718_EE0526
16S	AGACGAGAAGACCCYdTGGAGCTT	GATCCAACATCGAGGTCGTAA	Vert-16S-eDNA-F1	Vert-16S-eDNA-R1	https://doi.org/10.1007/s12686-016-0550-y	Paired	NovaSeq6000	GATCGGGCTTCTTACCTTCGGGAAACGTATAACAGTATAGAAGGCGTTCGGCTTTAGTATTGGGATCATCTTAACCACGCTTTACGCCGGTGTCTAACAGCTTGGGCTCACTCGTATAACCGCGGTGGCTGGCACGAAATTAACCAACCC	asv.755_EE0528
16S	AGACGAGAAGACCCYdTGGAGCTT	GATCCAACATCGAGGTCGTAA	Vert-16S-eDNA-F1	Vert-16S-eDNA-R1	https://doi.org/10.1007/s12686-016-0550-y	Paired	NovaSeq6000	GGTCCGTTAATAGTATAGTAATTGCACCAGCAAGAACAGGGAGCCTCAGTAGAAGAAGAATAGCAGTTACTAGCACTGATCAAGCGAAAAGAGGCATTCGGTCTGAATGCAATCCAAATGTTCGAAGATTGCCCAACGTTCTAATAAAAT	asv.773_EE0528
16S	AGACGAGAAGACCCYdTGGAGCTT	GATCCAACATCGAGGTCGTAA	Vert-16S-eDNA-F1	Vert-16S-eDNA-R1	https://doi.org/10.1007/s12686-016-0550-y	Paired	NovaSeq6000	AAGGACGAAGGAGACGGATTAAGAACTGGACCAGCTGAATTATGGAGCTCGTGCTCCCCAAGCTCAATCACAAAACTTAGATTCAATCCCACTCTCCCCCTCCTTTAGTTGGGGCAACCGCTGAGAAAAAGAACCCTCCGCACCAAATTACTTTTCCAGGACAACGTGTCCAAAACCTTAAACTTGAAGGAACGTGATCCGGCTCCAGCCGATCAATAGACTAAGTTACCGTAGGGATAACAGCGTAATCCCTCCTAAGAGCCCGCATTGCCGGAGGGGT	asv.217_EE0526
16S	AGACGAGAAGACCCYdTGGAGCTT	GATCCAACATCGAGGTCGTAA	Vert-16S-eDNA-F1	Vert-16S-eDNA-R1	https://doi.org/10.1007/s12686-016-0550-y	Paired	NovaSeq6000	AGTGAGGTATCTAATCTCAGTTTGTCCCGTAGCTTCCGTGGCGTCAGGGCTGTTAAAGCCACTTTCGTGGTTGGGCTTCAATCTTTCATTTGCGTATAACAGCTCTGAAAGTATTCGGCTTTAGTTTAGTTTAATCCTTAACCACACTTTATGCCGGAGTCTATCCACTTGGGCCTCTCGTATAACCGCGGTGGCTGGCA	asv.400_EE0528
16S	AGACGAGAAGACCCYdTGGAGCTT	GATCCAACATCGAGGTCGTAA	Vert-16S-eDNA-F1	Vert-16S-eDNA-R1	https://doi.org/10.1007/s12686-016-0550-y	Paired	NovaSeq6000	GTCGGTAAAACTCGTGCCAGCAGCCGCGGTAAGACGGGGGATGCAAGTGTTATCCGGAATTATTGGGCGTAAAGCGTCTGTAGGTGGTTTAACCAGTCTATTGTTAAAGCTTGAAACTTAACTTCAGAGATGCAGTAGAAACTATTAAACTAGAGTATAATTGAGGTAGAAGGAATTTCCAGTGGAGTGGTGAAATGCGT	asv.455_EE0526
16S	AGACGAGAAGACCCYdTGGAGCTT	GATCCAACATCGAGGTCGTAA	Vert-16S-eDNA-F1	Vert-16S-eDNA-R1	https://doi.org/10.1007/s12686-016-0550-y	Paired	NovaSeq6000	CCGGTACACTTACCATGTTTCTCCCCATGTAATACACCTGCTCCTCCAAAGGGACGGGCGTCTCTGTCACTGCACCGTTCCCCTGTGATCTGAGGACGTTTTACTGCTGCTGAGAATCCCTCATCAATGTTTAACAACAGCCTTAAGGTGCTGTGTTACCCACTCTGGATCCTCTTCACCGGTCAGAGTGACGGGCGGTG	asv.456_EE0526
16S	AGACGAGAAGACCCYdTGGAGCTT	GATCCAACATCGAGGTCGTAA	Vert-16S-eDNA-F1	Vert-16S-eDNA-R1	https://doi.org/10.1007/s12686-016-0550-y	Paired	NovaSeq6000	GTTGGTAAATCTCGTGCCAGCAGCCGCGGTAAGACGGGGGATGCAAGTGTTATCCGGAATTATTGGGCGTAAAGCGTCTGTAGGTGGTTTAACCAGTCTATTGTTAAAGCTTGAAACTTAACTTCAGAGATGCAGTAGAAACTATTAAACTAGAGTATAATTGAGGTAGAAGGAATTTCCAGTGGAGTGGTGAAATGCGT	asv.457_EE0526
16S	AGACGAGAAGACCCYdTGGAGCTT	GATCCAACATCGAGGTCGTAA	Vert-16S-eDNA-F1	Vert-16S-eDNA-R1	https://doi.org/10.1007/s12686-016-0550-y	Paired	NovaSeq6000	ATTGAACTTCTTACCTTCGGGAGCGTATAACAGCCCTGAGGGCGTTCGGCTTTAGTTTTAGTAGATGTGTCTTAACCACTCTTTACGCCGGAGTCTATCAACTTGGGCCTCTCGTATAACCGCGGTGGCTGGCACGAAATTTACCAACCC	asv.693_EE0528
16S	AGACGAGAAGACCCYdTGGAGCTT	GATCCAACATCGAGGTCGTAA	Vert-16S-eDNA-F1	Vert-16S-eDNA-R1	https://doi.org/10.1007/s12686-016-0550-y	Paired	NovaSeq6000	TAATTTATTAATGCAAACAGTACCTAACAAACCCACAGGTCCTAAACTACCAAACCTGCATTAAAAATTTCGGTTGGGGCGACCTCGGAGCAGAACCCAACCTCCGAGCAGTACATGCTAAGACTTCACCAGTCAAAGCGAACTACTATACTCAATTGATCCAATAACTTGACCAACAGAACAAGTTACCCTAGGGATAACAGCGCAATCCTATTCTAGAGTCCATATCAACAATAGGGT	asv.71_EE0539
16S	AGACGAGAAGACCCYdTGGAGCTT	GATCCAACATCGAGGTCGTAA	Vert-16S-eDNA-F1	Vert-16S-eDNA-R1	https://doi.org/10.1007/s12686-016-0550-y	Paired	NovaSeq6000	TTCGTAGTTGGGCTTCATGTCTTCTCGCGCGTATAACAGCTAAAAAGTCGTTTGGCCTTAGTTTAAAATTATCTTAACCACTCTTTACGCCGAGGGCCATCCACTTGGGTCTCTCGTCTAACCGCGGTGGCTGGCACGAGTTTTACCGAC	asv.739_EE0526
16S	AGACGAGAAGACCCYdTGGAGCTT	GATCCAACATCGAGGTCGTAA	Vert-16S-eDNA-F1	Vert-16S-eDNA-R1	https://doi.org/10.1007/s12686-016-0550-y	Paired	NovaSeq6000	TCTTCTTTTATCTCTTCCTGTTCTTGCAGGTGCCATCACAATATTATTAACTGATCGAAATTTAAATACTTCTTTTTTTGATCCCGCAGGAGGAGGTGATCCAATTTTATATCAACACCTATTCTGATTTTTTGGCCACCCCGAAGTCTA	asv.743_EE0528
16S	AGACGAGAAGACCCYdTGGAGCTT	GATCCAACATCGAGGTCGTAA	Vert-16S-eDNA-F1	Vert-16S-eDNA-R1	https://doi.org/10.1007/s12686-016-0550-y	Paired	NovaSeq6000	CCTATTATTGTTATCTTTACCTGTGCTTGCTGGAGCGATCACAATGCTTCTTACAGACAGAAACTTTAATACCACTTTTTTTGATCCCGCTGGTGGTGGAGATCCCGTGTTGTATCAACATTTGTTCTGGTTCTTCGGCCACCCCGAGGT	asv.753_EE0528
16S	AGACGAGAAGACCCYdTGGAGCTT	GATCCAACATCGAGGTCGTAA	Vert-16S-eDNA-F1	Vert-16S-eDNA-R1	https://doi.org/10.1007/s12686-016-0550-y	Paired	NovaSeq6000	ATTATTACTATCATTACCTGTATTAGCAGGTGCAATTACAATGTTGCTAACTGATAGAAATTTTAACACAAGTTTTTTTGATCCAGCAGGAGGTGGTGATCCTATATTATATCAACATTTATTCTGATTTTTCGGCCACCCCGAAGTCTA	asv.757_EE0528
16S	AGACGAGAAGACCCYdTGGAGCTT	GATCCAACATCGAGGTCGTAA	Vert-16S-eDNA-F1	Vert-16S-eDNA-R1	https://doi.org/10.1007/s12686-016-0550-y	Paired	NovaSeq6000	TCTACGCATTTCACCGCTACACCGGGAATTCTACCTTCCTCTCCTGCACTCTAGCCTGACAGTTCCGGATGCCGTTCCCAGGTTGAGCCCGGGGCTTTCACAACCGGCTTATCAAGCCGCCTACGCGCGCTTTACGCCCAGTAATTCCGA	asv.759_EE0537
16S	AGACGAGAAGACCCYdTGGAGCTT	GATCCAACATCGAGGTCGTAA	Vert-16S-eDNA-F1	Vert-16S-eDNA-R1	https://doi.org/10.1007/s12686-016-0550-y	Paired	NovaSeq6000	ACAGAGCGGGAGATATTGATGTGTCTCTCAGCAGGAAAGTAGTCGGTGCATAGCTCCAAAGCACTGTAAGGTTGGTAGGAGAAAAGGAGATGGGAAGGGAGGGTAAAAGTAAGGAAGGTAGAGAGGGAGGTAAAGAGTGACGGGCGGTGT	asv.774_EE0526
16S	AGACGAGAAGACCCYdTGGAGCTT	GATCCAACATCGAGGTCGTAA	Vert-16S-eDNA-F1	Vert-16S-eDNA-R1	https://doi.org/10.1007/s12686-016-0550-y	Paired	NovaSeq6000	GTGACTGTGGTTCGAGCGGCCGGAATGCTTTTAACTGCCCGGGGGCTCTTCAGCTCTAGTTTTTTGCTCCCATAACCACTCTTTACGCCGTGGGCTATCAATTTGGGCCCCTCGTATAACCGCGGTGGCTGGCACGAAATTGACCAGTCC	asv.778_EE0528
16S	AGACGAGAAGACCCYdTGGAGCTT	GATCCAACATCGAGGTCGTAA	Vert-16S-eDNA-F1	Vert-16S-eDNA-R1	https://doi.org/10.1007/s12686-016-0550-y	Paired	NovaSeq6000	AGTGAGGTATCTAATCTCAGTTTGTACCCTAGCTTTCGTGGGTTCAGTTAGTTTAAAGCTACTTTCGTGATTGGGCTTCTAGCCTTCGGGTGCGTATAACAGCTTTGAAGGTGTTTGGCTTTAGTCGAGTATAGTACTTAACCACTCTTTACGCCGATTGCCTGTCAACTTGGGTCTCTCGTATAACCGCGGTGGCTGGC	asv.395_EE0526
16S	AGACGAGAAGACCCYdTGGAGCTT	GATCCAACATCGAGGTCGTAA	Vert-16S-eDNA-F1	Vert-16S-eDNA-R1	https://doi.org/10.1007/s12686-016-0550-y	Paired	NovaSeq6000	AGTGAGGTATCTAATCTCAGTTTGTGTCCTAGCTTTCGTGGGGTCAGGGGCTTAAGGCCACTTTCGTAGTTGGGCTTCATGTCTTCTCGCGCGTATAACAGCTAAAAAGTCGTTTGGCCTTAGTTTAAAATTATCTTAACCACTCTTTACGCCGAGGGCCATCCACTTGGGTCTCTCGTCTAACCGCGGTGGCTGGCACG	asv.409_EE0528
16S	AGACGAGAAGACCCYdTGGAGCTT	GATCCAACATCGAGGTCGTAA	Vert-16S-eDNA-F1	Vert-16S-eDNA-R1	https://doi.org/10.1007/s12686-016-0550-y	Paired	NovaSeq6000	AGTGAGGTATCTAATCTCAGTTTGTTTCCCAACTTTCGTGGGTTCAGAAGGGTTAAAGCCACTTTCGTAGGGGGGCTTCTTGCTCTCGGACACGTATGACAGTCCTGAGAGTGTTCGGCTTTAGTTTTTGTTGTTTCTTAACCACTCTTTACGCCGGTGGCTGTCAACTTGGGCCTCTCGTATAACCGCGGTGGCTGGCA	asv.422_EE0526
16S	AGACGAGAAGACCCYdTGGAGCTT	GATCCAACATCGAGGTCGTAA	Vert-16S-eDNA-F1	Vert-16S-eDNA-R1	https://doi.org/10.1007/s12686-016-0550-y	Paired	NovaSeq6000	AGTGAGGTATCTAATCTCAGTTTGTTCCTCAGCTTTCGTGGGATCAGGTTTAATAAAGCTACTTTCGTAAGGGGGCTTCTTAACTCGGAAGCGTTAAACAGCTTTGAGGACGTTCGGCTTTAGTTTAGTATTTTCCCTAACCACGCTTTACGCCGTAGTCTGTCAACTTGAGCCTCCCGTCTAACCGCGGTGGCTGGCAC	asv.426_EE0526
16S	AGACGAGAAGACCCYdTGGAGCTT	GATCCAACATCGAGGTCGTAA	Vert-16S-eDNA-F1	Vert-16S-eDNA-R1	https://doi.org/10.1007/s12686-016-0550-y	Paired	NovaSeq6000	AGTGAGGTATCTAATCTCAGTTTGTATCCTAGCTTTCGTGGGTTCAAAGGGGTTAAAGCTACTTTCGTGGGGGGACTTCTGGCTTTCGAGTACGTATAACAGTTAAGAAAGCATTTGGCTTTAGTTTATGTAATGATTTTAACCACTCTTTACGCCGATGGTTGTCAGCTTGGGCCTCTCGTATAACCGCGGTGGCTGGC	asv.446_EE0528
16S	AGACGAGAAGACCCYdTGGAGCTT	GATCCAACATCGAGGTCGTAA	Vert-16S-eDNA-F1	Vert-16S-eDNA-R1	https://doi.org/10.1007/s12686-016-0550-y	Paired	NovaSeq6000	AGTCTATTTTGTGTCAACTGGAGTTTTTTACAACTCAGGTGAGTTTTAGCTTTATTGGGGAGGGGGTGATCTAAAACACTCTTTACGCCGGCTTCTATTGACTTGGGTTAATCGTGTGACCGCGGTGGCTGGCACGAAATTTACCAACCC	asv.617_EE0539
16S	AGACGAGAAGACCCYdTGGAGCTT	GATCCAACATCGAGGTCGTAA	Vert-16S-eDNA-F1	Vert-16S-eDNA-R1	https://doi.org/10.1007/s12686-016-0550-y	Paired	NovaSeq6000	AGTCTATTTTGTGTCAACTGGAGTTTTTTACAACTCAGGTGAGTTTTAGCTTTATTGGGGAGGGGGTGATCTAAAACACTCTTTACGCCGGCTTCTATTGACTTGGGTTAATCGTGTGACCGCGGTGGCTGGCACGAAATTAACCAACCC	asv.620_EE0537
16S	AGACGAGAAGACCCYdTGGAGCTT	GATCCAACATCGAGGTCGTAA	Vert-16S-eDNA-F1	Vert-16S-eDNA-R1	https://doi.org/10.1007/s12686-016-0550-y	Paired	NovaSeq6000	ATTATTATTAAGTTTGCCTGTATTAGCAGCAGCGATTACAATGTTATTAACTGATAGAAATTTTAATACAAGTTTTTTTGATCCAATGGGAGGAGGAGACCCGATTTTGTATCAACATTTATTTTGATTCTTCGGCCATCCCGAAGTCTA	asv.661_EE0526
16S	AGACGAGAAGACCCYdTGGAGCTT	GATCCAACATCGAGGTCGTAA	Vert-16S-eDNA-F1	Vert-16S-eDNA-R1	https://doi.org/10.1007/s12686-016-0550-y	Paired	NovaSeq6000	TGATTGGGCTTCTGACCTTCGGGTGCGTATAACAGCTTTGAAGGTGTTTGGCTTTAGTGATATGTTGTACTTAACCACTCTTTACGCCGATTGTCTGTCAACTTGGGTCTCTCGTATAACCGCGGTGGCTGGCACGAAATTTACCAACCC	asv.684_EE0528
16S	AGACGAGAAGACCCYdTGGAGCTT	GATCCAACATCGAGGTCGTAA	Vert-16S-eDNA-F1	Vert-16S-eDNA-R1	https://doi.org/10.1007/s12686-016-0550-y	Paired	NovaSeq6000	CGTAGTTGGGCTTCTTACCTTCGAGAGCGTATAACAGCTTTGAGGGTATTTGGCTCTAGTTTTTGTACATCTTAACCACTCTTTACGCCGATGACTGTCAACTTGAGTCTCTCGTATAACCGCGGTGGCTGGCACGAAATTTACCAACCC	asv.690_EE0526
16S	AGACGAGAAGACCCYdTGGAGCTT	GATCCAACATCGAGGTCGTAA	Vert-16S-eDNA-F1	Vert-16S-eDNA-R1	https://doi.org/10.1007/s12686-016-0550-y	Paired	NovaSeq6000	TCTACTACTATCACTTCCAGTGCTAGCAGGAGCAATTACAATGTTACTAACAGATCGTAACTTTAACACAACATTCTTCGATCCTGCTGGGGGAGGAGACCCTATTTTATACCAACATTTATTCTGATTTTTCGGCCACCCCGAGGTCTA	asv.713_EE0526
16S	AGACGAGAAGACCCYdTGGAGCTT	GATCCAACATCGAGGTCGTAA	Vert-16S-eDNA-F1	Vert-16S-eDNA-R1	https://doi.org/10.1007/s12686-016-0550-y	Paired	NovaSeq6000	ACTTCTATTATCACTGCCCGTACTAGCCGGAGCTATCACTATACTATTGACCGACCGAAACTTAAATACCGCATTTTTTGACCCTGCCGGGGGGGGTGACCCCGTATTATACCAGCACTTATTTTGATTTTTTGGCCACCCCGAAGTCTA	asv.766_EE0526
16S	AGACGAGAAGACCCYdTGGAGCTT	GATCCAACATCGAGGTCGTAA	Vert-16S-eDNA-F1	Vert-16S-eDNA-R1	https://doi.org/10.1007/s12686-016-0550-y	Paired	NovaSeq6000	TCTACGAATTTCACCTCTACACTGGGAATTCCACCACCCTCTCCTAGTCTCTAGTCTTGCAGTATCAGAGGCAGTTCCGGGGTTGAGCCCCGGGCTTTCACCCCTGACTGGCAAGACCGCCTGCGTGCCCTTTACGCCCAGTAAATCCGA	asv.777_EE0539
16S	AGACGAGAAGACCCYdTGGAGCTT	GATCCAACATCGAGGTCGTAA	Vert-16S-eDNA-F1	Vert-16S-eDNA-R1	https://doi.org/10.1007/s12686-016-0550-y	Paired	NovaSeq6000	TTTATTATTGTTAGCAGTTCCAGTTCTTGCAGGAGCTATAACTATGTTGCTAACAGATCGTAACTTTAATACATCTTTTTTTGATCCTGCGGGCGGAGGTGATCCTGTTTTATATCAGCATCTATTTTGATTCTTTGGCCATCCCGAAGT	asv.780_EE0528
16S	AGACGAGAAGACCCYdTGGAGCTT	GATCCAACATCGAGGTCGTAA	Vert-16S-eDNA-F1	Vert-16S-eDNA-R1	https://doi.org/10.1007/s12686-016-0550-y	Paired	NovaSeq6000	TAGACACTAAGCCAGACTTTGTTAAGCACCCCTTTTAAAGGACTAAACTAATTGCAACCTGGCCTGATGTCTTTGGTTGGGGCGACCTCGGGGAAACAAAAAACCCCCGCGTGGAATGGAAGAACTCCTCTTCTAGAACCAAGAGCTACCGCTCAAATTGACAGAATATCTGACCAATTACAGATCCGGCTTTAACGCCGATCAACGGACCGAGTTACCCCAGGGATAACAGCGCAATCCTCTTTTAGAGCCCATATCGACAAGAGGGT	asv.83_EE0526
16S	AGACGAGAAGACCCYdTGGAGCTT	GATCCAACATCGAGGTCGTAA	Vert-16S-eDNA-F1	Vert-16S-eDNA-R1	https://doi.org/10.1007/s12686-016-0550-y	Paired	NovaSeq6000	TAGACAATAAGTAGTGCCTGTAAAGACTTAACAACGCTAAAACAAAAGGTATATCTATTTTGATGTCTTCGGTTGGGGCGACCGCGGGGAAACAAAAAACCCCCACGTGGAATATGAACCTCTTCTTTCAACCAAGAGAGCCATCTCTAAGTACCAGAACATCGGACCTTCTTGACCCGGCACCCGCCGATCAACGAAACCAGTTACCCCAGGGATAACAGCGCAATCCCCTCCCAGAGCCCATATCGACGAGGGGGT	asv.301_EE0526
16S	AGACGAGAAGACCCYdTGGAGCTT	GATCCAACATCGAGGTCGTAA	Vert-16S-eDNA-F1	Vert-16S-eDNA-R1	https://doi.org/10.1007/s12686-016-0550-y	Paired	NovaSeq6000	AGTGAGGTATCTAATCTCAGTTTGTTACGCAGCTTTCGTGGAGTCGGGGAAAATAAAGTCACTTTCGTGGTGGGGCTTCTTACCTTCGGAAACGTATAACAGTTCTGAGGGCGTTCGGCTTTAGTTTAATAAGTTCCTTAACCACTCTTTACGCCGTTGTCTGTCAACTTGAGCCTCTCGTATAACCGCGGTGGCTGGCA	asv.385_EE0528
16S	AGACGAGAAGACCCYdTGGAGCTT	GATCCAACATCGAGGTCGTAA	Vert-16S-eDNA-F1	Vert-16S-eDNA-R1	https://doi.org/10.1007/s12686-016-0550-y	Paired	NovaSeq6000	AGTGAGGTATCTAATCTCAGTTTGTTTCCCAACTTTCGTGGGTTCAGAAGGGTTAAAGCCACTTTCGTAGGGGGGCTTCTTGCTCTCGGACACGTATGACAGTCCTGAGAGTGTTCGGCTTTAGTTTTTGTTGTTTCTTAACCACTCTTTACGCCGGTGGCTGTCAACTTGGGCCTCTCGTATAACCGCGGTGGCTGGCA	asv.422_EE0528
16S	AGACGAGAAGACCCYdTGGAGCTT	GATCCAACATCGAGGTCGTAA	Vert-16S-eDNA-F1	Vert-16S-eDNA-R1	https://doi.org/10.1007/s12686-016-0550-y	Paired	NovaSeq6000	GTCGGTAAAACTCGTGCCAGCAGCCGCGGTAATACGTATGTCGCAAGCGTTATCCGGAATTATTGGGCGTAAAGCGCGTCTAGGCGGCCTTTTAAGTCTGATGTGAAAATGCGGGGCTCAACTCCGTATTGCGTTGGAAACTGGAAGGCTAGAGTATCAGAGAGGTGGGCGGAACTACAAGTGTAGAGGTGAAATTCGTA	asv.447_EE0526
16S	AGACGAGAAGACCCYdTGGAGCTT	GATCCAACATCGAGGTCGTAA	Vert-16S-eDNA-F1	Vert-16S-eDNA-R1	https://doi.org/10.1007/s12686-016-0550-y	Paired	NovaSeq6000	GTCGGTAAAACTCGTGCCAGCAGCCGCGGTAAAACGAGAAGGGTTAGCGTTATTCGGATTAATTGGGCGTAAAGAATACGTAGATTGAAAATGAATTAAATAACTAAAAATTAATTTTAATATTAAAATGATTTATTAAAAACTTTTTCTCGAGTTTAGAAGAAGACTGTAGAACTTTAAATGTAACGGTAAAATGTATT	asv.458_EE0528
16S	AGACGAGAAGACCCYdTGGAGCTT	GATCCAACATCGAGGTCGTAA	Vert-16S-eDNA-F1	Vert-16S-eDNA-R1	https://doi.org/10.1007/s12686-016-0550-y	Paired	NovaSeq6000	AGTGAGGTATCTAATCTCAGTTTGTTTCCTAGCTTTCGTGGGTTCAGATCACATAAAGCCACTTTCGTGGTGGTTCTTCTTACCTCCGGAAGCGTATAACAGCTTTGGGGGCATTCGGCTTTAATAAATTAGACATCTTAACCACTCTTTACGCCGTAGGCTATCAACTTGGGCCTCTCGTATAACCGCGGTGGCTGGCA	asv.459_EE0528
16S	AGACGAGAAGACCCYdTGGAGCTT	GATCCAACATCGAGGTCGTAA	Vert-16S-eDNA-F1	Vert-16S-eDNA-R1	https://doi.org/10.1007/s12686-016-0550-y	Paired	NovaSeq6000	AGTCTATTTTGTGTCAACTGGAGTTTTTTACAACTCAGGTGAGTTTTAGCTTTATTGGGGAGGGGGTGATCTAAAACACTCTTTACGCCGGCTTCTATTGACTTGGGTTAATCGTGTGACCGCGGTGGCTGGCACGAAATTAACCAACCC	asv.620_YE-08
16S	AGACGAGAAGACCCYdTGGAGCTT	GATCCAACATCGAGGTCGTAA	Vert-16S-eDNA-F1	Vert-16S-eDNA-R1	https://doi.org/10.1007/s12686-016-0550-y	Paired	NovaSeq6000	AGTCTATTTTGTGTCAACTGGAGTTTTTTACAACTCAGGTGAGTTTTAGCTTTATTGGGGAGGGGGTGATCTAAAACACTCTTTACGCCGGCTTCTATTGACTTGGGTTAATCGTGTGACCGCGGTGGCTGGCACGAAATTGACCAGTCC	asv.634_EE0524
16S	AGACGAGAAGACCCYdTGGAGCTT	GATCCAACATCGAGGTCGTAA	Vert-16S-eDNA-F1	Vert-16S-eDNA-R1	https://doi.org/10.1007/s12686-016-0550-y	Paired	NovaSeq6000	GGTTGATTTTCTAGTTTTCATGAGCGTATAACAGCTTTGAAGAAATTCAGCTCTAGTTTGAAATAGGTCCTTAGCCACCCTTTACGCCGAATGTTTTTCAACTTGGGCCTTTCGTATAACCGCGGTGGCTGGCACGAAATTAACCAACCC	asv.689_EE0528
16S	AGACGAGAAGACCCYdTGGAGCTT	GATCCAACATCGAGGTCGTAA	Vert-16S-eDNA-F1	Vert-16S-eDNA-R1	https://doi.org/10.1007/s12686-016-0550-y	Paired	NovaSeq6000	CGGTTAATAGCATTGTAATTGCTCCTGCGAGTACAGGTAATGAGAGAAGAAGTAAAAATGCTGTAATTAAAACACTCCATACAAATAATGGTAATCGGTGCATTAATAATCCAGGTCCACGCATATTAAAGATGGTTGTAATAAAATTGA	asv.703_EE0528
16S	AGACGAGAAGACCCYdTGGAGCTT	GATCCAACATCGAGGTCGTAA	Vert-16S-eDNA-F1	Vert-16S-eDNA-R1	https://doi.org/10.1007/s12686-016-0550-y	Paired	NovaSeq6000	TTTATTGTTATCCCTACCTGTATTAGCAGGAGCTATTACAATGTTATTAACAGACCGTAACTTTAATACAACATTCTTTGATCCAGCAGGAGGAGGAGATCCTATCCTATATCAACACCTGTTCTGATTCTTCGGCCATCCCGAAGTCTA	asv.718_EE0528
16S	AGACGAGAAGACCCYdTGGAGCTT	GATCCAACATCGAGGTCGTAA	Vert-16S-eDNA-F1	Vert-16S-eDNA-R1	https://doi.org/10.1007/s12686-016-0550-y	Paired	NovaSeq6000	AAGAGTGGTTAATATTACTTTGAATTAAAGACGAATATTTTCAGAACTGTTATACGTTCCTGAGAACTAGAATCCCCACTACGAAAGTGACTTTATGTTATTGAGGCCACGAAAGCTAAGACACAAACTGGGATTAGATACCCCACTATG	asv.736_EE0526
16S	AGACGAGAAGACCCYdTGGAGCTT	GATCCAACATCGAGGTCGTAA	Vert-16S-eDNA-F1	Vert-16S-eDNA-R1	https://doi.org/10.1007/s12686-016-0550-y	Paired	NovaSeq6000	TCTACGAATTTCACCTCTACACTCGGAGTTCCACTCACCTCTCTCGAACTCAAGACTGACAGTATCAAAGGCAGTTCCGAGGTTGAGCCTCGGGATTTCACCCCTAACTTATCAATCCGCCTACGCGCGCTTTACGCCCAGTGATTCCGA	asv.761_EE0531
16S	AGACGAGAAGACCCYdTGGAGCTT	GATCCAACATCGAGGTCGTAA	Vert-16S-eDNA-F1	Vert-16S-eDNA-R1	https://doi.org/10.1007/s12686-016-0550-y	Paired	NovaSeq6000	GTGGTTAAGGGTTACTAAAAAATAAAGCCGAACGTTCTCAATGCTGTTATACGCTCCCGAGATACTCGAAGCCCCACCACGAAAGTGGCTTTACCCCACCCCGAACCCACGAAAGCCAGGGTACAAACTGGGATTAGATACCCCACTATG	asv.772_EE0528
16S	AGACGAGAAGACCCYdTGGAGCTT	GATCCAACATCGAGGTCGTAA	Vert-16S-eDNA-F1	Vert-16S-eDNA-R1	https://doi.org/10.1007/s12686-016-0550-y	Paired	NovaSeq6000	TCAACACATTCTACCGCTTCCTGGGAAATTCCATGCTCCTTTCACGTCCTCAAGTGATATGATGTCTGTATCTATCGACAAAACCCATGGTTTGAATACATACCACACCATACCACCACCTACGTGCGCTTTACGCCCAATCATTTTGAA	asv.781_EE0524
16S	AGACGAGAAGACCCYdTGGAGCTT	GATCCAACATCGAGGTCGTAA	Vert-16S-eDNA-F1	Vert-16S-eDNA-R1	https://doi.org/10.1007/s12686-016-0550-y	Paired	NovaSeq6000	CAGTTGGGCTTCTTGTCTTTGAAAGCGTATAACAGCTACATAAAGATGTTCGGCTTTAATTTTAGTCTTATTCTTAACCACCCTTTACGCCGATTTCTAACAACTTGGGCCTCTCGTATAACCGCGGTGGCTGGCACGAGTTTTACCGAC	asv.782_EE0526
16S	AGACGAGAAGACCCYdTGGAGCTT	GATCCAACATCGAGGTCGTAA	Vert-16S-eDNA-F1	Vert-16S-eDNA-R1	https://doi.org/10.1007/s12686-016-0550-y	Paired	NovaSeq6000	AGTTGGGCTTCCGCCCCCCGGTTCACATTTGACCGTCCTGGGGGGGGTCGACTTTAGTTTAAGTTTAATTCCTAACCACCCTTTACGCCGTAATCTATCAACTTGGGCCACCCGTTTAACCGCGGCGGCTGGCACGAAATTTACCAACCC	asv.783_EE0526
16S	AGACGAGAAGACCCYdTGGAGCTT	GATCCAACATCGAGGTCGTAA	Vert-16S-eDNA-F1	Vert-16S-eDNA-R1	https://doi.org/10.1007/s12686-016-0550-y	Paired	NovaSeq6000	TAGACACTAAGACGGATCATGTTAATAAACCCTGCATAAAGGATTAAACAAGATGAACCCCGTCTGCATGTCTCTGGTTGGGGCGACCACGGGGAAGAAAAAAACCCCCATGTGGACTGGGAGCACCCTCCTCCCACAACCATGAGCCACAGCTCTAATGCACAGAATTTCTGACCATAAGATCCGGCAAAGCCGATCAACGAACCGAGTTACCCTAGGGATAACAGCGCAATCCCCTTTAAGAGTCCATATCGACAAGGGGGT	asv.302_EE0528
16S	AGACGAGAAGACCCYdTGGAGCTT	GATCCAACATCGAGGTCGTAA	Vert-16S-eDNA-F1	Vert-16S-eDNA-R1	https://doi.org/10.1007/s12686-016-0550-y	Paired	NovaSeq6000	AGTGGGGTATCTAATCCCAGTTTGGGTCTTAGCTATTGTGTGTTCAGATATGTTAAAGCCACTTTCGTAGTCTATTTTGTGTCAACTGGAGTTTTTTACAACTCAGGTGAGTTTTAGCTTTATTGGGGAGGGGGTGATCTAAAACACTCTTTACGCCGGCTTCTATTGACTTGGGTTAATCGTGTGACCGCGGTGGCTGG	asv.358_EE0537
16S	AGACGAGAAGACCCYdTGGAGCTT	GATCCAACATCGAGGTCGTAA	Vert-16S-eDNA-F1	Vert-16S-eDNA-R1	https://doi.org/10.1007/s12686-016-0550-y	Paired	NovaSeq6000	GTTGGTAAATCTCGTGCCAGCAGCCGCGGTAATACGGGAGGGGCAAGCGTTATCTGGAATAATTGGGCGTAAAGGGTTCGTAGACTGTATTGTAAGTTATTTGTTAAATCCTAGAGCTTAACTCTAGAAAAGCATTTAATACTACTATACTAGAGTTTTGTGCAGAAGAGTAGAATTTCATGTCGAGGAGTAACGACTGC	asv.369_EE0526
16S	AGACGAGAAGACCCYdTGGAGCTT	GATCCAACATCGAGGTCGTAA	Vert-16S-eDNA-F1	Vert-16S-eDNA-R1	https://doi.org/10.1007/s12686-016-0550-y	Paired	NovaSeq6000	GGGTTGGTAAATTTCGTGCCAGCCACCGCGGTTATACGAGAGGCCCAAGTTGATAGGCACCGGCGTAAAGGGTGGTTAGGGATCCCTATAAAATAAAGCCGAATATCTTCAACGCTGTTATACGCCCCCGAAGATTCGAAGCCCCGTTACGAAAGTAGCTTTACCTTCCCCCGAACCCACGAAAGCCAGGGTACAAACTG	asv.465_EE0528
16S	AGACGAGAAGACCCYdTGGAGCTT	GATCCAACATCGAGGTCGTAA	Vert-16S-eDNA-F1	Vert-16S-eDNA-R1	https://doi.org/10.1007/s12686-016-0550-y	Paired	NovaSeq6000	AGTGAGGTATCTAATCTCAGTTTGTTTCCTAGCTTTCGTGGGTTCAAAGAGTGTAAAGTCACTTTCGTGGTTGATCTTCATATCTTCGAGTGCGTTGTACGACTTTGGAGATGTTCGGCTTTAGTTTGGTGGGGAAATTAACCACTCTTTACGCCGGGGACTGTCAGCTTGGGCCTCTCGTATAACCGCGGTGGCTGGCA	asv.469_EE0526
16S	AGACGAGAAGACCCYdTGGAGCTT	GATCCAACATCGAGGTCGTAA	Vert-16S-eDNA-F1	Vert-16S-eDNA-R1	https://doi.org/10.1007/s12686-016-0550-y	Paired	NovaSeq6000	AGTCTATTTTGTGTCAACTGGAGTTTTTTACAACTCAGGTGAGTTTTAGCTTTATTGGGGAGGGGGTGATCTAAAACACTCTTTACGCCGGCTTCTATTGACTTGGGTTAATCGTGTGACCGCGGTGGCTGGCACGAAATTTACCAACCC	asv.617_EE0537
16S	AGACGAGAAGACCCYdTGGAGCTT	GATCCAACATCGAGGTCGTAA	Vert-16S-eDNA-F1	Vert-16S-eDNA-R1	https://doi.org/10.1007/s12686-016-0550-y	Paired	NovaSeq6000	GTGGTTGGGCTTCAATCTTTCATTTGCGTATAACAGCTCTGAAAGTATTCGGCTTTAGTTTAGTTTAATCCTTAACCACACTTTATGCCGGAGTCTATCCACTTGGGCCTCTCGTATAACCGCGGTGGCTGGCACGAAATTAACCAACCC	asv.715_EE0528
16S	AGACGAGAAGACCCYdTGGAGCTT	GATCCAACATCGAGGTCGTAA	Vert-16S-eDNA-F1	Vert-16S-eDNA-R1	https://doi.org/10.1007/s12686-016-0550-y	Paired	NovaSeq6000	TCTATTATTATTGTCTCTACCAGTGCTAGCAGGTGCTATTACAATGTTATTAACTGATAGAAATTTCAACACTACATTCTTTGATCCTGCGGGTGGAGGTGATCCTGTATTGTACCAGCATTTATTCTGATTTTTCGGCCACCCCGAGGT	asv.750_EE0528
16S	AGACGAGAAGACCCYdTGGAGCTT	GATCCAACATCGAGGTCGTAA	Vert-16S-eDNA-F1	Vert-16S-eDNA-R1	https://doi.org/10.1007/s12686-016-0550-y	Paired	NovaSeq6000	TTCGTACAGTGAGAGATCCGCAAGGACTGGATGCGTGGAAACCCTGGTTTCCCATTTCACTTGCGGATGGTTATCCTCAGCACTGATCCCAAAGAGCTTTCCGCTCATGCTTGCTGCAAGGATCAGCCCCTTGAGAGTGACGGGCGGTGT	asv.784_EE0524
16S	AGACGAGAAGACCCYdTGGAGCTT	GATCCAACATCGAGGTCGTAA	Vert-16S-eDNA-F1	Vert-16S-eDNA-R1	https://doi.org/10.1007/s12686-016-0550-y	Paired	NovaSeq6000	AGTGGGGTATCTAATCCCAGTTTGGGTCTTAGCTATTGTGTGTTCAGATATGTTAAAGCCACTTTCGTAGTCTATTTTGTGTCAACTGGAGTTTTTTACAACTCAGGTGAGTTTTAGCTTTATTGGGGAGGGGGTGATCTAAAACACTCTTTACGCCGGCTTCTATTGACTTGGGTTAATCGTGTGACCGCGGTGGCTGG	asv.358_EE0541
16S	AGACGAGAAGACCCYdTGGAGCTT	GATCCAACATCGAGGTCGTAA	Vert-16S-eDNA-F1	Vert-16S-eDNA-R1	https://doi.org/10.1007/s12686-016-0550-y	Paired	NovaSeq6000	GGGTTGGTAAATTTCGTGCCAGCCACCGCGGTTATACGAGAGGCCCAAGTTGATAGACATCGGCGTAAAGAGTGGTTAAGTAATCCCTCCCCACTAAAGCCGAACGCCTCCAAGACTGTAATACGTGTTCGGAGGTATGAAGCCCAACTACGAAAGTGGCTTTAAAAAAACTGACCCCACGAAAGCTGAGAAACAAACTG	asv.390_EE0526
16S	AGACGAGAAGACCCYdTGGAGCTT	GATCCAACATCGAGGTCGTAA	Vert-16S-eDNA-F1	Vert-16S-eDNA-R1	https://doi.org/10.1007/s12686-016-0550-y	Paired	NovaSeq6000	AGTGAGGTATCTAATCTCAGTTTGTTCCCCAGTTTTCGTGGAGTCAAAATTTTGTAAAGCTACTTTCGTGATTGGGCTTCTTACTTTCGTAAGCGTACAACTGCTATGAAGATTTTCGGCTTTAGTTTATTTAAGGATGTTCTAACCACGCTTTACGCCGGTGACTGTCACCTTGGGTTTCCCGTATAACCGCGGTGGCT	asv.439_EE0526
16S	AGACGAGAAGACCCYdTGGAGCTT	GATCCAACATCGAGGTCGTAA	Vert-16S-eDNA-F1	Vert-16S-eDNA-R1	https://doi.org/10.1007/s12686-016-0550-y	Paired	NovaSeq6000	GTTGGTAAATCTCGTGCCAGCAACCGCGGTTATACGAGAGGCCCAAGTTGATAGGATTCGGCGTAAAGGGTGGTTAAGGGTTACTAAAAAATAAAGCCGAACGTTCTCAATGCTGTTATACGCTCCCGAGATACTCGAAGCCCCACCACGAAAGTGGCTTTACCCCACCCCGAACCCACGAAAGCCAGGGTACAAACTGG	asv.461_EE0528
16S	AGACGAGAAGACCCYdTGGAGCTT	GATCCAACATCGAGGTCGTAA	Vert-16S-eDNA-F1	Vert-16S-eDNA-R1	https://doi.org/10.1007/s12686-016-0550-y	Paired	NovaSeq6000	GGGTTGGTTAATTTCGTGCCAGCCGCGGTAATACAGAGGATGCAAGCGTTATCCGGAATCACTGGGCATAAAGCGTCTGTAGGTGGTTTGGTAAGTCTGCTGTTAAAGACTGGGGCTCAACCCCAGAAAAGCAGTGGAAACTGCTAGACTTGAGTGTGGTAGAGGTAGAGGGAATTCCTAGTGTAGCGGTGAAATGCGTA	asv.466_EE0524
16S	AGACGAGAAGACCCYdTGGAGCTT	GATCCAACATCGAGGTCGTAA	Vert-16S-eDNA-F1	Vert-16S-eDNA-R1	https://doi.org/10.1007/s12686-016-0550-y	Paired	NovaSeq6000	GGACTGGTCAATTTCGTGCCAGCCACCGCGGTTATACGAGAGGCCCAAGTTGACAAAAACCGGCGTAAAGAGTGGTTAATACAACATAAACTAAAGCCGAACACCTTCAAGGCCGTTATACGTACCCGAAGGCAGGAAGACCCCCAACGAAAGTGGCTTTAACTAAAATGAACCCACGAAAGCTAGGACACAAACTGGGA	asv.470_EE0524
16S	AGACGAGAAGACCCYdTGGAGCTT	GATCCAACATCGAGGTCGTAA	Vert-16S-eDNA-F1	Vert-16S-eDNA-R1	https://doi.org/10.1007/s12686-016-0550-y	Paired	NovaSeq6000	CCGGTACACTTACCATGAACGGCGTTTCCAAGGCCTATGCTATGACCGGTTGGCGTCTGGGGTATTGTGCCGGGCCGATGGAGCTTATCAAGGCCATGAACACGGTGCAGGGACAATCAACTTCTGCTCTTTGTTCGATTGCTCAATGGGCCGGTGTTGAAGCGCTTAATGGGCCGCAGGATTTTATTGCAGAGTGACGG	asv.471_EE0526
16S	AGACGAGAAGACCCYdTGGAGCTT	GATCCAACATCGAGGTCGTAA	Vert-16S-eDNA-F1	Vert-16S-eDNA-R1	https://doi.org/10.1007/s12686-016-0550-y	Paired	NovaSeq6000	AGTGAGGTATCTAATCTCAGTTTGTACCTTAGCTTTCGTGGGTTCAGAAAATATAAAGCTACTTTCGCAGTTGGGCTTCTTGTCTTTGAAAGCGTATAACAGCTACATAAAGATGTTCGGCTTTAATTTTAGTCTTATTCTTAACCACCCTTTACGCCGATTTCTAACAACTTGGGCCTCTCGTATAACCGCGGTGGCTG	asv.472_EE0526
16S	AGACGAGAAGACCCYdTGGAGCTT	GATCCAACATCGAGGTCGTAA	Vert-16S-eDNA-F1	Vert-16S-eDNA-R1	https://doi.org/10.1007/s12686-016-0550-y	Paired	NovaSeq6000	AGTGAGGTATCTAATCTCAGTTTGTGTCATAGCTTTCGTGGGTTCAGGCAGGTTAGAGCCACTTTCGTTATCGGGCTTCTTGTCTTCGTGTGCGTATGACGGCTTGGAAGATGTTCGGCTTTAGTTTGGAGATTTGCCTTAACCACCCTTTACGCCGATGCCTAACAACTTGGGCCTCTCGTATAACCGCGGTGGCTGGC	asv.473_EE0526
16S	AGACGAGAAGACCCYdTGGAGCTT	GATCCAACATCGAGGTCGTAA	Vert-16S-eDNA-F1	Vert-16S-eDNA-R1	https://doi.org/10.1007/s12686-016-0550-y	Paired	NovaSeq6000	AGTGAGGTATCTAATCTCAGTTTGTTTCCCAGCTTTCGTGGAGTCAGATTTGGTAAAGCCACTTTCGTAGTTGAGTCTCTTACTTTCGGGTTAACGTATAACGATTATGAAAGCATTTAACTTTAGTAGTAAAATTGTATCCTAACCACCTTTTGCGCCGATATCTATTAACTCGGGCCATCTCGTATAACCGCGGTGGC	asv.474_EE0528
16S	AGACGAGAAGACCCYdTGGAGCTT	GATCCAACATCGAGGTCGTAA	Vert-16S-eDNA-F1	Vert-16S-eDNA-R1	https://doi.org/10.1007/s12686-016-0550-y	Paired	NovaSeq6000	GGGTTGGTAAATTTCGTGCCAGCCGCGGTAATACGGAGGGTGCAAGCGTTACTCGGAATCACTGGGCGTAAGGAGCGTGTAGGCGGATAGATAAGTCAGAAGTGAAATCCAATAGCTCAACTATTGAACTGCTTTTGAAACTGTCTATCTAGAGTATGGGAGAGGTAGATGGAATTTCTGGTGTAGGGGTAAAATCCGTA	asv.475_EE0541
16S	AGACGAGAAGACCCYdTGGAGCTT	GATCCAACATCGAGGTCGTAA	Vert-16S-eDNA-F1	Vert-16S-eDNA-R1	https://doi.org/10.1007/s12686-016-0550-y	Paired	NovaSeq6000	AGTCTATTTTGTGTCAACTGGAGTTTTTTACAACTCAGGTGAGTTTTAGCTTTATTGGGGAGGGGGTGATCTAAAACACTCTTTACGCCGGCTTCTATTGACTTGGGTTAATCGTGTGACCGCGGTGGCTGGCACGAAATTAACCAACCC	asv.620_EE0539
16S	AGACGAGAAGACCCYdTGGAGCTT	GATCCAACATCGAGGTCGTAA	Vert-16S-eDNA-F1	Vert-16S-eDNA-R1	https://doi.org/10.1007/s12686-016-0550-y	Paired	NovaSeq6000	TAATTTATTAATGCAAACAGTACCTAACAAACCCACAGGTCCTAAACTACCAAACCTGCATTAAAAATTTCGGTTGGGGCGACCTCGGAGCAGAACCCAACCTCCGAGCAGTACATGCTAAGACTTCACCAGTCAAAGCGAACTACTATACTCAATTGATCCAATAACTTGACCAACAGAACAAGTTACCCTAGGGATAACAGCGCAATCCTATTCTAGAGTCCATATCAACAATAGGGT	asv.71_EE0528
16S	AGACGAGAAGACCCYdTGGAGCTT	GATCCAACATCGAGGTCGTAA	Vert-16S-eDNA-F1	Vert-16S-eDNA-R1	https://doi.org/10.1007/s12686-016-0550-y	Paired	NovaSeq6000	TATAAGAGCTTCTTAACCTCGAGTACGTATAACAGTTTTGAGGGGCATTCGGCTTTAGTTTAATATAAACTTAACCACTCTTTACGCCGAGTACTTATCAACTTGGGCCTCTCGTATAACCGCGGTGGCTGGCACGAAATTAACCAACCC	asv.779_EE0526
16S	AGACGAGAAGACCCYdTGGAGCTT	GATCCAACATCGAGGTCGTAA	Vert-16S-eDNA-F1	Vert-16S-eDNA-R1	https://doi.org/10.1007/s12686-016-0550-y	Paired	NovaSeq6000	ACTATTACTATCTCTACCTGTTCTAGCTGGTGCTATTACTATGTTACTAACAGATAGAAACTTTAACACATCTTTCTTCGACCCTGCTGGAGGAGGAGATCCTATTTTATATCAACATTTATTCTGATTCTTTGGCCATCCCGAGGTCTA	asv.788_EE0528
16S	AGACGAGAAGACCCYdTGGAGCTT	GATCCAACATCGAGGTCGTAA	Vert-16S-eDNA-F1	Vert-16S-eDNA-R1	https://doi.org/10.1007/s12686-016-0550-y	Paired	NovaSeq6000	TCTACGGATTTTACCCCTACACCAGAAATTCCATCTACCTCTCCCATACTCTAGATAGACAGTTTCAAAAGCAGTTCAATAGTTGAGCTATTGGATTTCACTTCTGACTTATCTATCCGCCTACACGCTCTTTACGCCCAGTGATTCCGA	asv.790_EE0541
16S	AGACGAGAAGACCCYdTGGAGCTT	GATCCAACATCGAGGTCGTAA	Vert-16S-eDNA-F1	Vert-16S-eDNA-R1	https://doi.org/10.1007/s12686-016-0550-y	Paired	NovaSeq6000	TCGTGGTTGATCTTCATATCTTCGAGTGCGTTGTACGACTTTGGAGATGTTCGGCTTTAGTTTGGTGGGGAAATTAACCACTCTTTACGCCGGGGACTGTCAGCTTGGGCCTCTCGTATAACCGCGGTGGCTGGCACGAGATTTACCAAC	asv.794_EE0526
16S	AGACGAGAAGACCCYdTGGAGCTT	GATCCAACATCGAGGTCGTAA	Vert-16S-eDNA-F1	Vert-16S-eDNA-R1	https://doi.org/10.1007/s12686-016-0550-y	Paired	NovaSeq6000	AGTGGGGTATCTAATCCCAGTTTGGGTCTTAGCTATTGTGTGTTCAGATATGTTAAAGCCACTTTCGTAGTCTATTTTGTGTCAACTGGAGTTTTTTACAACTCAGGTGAGTTTTAGCTTTATTGGGGAGGGGGTGATCTAAAACACTCTTTACGCCGGCTTCTATTGACTTGGGTTAATCGTGTGACCGCGGTGGCTGG	asv.358_EE0531
16S	AGACGAGAAGACCCYdTGGAGCTT	GATCCAACATCGAGGTCGTAA	Vert-16S-eDNA-F1	Vert-16S-eDNA-R1	https://doi.org/10.1007/s12686-016-0550-y	Paired	NovaSeq6000	AGTGGGGTATCTAATCCCAGTTTGTGCCCTGGCTTTCGTGGGTTCGGGGGCGGGGTAAAGCCACTTTCGTGGTGGGGCTTCGAGTTCTCGGGAGCGTATAACAGCGTTGAGAATGTTCGGCTTTATTTTGTAAAAACCCTTAACCACCCTTTACGCCGATTCCTGTCAACTTGGGCCTCTCGTATAACCGCGGTTGCTGG	asv.372_EE0528
16S	AGACGAGAAGACCCYdTGGAGCTT	GATCCAACATCGAGGTCGTAA	Vert-16S-eDNA-F1	Vert-16S-eDNA-R1	https://doi.org/10.1007/s12686-016-0550-y	Paired	NovaSeq6000	GGAACTGGTTGAACAGTTTATCCCCCTTTATCTGCTATAGAGGGCGGCGGAATGGATTGTTTACTAATTTCTTTACAATTTGCTGGAGCATCTTCCATTATGGGCGCTATAAATTTTGTTACTACAATATTATATAATAGGGCTTCAGGTATGCAAATCTATCAAATGTCAATGTTTTGTTGATCAGTTTTAGTTACAGC	asv.434_EE0526
16S	AGACGAGAAGACCCYdTGGAGCTT	GATCCAACATCGAGGTCGTAA	Vert-16S-eDNA-F1	Vert-16S-eDNA-R1	https://doi.org/10.1007/s12686-016-0550-y	Paired	NovaSeq6000	AGTGAGGTATCTAATCTCAGTTTGTGGCATAGCTTTCGTGGGTTCAGGGTTTTAAAGTCACTTTCGTGGTTGATTTTCGTACTTTCATATGCGTATAACAGCTCGGAGGTCGTTCTTCTTTAGTTTTGGTTTCTCTTAACCACTCTTTACGCCGAAGGCCATCTACTTGGGTCTCTCGTATAACCGCGGTGGCTGGCACG	asv.460_EE0526
16S	AGACGAGAAGACCCYdTGGAGCTT	GATCCAACATCGAGGTCGTAA	Vert-16S-eDNA-F1	Vert-16S-eDNA-R1	https://doi.org/10.1007/s12686-016-0550-y	Paired	NovaSeq6000	AGTGAGGTATCTAATCTCAGTTTGTGCCCTAGCTTTCGTGGGTTCAGTTAACATAAAGCCACTTTCGTAGTTGGGCTTCTTACCTTCGGGTGCGTATGACAGCTTTGAAGGTGTTCGGCTCTAGTTGAATGAGTTTCCCTAACCACTCTTTACGCCGGTGTCTAACAACTTGGGTCTCTCGTATAACCGCGGTGGCTGGC	asv.468_EE0528
16S	AGACGAGAAGACCCYdTGGAGCTT	GATCCAACATCGAGGTCGTAA	Vert-16S-eDNA-F1	Vert-16S-eDNA-R1	https://doi.org/10.1007/s12686-016-0550-y	Paired	NovaSeq6000	GTCGGTAAAACTCGTGCCAGCAGCCGCGGTGATACGAGAGGTACTAGTGTTGTTCGGATTTATTGGGTATAAAGGGTGCGTAGACGGTTTAGTAAGTTACAGGTAAATAATGGAGCTCAACTCCATCAAATCTGATAATACTGCTAGACTAGAGGATGGAGGAAGTAAATGGAATTTCTAGTGGAGTTGTGAAAAGCTTA	asv.476_EE0524
16S	AGACGAGAAGACCCYdTGGAGCTT	GATCCAACATCGAGGTCGTAA	Vert-16S-eDNA-F1	Vert-16S-eDNA-R1	https://doi.org/10.1007/s12686-016-0550-y	Paired	NovaSeq6000	ATTATTATTATCTTTACCTGTTTTAGCTGGAGCTATTACTATGCTATTAACAGATCGTAATTTTAATACAACATTTTTTGATCCTGCAGGAGGAGGAGATCCTGTTTTATACCAACATCTTTTTTGATTCTTCGGCCATCCCGAAGTCTA	asv.702_EE0528
16S	AGACGAGAAGACCCYdTGGAGCTT	GATCCAACATCGAGGTCGTAA	Vert-16S-eDNA-F1	Vert-16S-eDNA-R1	https://doi.org/10.1007/s12686-016-0550-y	Paired	NovaSeq6000	GAGTGGTTAAGTACTATACTTTACTAAAGCCAAACACCTTCAAAGCTGTTATACGCACCCGAAGGTCAGAAGCCCAATCACGAAAGTGGCTTTAAACTAACTGAACCCACGAAAGCTAGGGCACAAACTGGGATTAGATACCCCACTATG	asv.765_EE0526
16S	AGACGAGAAGACCCYdTGGAGCTT	GATCCAACATCGAGGTCGTAA	Vert-16S-eDNA-F1	Vert-16S-eDNA-R1	https://doi.org/10.1007/s12686-016-0550-y	Paired	NovaSeq6000	GTTTTGTGTGAACGTTACGGCATTGATAACTCACACCGTACGCTCCACGGGGCATTGCTCGATGCGGAGATTCTAGCTGACGTTTACCTACTGATGACTGGTGGACAAACAAGCCTAGAATTCAACGCTAACAAGAGTGACGGGCGGTGT	asv.785_EE0524
16S	AGACGAGAAGACCCYdTGGAGCTT	GATCCAACATCGAGGTCGTAA	Vert-16S-eDNA-F1	Vert-16S-eDNA-R1	https://doi.org/10.1007/s12686-016-0550-y	Paired	NovaSeq6000	TCTACGCATTTCACCGCTCCACTGGAAATTCCCTTTACCCCTACTATACTCTAGCCTAACAGTTTCGACTGCGATTTCGAAGTTGAGCTTCAAGATTTAACAGTTGACTTGTTAAGCCACCTACAGACGCTTTACGCCCAGTGATTCCGG	asv.791_EE0528
16S	AGACGAGAAGACCCYdTGGAGCTT	GATCCAACATCGAGGTCGTAA	Vert-16S-eDNA-F1	Vert-16S-eDNA-R1	https://doi.org/10.1007/s12686-016-0550-y	Paired	NovaSeq6000	CTTCGTAGTTTATTTTATTTCAGCTAGGGTTTTTTACAACTTAGATGAAGCTTAGCTTTATTGAGAACAGATCTAAAACACTCTTTAAGCTGGGTTCTATTAGCTTGGGTTAATCGTATGGCTGCGGTGGCTGGCACGAGTTTTACCGAC	asv.795_EE0526
16S	AGACGAGAAGACCCYdTGGAGCTT	GATCCAACATCGAGGTCGTAA	Vert-16S-eDNA-F1	Vert-16S-eDNA-R1	https://doi.org/10.1007/s12686-016-0550-y	Paired	NovaSeq6000	TAGACAAAGAATGGACCCTGTAAATTAACTCTTTAAAAGTGCAAACATAAAAGGAACCCATTCCTATGTCTTTGGTTGGGACGACCGCGGGGAAACACGAAATCCCCACGTGGTATTTAAGAATACTTCTTTGAACCTAGAGAGACAACTCAAAGTAACAAAAATTTTGACCTTTATGACCCGGCACTTTCATGCCGATCAACGAAACTAGTTACCCCAGGGATAACAGCGCAATCCTCTCCCAGAGCCCATATCGACAAGAGGGT	asv.303_EE0526
16S	AGACGAGAAGACCCYdTGGAGCTT	GATCCAACATCGAGGTCGTAA	Vert-16S-eDNA-F1	Vert-16S-eDNA-R1	https://doi.org/10.1007/s12686-016-0550-y	Paired	NovaSeq6000	GTCGGTAAAACTCGTGCCAGCAGCCGCGGTAATACGGAGGGTGCGAGCGTTAATCGGAATTACTGGGCGTAAAGCGCATGCAGGTGGTTTGTTAAGTCAGATGTGAAAGCCCGGGGCTCAACCTCGGAATAGCATTTGAAACTGGCAGACTAGAGTACTGTAGAGGGGGGTAGAATTTCAGGTGTAGCGGTGAAATGCGT	asv.355_EE0539
16S	AGACGAGAAGACCCYdTGGAGCTT	GATCCAACATCGAGGTCGTAA	Vert-16S-eDNA-F1	Vert-16S-eDNA-R1	https://doi.org/10.1007/s12686-016-0550-y	Paired	NovaSeq6000	AGTGAGGTATCTAATCTCAGTTTGTTCCTCAGCTTTCGTGGGATCAGGTTTAATAAAGCTACTTTCGTAAGGGGGCTTCTTAACTCGGAAGCGTTAAACAGCTTTGAGGACGTTCGGCTTTAGTTTAGTATTTTCCCTAACCACGCTTTACGCCGTAGTCTGTCAACTTGAGCCTCCCGTCTAACCGCGGTGGCTGGCAC	asv.426_EE0528
16S	AGACGAGAAGACCCYdTGGAGCTT	GATCCAACATCGAGGTCGTAA	Vert-16S-eDNA-F1	Vert-16S-eDNA-R1	https://doi.org/10.1007/s12686-016-0550-y	Paired	NovaSeq6000	GTCGGTAAAACTCGTGCCAGCAGCCGCGGTAATACGGGAGGGGCAAGCGTTATTCAGAATAACTGGGCGTAAAGAGTCCGTAGACTGTAATACAAGTTATTTGTTAAATTTTATAGCTTAACTATAAAAAGGCTTTTAATACTGTTTTACTTGAGTTTTATGCAGAAGAGTAGAATTTTATGAGTAGAAGATCTTTTCAA	asv.445_EE0528
16S	AGACGAGAAGACCCYdTGGAGCTT	GATCCAACATCGAGGTCGTAA	Vert-16S-eDNA-F1	Vert-16S-eDNA-R1	https://doi.org/10.1007/s12686-016-0550-y	Paired	NovaSeq6000	GGGTTGGTAAATTTCGTGCCAGCCACCGCGGTTATACGAGGGGCCCAAGTTAACAGAACCTCGGCGTAAAGCGTGGTTAGATAACAATGAACTAAAGCCGAATACTCTCGAGGCTGTTATACGCACCTGAGAGCCAGAAGCCCCACTACGAAAGTGGCTTTACCTAATTTGAACCCACGAAAGCTAAGACACAAACTGGG	asv.449_EE0528
16S	AGACGAGAAGACCCYdTGGAGCTT	GATCCAACATCGAGGTCGTAA	Vert-16S-eDNA-F1	Vert-16S-eDNA-R1	https://doi.org/10.1007/s12686-016-0550-y	Paired	NovaSeq6000	CCGGTACACTTACCATGGCGAAGAAAATCTTCCCAGGCAAACGAAACAACCTCGACGTTTTGTGTGAACGTTACGGCATTGATAACTCACACCGTACGCTCCACGGGGCATTGCTCGATGCGGAGATTCTAGCTGACGTTTACCTACTGATGACTGGTGGACAAACAAGCCTAGAATTCAACGCTAACAAGAGTGACGGG	asv.478_EE0524
16S	AGACGAGAAGACCCYdTGGAGCTT	GATCCAACATCGAGGTCGTAA	Vert-16S-eDNA-F1	Vert-16S-eDNA-R1	https://doi.org/10.1007/s12686-016-0550-y	Paired	NovaSeq6000	AGTGAGGTATCTAATCTCAGTTTGTGCCTCAGCTTACGTGGGGTCAGGTAGGGTTAAAGCCACTTTCGTGGTGGGGCTTCTTATCTTCGTTGGCGTACGACGGCCCTGAAGATATTCGGCTTTAGTATGTCATTTTTCCTAACCACTCTTTACGCCGGCATCTGTCAACTCAGGCCTCTCGTATAACCGCGGTGGCTGGC	asv.479_EE0524
16S	AGACGAGAAGACCCYdTGGAGCTT	GATCCAACATCGAGGTCGTAA	Vert-16S-eDNA-F1	Vert-16S-eDNA-R1	https://doi.org/10.1007/s12686-016-0550-y	Paired	NovaSeq6000	TGGTCCAGACAGTCGCCTTCGCCACTGATGTTCCTCCAGATATCTACGCATTTCACCGCTACACCTGGAATTCCACTATCCTCTACCAAACTCTAGCTAAGCAGTATCAAAAGCAATTCCCAGGTTGAGCCCGGGGCTTTCACTTCTGACTGACTTAGCCGCCTACGCGCGCTTTACGCCCAGTAATTCCGATTAACGCT	asv.480_EE0524
16S	AGACGAGAAGACCCYdTGGAGCTT	GATCCAACATCGAGGTCGTAA	Vert-16S-eDNA-F1	Vert-16S-eDNA-R1	https://doi.org/10.1007/s12686-016-0550-y	Paired	NovaSeq6000	GTTGGTAAATCTCGTGCCAGCAGCCGCGGTGATACGAGAGGTACTAGTGTTGTTCGGATTTATTGGGTATAAAGGGTGCGTAGACGGTTTAGTAAGTTACAGGTAAATAATGGAGCTCAACTCCATCAAATCTGATAATACTGCTAGACTAGAGGATGGAGGAAGTAAATGGAATTTCTAGTGGAGTTGTGAAAAGCTTA	asv.482_EE0524
16S	AGACGAGAAGACCCYdTGGAGCTT	GATCCAACATCGAGGTCGTAA	Vert-16S-eDNA-F1	Vert-16S-eDNA-R1	https://doi.org/10.1007/s12686-016-0550-y	Paired	NovaSeq6000	AGTGAGGTATCTAATCTCAGTTTGTTCCTTAGCTTTCGTGGGTTCAAGGTGTTAAGGCTACTTTCGTTAGGGGGCTTCTAGCATTTAATTACGTATAACAGTTTTAACTGCATTCGGCCTTAGTACTTACTATTTTAACCACGCTTTACGCCGAGGAGCTGTCAGCTTGGGCCTCTCGTATAACCGCGGTGGCTGGCACG	asv.484_EE0526
16S	AGACGAGAAGACCCYdTGGAGCTT	GATCCAACATCGAGGTCGTAA	Vert-16S-eDNA-F1	Vert-16S-eDNA-R1	https://doi.org/10.1007/s12686-016-0550-y	Paired	NovaSeq6000	GTCGGTAAAACTCGTGCCAGCAGCCGCGGTAATACGTATGTCGCAAGCGTTATCCGGATTTATTGGGCGTAAAGCGCGTCTAGGCGGATTATTAAGTCTGATGTGAAAATGCGGGGCTCAACTCCGTATTGCGTTGGAAACTGGTAATCTAGAGTACTGGAGAGGTGGGCGGAACTACAAGTGTAGAGGTGAAATTCGTA	asv.486_EE0526
16S	AGACGAGAAGACCCYdTGGAGCTT	GATCCAACATCGAGGTCGTAA	Vert-16S-eDNA-F1	Vert-16S-eDNA-R1	https://doi.org/10.1007/s12686-016-0550-y	Paired	NovaSeq6000	GTAGTCTATTTTGTGTCAACTGGAGTTTTTTACAACTCAGGTGAGTTTTAGCTTTATTGGGGAGGGGGTGATCTAAAACACTCTTTACGCCGGCTTCTATTGACTTGGGTTAATCGTGTGACCGCGGTGGCTGGCACGAGTTTTACCGAC	asv.626_EE0539
16S	AGACGAGAAGACCCYdTGGAGCTT	GATCCAACATCGAGGTCGTAA	Vert-16S-eDNA-F1	Vert-16S-eDNA-R1	https://doi.org/10.1007/s12686-016-0550-y	Paired	NovaSeq6000	CGTGATTGGGCTTCTAGCCTTCGGGTGCGTATAACAGCTTTGAAGGTGTTTGGCTTTAGTCGAGTATAGTACTTAACCACTCTTTACGCCGATTGCCTGTCAACTTGGGTCTCTCGTATAACCGCGGTGGCTGGCACGAGATTTACCAAC	asv.704_EE0526
16S	AGACGAGAAGACCCYdTGGAGCTT	GATCCAACATCGAGGTCGTAA	Vert-16S-eDNA-F1	Vert-16S-eDNA-R1	https://doi.org/10.1007/s12686-016-0550-y	Paired	NovaSeq6000	TAGACACTAAGCCAGACTTTGTTAAGCACCCCTTTCAAAGGACTAAACTAATTGCAACCTGGCCTGATGTCTTTGGTTGGGGCGACCTCGGGGAAACAAAAAACCCCCGCGTGGAATGGAAGAACTCCTCTTCTAGAACCAAGAGCTACCGCTCAAATTGACAGAATATCTGACCAATTACAGATCCGGCTTTAACACCGATCAACGGACCGAGTTACCCCAGGGATAACAGCGCAATCCTCTTTTAGAGCCCATATCGACAAGAGGGT	asv.73_EE0526
16S	AGACGAGAAGACCCYdTGGAGCTT	GATCCAACATCGAGGTCGTAA	Vert-16S-eDNA-F1	Vert-16S-eDNA-R1	https://doi.org/10.1007/s12686-016-0550-y	Paired	NovaSeq6000	AAGAGTGGTTAATATTACTTTGAATTAAAGACGAATATTTTCAGAACTGTTATACGTTCCTGAGAACTAGAATCCCCACTACGAAAGTGACTTTATGTTATTGAGGCCACGAAAGCTAAGACACAAACTGGGATTAGATACCCCACTATG	asv.736_EE0528
16S	AGACGAGAAGACCCYdTGGAGCTT	GATCCAACATCGAGGTCGTAA	Vert-16S-eDNA-F1	Vert-16S-eDNA-R1	https://doi.org/10.1007/s12686-016-0550-y	Paired	NovaSeq6000	TCTATTATTATCATTACCTGTTTTAGCTGGTGCAATTACTATGCTATTAACTGATCGTAATTTTAATACTACTTTCTTTGATCCAGCTGGAGGAGGAGATCCTGTGTTATATCAGCACCTTTTCTGATTTTTTGGCCATCCCGAAGTCTA	asv.749_EE0528
16S	AGACGAGAAGACCCYdTGGAGCTT	GATCCAACATCGAGGTCGTAA	Vert-16S-eDNA-F1	Vert-16S-eDNA-R1	https://doi.org/10.1007/s12686-016-0550-y	Paired	NovaSeq6000	TTCGTAAGGGGGCTTCTTAACTCGGAAGCGTTAAACAGCTTTGAGGACGTTCGGCTTTAGTTTAGTATTTTCCCTAACCACGCTTTACGCCGTAGTCTGTCAACTTGAGCCTCCCGTCTAACCGCGGTGGCTGGCACGAGTTTTACCGAC	asv.751_EE0526
16S	AGACGAGAAGACCCYdTGGAGCTT	GATCCAACATCGAGGTCGTAA	Vert-16S-eDNA-F1	Vert-16S-eDNA-R1	https://doi.org/10.1007/s12686-016-0550-y	Paired	NovaSeq6000	TAGTTGGGCTTCTTACCTTCGGGTGCGTATGACAGCTTTGAAGGTGTTCGGCTCTAGTTGAATGAGTTTCCCTAACCACTCTTTACGCCGGTGTCTAACAACTTGGGTCTCTCGTATAACCGCGGTGGCTGGCACGAAATTTACCAACCC	asv.776_EE0528
16S	AGACGAGAAGACCCYdTGGAGCTT	GATCCAACATCGAGGTCGTAA	Vert-16S-eDNA-F1	Vert-16S-eDNA-R1	https://doi.org/10.1007/s12686-016-0550-y	Paired	NovaSeq6000	ACTTCTTCTATCCTTACCAGTGCTAGCCGGAGCAATCACTATATTACTTACAGACCGTAATATTAATACAGCATTCTTTGATCCTGCAGGAGGCGGAGATCCAATTCTATACCAACACCTATTCTGATTCTTTGGCCACCCCGAAGTCTA	asv.800_EE0526
16S	AGACGAGAAGACCCYdTGGAGCTT	GATCCAACATCGAGGTCGTAA	Vert-16S-eDNA-F1	Vert-16S-eDNA-R1	https://doi.org/10.1007/s12686-016-0550-y	Paired	NovaSeq6000	TAGGCAACAAGCAGACCGTACCAAACAACCCTTATAAAGGAACTAAACATACGTAAACCTGTCCTAATGCCTTTGGTTGGGGCGACCGCGGGGAAACAAAAAACCCCCATGTGGAATGGGACGACCCGTCCCTCAAAAAAGAGCCCCCGCTCTAAAAAACAGAACATCTGACCTTAAGATCCGGCAAAACCGATCAACGAACCGAGTTACCCTAGGGATAACAGCGCAATCCCCTTACAGAGCCCGTATCGACAAGGGGGT	asv.304_EE0526
16S	AGACGAGAAGACCCYdTGGAGCTT	GATCCAACATCGAGGTCGTAA	Vert-16S-eDNA-F1	Vert-16S-eDNA-R1	https://doi.org/10.1007/s12686-016-0550-y	Paired	NovaSeq6000	GTTGGTAAATCTCGTGCCAGCCACCGCGGTTATACGAGAGGCCCAAGTTGATAGACCCTCGGCGTAAAGAGTGGTTAATATTACTTTGAATTAAAGACGAATATTTTCAGAACTGTTATACGTTCCTGAGAACTAGAATCCCCACTACGAAAGTGACTTTATGTTATTGAAGCCACGAAAGCTAAGACACAAACTGGGAT	asv.397_EE0528
16S	AGACGAGAAGACCCYdTGGAGCTT	GATCCAACATCGAGGTCGTAA	Vert-16S-eDNA-F1	Vert-16S-eDNA-R1	https://doi.org/10.1007/s12686-016-0550-y	Paired	NovaSeq6000	GGGTTGGTAAATTTCGTGCCAGCCGCGGTAATACGGAGGGTGCGAGCGTTAATCGGAATTACTGGGCGTAAAGCGCGCGTAGGTGGCTTGGCACGCCGGTTGTGAAAGCCCCGGGCTCAACCTGGGAACCGCATCCGGAACGGCCAGGCTAGAGTGCAGGAGAGGAAGGTAGAATTCCCGGTGTAGCGGTGAAATGCGTA	asv.440_EE0524
16S	AGACGAGAAGACCCYdTGGAGCTT	GATCCAACATCGAGGTCGTAA	Vert-16S-eDNA-F1	Vert-16S-eDNA-R1	https://doi.org/10.1007/s12686-016-0550-y	Paired	NovaSeq6000	GGTACAGGTTGAACTGTTTACCCCCCTCAAGCAATTTTAGAAGGAACCCCAGGAGCTGGATGGGGAATAATGTTAATGTGTATATCTCTAATTTTGTTCGTAGCAGGGTTTACTATGGGTGGCTTAAACTATTTGATTACAGTTCTTCAAGCTAGAACAAGAGGAATGACATTAATGAGAATGCCCCTAACAGTTTGGGG	asv.444_EE0526
16S	AGACGAGAAGACCCYdTGGAGCTT	GATCCAACATCGAGGTCGTAA	Vert-16S-eDNA-F1	Vert-16S-eDNA-R1	https://doi.org/10.1007/s12686-016-0550-y	Paired	NovaSeq6000	GGTACAGGATGAACAGTTTACCCTCCGTTAGCGATTTCACAAGGTGTTGGGGTTGATTTTGCTATATTTAGTTTACATTTAGCCGGTGTTTCATCATTGATGGGTGCTATTAATTTTATTACTACAATATTTAATATGCGAATGCCTGGTCAAGTGCTATATTTTTTACCGTTGTTTGTTTGAGCTGTGTTAGTTACAGC	asv.467_EE0528
16S	AGACGAGAAGACCCYdTGGAGCTT	GATCCAACATCGAGGTCGTAA	Vert-16S-eDNA-F1	Vert-16S-eDNA-R1	https://doi.org/10.1007/s12686-016-0550-y	Paired	NovaSeq6000	AGTGAGGTATCTAATCTCAGTTTGTACCATAGCTTCCGTGGGTTCAAAAGAATAAAGCCACTTTCGTTGAGGTTCTTCTAATGTCCAAGAACGTATGACAGTTGTGGAGGCATTCGGCTTTAGTTTAATTATATTCTAACCACTCTTTACGCCGAGGGTCTGTCAGCTCGGGCCTCTCGTATGACCGCGGTGGCTGGCAC	asv.489_EE0528
16S	AGACGAGAAGACCCYdTGGAGCTT	GATCCAACATCGAGGTCGTAA	Vert-16S-eDNA-F1	Vert-16S-eDNA-R1	https://doi.org/10.1007/s12686-016-0550-y	Paired	NovaSeq6000	GTAGTCTATTTTGTGTCAACTGGAGTTTTTTACAACTCAGGTGAGTTTTAGCTTTATTGGGGAGGGGGTGATCTAAAACACTCTTTACGCCGGCTTCTATTGACTTGGGTTAATCGTGTGACCGCGGTGGCTGGCACGAGTTTTACCGAC	asv.626_YE-08
16S	AGACGAGAAGACCCYdTGGAGCTT	GATCCAACATCGAGGTCGTAA	Vert-16S-eDNA-F1	Vert-16S-eDNA-R1	https://doi.org/10.1007/s12686-016-0550-y	Paired	NovaSeq6000	AGTCTATTTTGTGTCAACTGGAGTTTTTTACAACTCAGGTGAGTTTTAGCTTTATTGGGGAGGGGGTGATCTAAAACACTCTTTACGCCGGCTTCTATTGACTTGGGTTAATCGTGTGACCGCGGTGGCTGGCACGAAATTGACCAGTCC	asv.634_EE0541
16S	AGACGAGAAGACCCYdTGGAGCTT	GATCCAACATCGAGGTCGTAA	Vert-16S-eDNA-F1	Vert-16S-eDNA-R1	https://doi.org/10.1007/s12686-016-0550-y	Paired	NovaSeq6000	TTTATTATTATCATTACCAGTTTTAGCAGGAGCAATTACCATGCTTTTAACTGATAGAAACTTCAATACCACTTTCTTTGATCCAGCAGGTGGTGGTGATCCTGTGCTTTATCAGCATTTATTTTGGTTCTTTGGCCATCCCGAAGTCTA	asv.688_EE0526
16S	AGACGAGAAGACCCYdTGGAGCTT	GATCCAACATCGAGGTCGTAA	Vert-16S-eDNA-F1	Vert-16S-eDNA-R1	https://doi.org/10.1007/s12686-016-0550-y	Paired	NovaSeq6000	GGTTGATTTTCTAGTTTTCATGAGCGTATAACAGCTTTGAAGAAATTCAGCTCTAGTTTGAAATAGGTCCTTAGCCACCCTTTACGCCGAATGTTTTTCAACTTGGGCCTTTCGTATAACCGCGGTGGCTGGCACGAAATTTACCAACCC	asv.707_EE0528
16S	AGACGAGAAGACCCYdTGGAGCTT	GATCCAACATCGAGGTCGTAA	Vert-16S-eDNA-F1	Vert-16S-eDNA-R1	https://doi.org/10.1007/s12686-016-0550-y	Paired	NovaSeq6000	TCTATTATTATCATTACCTGTTTTAGCTGGTGCAATTACTATGCTATTAACTGATCGTAATTTTAATACTACTTTCTTTGATCCAGCTGGAGGAGGAGATCCTGTGTTATATCAGCACCTTTTCTGATTTTTTGGCCATCCCGAAGTCTA	asv.749_EE0526
16S	AGACGAGAAGACCCYdTGGAGCTT	GATCCAACATCGAGGTCGTAA	Vert-16S-eDNA-F1	Vert-16S-eDNA-R1	https://doi.org/10.1007/s12686-016-0550-y	Paired	NovaSeq6000	TTCTTTTATTACTTTCTTTACCTGTTTTAGCTGGGGCTATCACAATGCTATTAACGGATAGAAATTTTAATACTTCATTCTTTGATCCAAATGGTGGTGGTGATCCTGTTTTATACCAGCATTTATTTTGATTCTTCGGCCACCCCGAAG	asv.768_EE0526
16S	AGACGAGAAGACCCYdTGGAGCTT	GATCCAACATCGAGGTCGTAA	Vert-16S-eDNA-F1	Vert-16S-eDNA-R1	https://doi.org/10.1007/s12686-016-0550-y	Paired	NovaSeq6000	TCGTGGTGGTTCTTCTTACCTCCGGAAGCGTATAACAGCTTTGGGGGCATTCGGCTTTAATAAATTAGACATCTTAACCACTCTTTACGCCGTAGGCTATCAACTTGGGCCTCTCGTATAACCGCGGTGGCTGGCACGAGATTTACCAAC	asv.802_EE0528
16S	AGACGAGAAGACCCYdTGGAGCTT	GATCCAACATCGAGGTCGTAA	Vert-16S-eDNA-F1	Vert-16S-eDNA-R1	https://doi.org/10.1007/s12686-016-0550-y	Paired	NovaSeq6000	TGAGTCTCTTACTTTCGGGTTAACGTATAACGATTATGAAAGCATTTAACTTTAGTAGTAAAATTGTATCCTAACCACCTTTTGCGCCGATATCTATTAACTCGGGCCATCTCGTATAACCGCGGTGGCTGGCACGAAATTTACCAACCC	asv.804_EE0528
16S	AGACGAGAAGACCCYdTGGAGCTT	GATCCAACATCGAGGTCGTAA	Vert-16S-eDNA-F1	Vert-16S-eDNA-R1	https://doi.org/10.1007/s12686-016-0550-y	Paired	NovaSeq6000	GTTGGTAAATCTCGTGCCAGCAGCCGCGGTAATACGGAGGGTGCGAGCGTTAATCGGAATTACTGGGCGTAAAGCGCATGCAGGTGGTTTGTTAAGTCAGATGTGAAAGCCCGGGGCTCAACCTCGGAATAGCATTTGAAACTGGCAGACTAGAGTACTGTAGAGGGGGTAGAATTTCAGGTGTAGCGGTGAAATGCGTA	asv.349_EE0539
16S	AGACGAGAAGACCCYdTGGAGCTT	GATCCAACATCGAGGTCGTAA	Vert-16S-eDNA-F1	Vert-16S-eDNA-R1	https://doi.org/10.1007/s12686-016-0550-y	Paired	NovaSeq6000	AGTGAGGTATCTAATCTCAGTTTGTGCCCTAGCTTTCGTGGAATCAGATATGATAGAGCCACTTTCGTAGTTGGGCTTCTTACCTTCGAGAGCGTATAACAGCTTTGAGGGTATTTGGCTCTAGTTTTTGTACATCTTAACCACTCTTTACGCCGATGACTGTCAACTTGAGTCTCTCGTATAACCGCGGTGGCTGGCAC	asv.381_EE0526
16S	AGACGAGAAGACCCYdTGGAGCTT	GATCCAACATCGAGGTCGTAA	Vert-16S-eDNA-F1	Vert-16S-eDNA-R1	https://doi.org/10.1007/s12686-016-0550-y	Paired	NovaSeq6000	GGAACTGGTTGAACAGTTTATCCCCCTTTATCTGCTATAGAGGGCGGCGGAATGGATTGTTTACTAATTTCTTTACAATTTGCTGGAGCATCTTCCATTATGGGCGCTATAAATTTTGTTACTACAATATTATATAATAGGGCTTCAGGTATGCAAATCTATCAAATGTCAATGTTTTGTTGATCAGTTTTAGTTACAGC	asv.434_EE0528
16S	AGACGAGAAGACCCYdTGGAGCTT	GATCCAACATCGAGGTCGTAA	Vert-16S-eDNA-F1	Vert-16S-eDNA-R1	https://doi.org/10.1007/s12686-016-0550-y	Paired	NovaSeq6000	GGGTTGGTAAATTTCGTGCCAGCCGCGGTAATACGGAGGGTGCGAGCGTTAATCGGAATTACTGGGCGTAAAGCGCATGCAGGCGGCTTGTTAAGCCAGATGTGAAAGCCCGGGGCTCAACCTCGGAATAGCATTTGGAACTGGCAGGCTAGAGTCTTGTAGAGGGGGGTAGAATTTCAGGTGTAGCGGTGAAATGCGTA	asv.481_EE0537
16S	AGACGAGAAGACCCYdTGGAGCTT	GATCCAACATCGAGGTCGTAA	Vert-16S-eDNA-F1	Vert-16S-eDNA-R1	https://doi.org/10.1007/s12686-016-0550-y	Paired	NovaSeq6000	AGTGAGGTATCTAATCTCAGTTTGTGCCCTAGCTTTCGTGGGGTCAAATGTGTAAAGCCACTTTCGTGGTTGGGCTTCTTGCTCTCATGAACGTATAACAGTTATGAGGATATTTGGCTTTAGTTTTTCTAGCATTTTAACCACTCTTTACGCCGGAGGCCATCTACTTGGGTTCCTCGTATAACCGCGGTGGCTGGCAC	asv.483_EE0528
16S	AGACGAGAAGACCCYdTGGAGCTT	GATCCAACATCGAGGTCGTAA	Vert-16S-eDNA-F1	Vert-16S-eDNA-R1	https://doi.org/10.1007/s12686-016-0550-y	Paired	NovaSeq6000	GTCGGTAAACTCGTGCCAGCAGCCGCGGTAATACGAAGGGGGCTAGCGTTGTTCGGAATCACTGGGCGTAAAGCGCGCGTAGGCGGATTGATAAGTTAGGGGTGAAATCCCGAGGCTCAACCTCGGAACTGCCTTTGATACTGTCAGTCTTGAGTTCGAGAGAGGTGAGTGGAACTCCGAGTGTAGAGGTGAAATTCGTA	asv.487_EE0531
16S	AGACGAGAAGACCCYdTGGAGCTT	GATCCAACATCGAGGTCGTAA	Vert-16S-eDNA-F1	Vert-16S-eDNA-R1	https://doi.org/10.1007/s12686-016-0550-y	Paired	NovaSeq6000	CCGGTACACTTACCATGGCAGCTAAGTGGCAGAGAACATCCAGGTGATCATTGGCAGCTGCTATGTGCAGAGGTGTGTGTGCATCTACAGAGCGGGAGATATTGATGTGTCTCTCAGCAGGAAAGTAGTCGGTGCATAGCTCCAAAGCACTGTAAGGTTGGTAGGAGAAAAGGAGATGGGAAGGGAGGGTAAAAGTAAGG	asv.490_EE0526
16S	AGACGAGAAGACCCYdTGGAGCTT	GATCCAACATCGAGGTCGTAA	Vert-16S-eDNA-F1	Vert-16S-eDNA-R1	https://doi.org/10.1007/s12686-016-0550-y	Paired	NovaSeq6000	AGTGAGGTATCTAATCTCAGTTTGTGCCTTAGCTTTCGTGGGTTCAGAATCAATAGGGCCACTTTCGTTGTTGTTCTTCTTGCTTTCGGGTGCGTAAAACAGCCTTGAAAGCATTCGGCCCTAGTTTAGTTGTGTTTCTCCTAACCACTCTTTACGCCGATGTCTGTCAGCTTGGGCCCCTCGTATAACCGCGGTGGCTG	asv.492_EE0528
16S	AGACGAGAAGACCCYdTGGAGCTT	GATCCAACATCGAGGTCGTAA	Vert-16S-eDNA-F1	Vert-16S-eDNA-R1	https://doi.org/10.1007/s12686-016-0550-y	Paired	NovaSeq6000	GCACCAGCAAGAACAGGGAGCCTCAGTAGAAGAAGAATAGCAGTTACTAACACTGATCAAGCGAAAAGAGGCATTCGGTCTGAATGCAATCCAAATGTTCGAAGATTACCCAGCGTTCTAATAAAATTTACGGCCCCTAATAGAGAAGAAACTCCTGCTAGATGCAAAGAAAAAATGGCAAAGTCCACCGAAGCGCCAGC	asv.493_EE0528
16S	AGACGAGAAGACCCYdTGGAGCTT	GATCCAACATCGAGGTCGTAA	Vert-16S-eDNA-F1	Vert-16S-eDNA-R1	https://doi.org/10.1007/s12686-016-0550-y	Paired	NovaSeq6000	AGTGAGGTATCTAATCTCAGTTTGTATCTTAGCTTTCGTGGGTTCAAAATAATAAAGCCACTTTCGTTGGTGAACTTCTAGTATCCAATAACGTATAACAGTTTTGGATACATTCGGCTTTAGTTAGTATCCATTTTAACCACTCTTTACGCCGAGGTTAAATCAACTTGGGCCTCTCGTATAACCGCGGTGGCTGGCAC	asv.494_EE0528
16S	AGACGAGAAGACCCYdTGGAGCTT	GATCCAACATCGAGGTCGTAA	Vert-16S-eDNA-F1	Vert-16S-eDNA-R1	https://doi.org/10.1007/s12686-016-0550-y	Paired	NovaSeq6000	GTCGGTAAAACTCGTGCCAGCAGCCGCGGTAATACGGAGGGTGCAAGCGTTGTTCGGAATTATTGGGCGTAAAGAGCATGTAGGCGGACTGTTAAGTCTGGTGTGAAAGCCCGGGGCTCAACCCCGGAAGTGCATCGGATACTGGCAGTCTTGAGTATGGGAGAGGAAAGTGGAATTCCGAGTGTAGGAGTGAAATCCGT	asv.495_EE0539
16S	AGACGAGAAGACCCYdTGGAGCTT	GATCCAACATCGAGGTCGTAA	Vert-16S-eDNA-F1	Vert-16S-eDNA-R1	https://doi.org/10.1007/s12686-016-0550-y	Paired	NovaSeq6000	TCTACGCATTTCACCGCTACACCTGAAATTCTACCCCCCTCTACAGTACTCTAGTCTGCCAGTTTCAAATGCTATTCCGAGGTTGAGCCCCGGGCTTTCACATCTGACTTAACAAACCACCTGCATGCGCTTTACGCCCAGTAATTCCGA	asv.619_EE0531
16S	AGACGAGAAGACCCYdTGGAGCTT	GATCCAACATCGAGGTCGTAA	Vert-16S-eDNA-F1	Vert-16S-eDNA-R1	https://doi.org/10.1007/s12686-016-0550-y	Paired	NovaSeq6000	TTCGTAAGGGGGCTTCTTAACTCGGAAGCGTTAAACAGCTTTGAGGACGTTCGGCTTTAGTTTAGTATTTTCCCTAACCACGCTTTACGCCGTAGTCTGTCAACTTGAGCCTCCCGTCTAACCGCGGTGGCTGGCACGAGTTTTACCGAC	asv.751_EE0528
16S	AGACGAGAAGACCCYdTGGAGCTT	GATCCAACATCGAGGTCGTAA	Vert-16S-eDNA-F1	Vert-16S-eDNA-R1	https://doi.org/10.1007/s12686-016-0550-y	Paired	NovaSeq6000	ATTGGGCTTCTTACTTTCGTAAGCGTACAACTGCTATGAAGATTTTCGGCTTTAGTTTATTTAAGGATGTTCTAACCACGCTTTACGCCGGTGACTGTCACCTTGGGTTTCCCGTATAACCGCGGTGGCTGGCACGAAATTTACCAACCC	asv.763_EE0526
16S	AGACGAGAAGACCCYdTGGAGCTT	GATCCAACATCGAGGTCGTAA	Vert-16S-eDNA-F1	Vert-16S-eDNA-R1	https://doi.org/10.1007/s12686-016-0550-y	Paired	NovaSeq6000	GAGTGGTTAAGGAACCCATTAAACTAAAGCCGAACGCCCTCAGAACTGTTATACGTTTCCGAAGGTAAGAAGCCCCACCACGAAAGTGACTTTACTTCCCCTGACCCCACGAAAGCTGCGAAACAAACTGGGATTAGATACCCCACTATG	asv.764_EE0526
16S	AGACGAGAAGACCCYdTGGAGCTT	GATCCAACATCGAGGTCGTAA	Vert-16S-eDNA-F1	Vert-16S-eDNA-R1	https://doi.org/10.1007/s12686-016-0550-y	Paired	NovaSeq6000	GTGGTGGGGCTTCAAGTTCTCGGGGGCGTATAACAGCGCTGAGAATGTTCGGCTTTATTTTGTAATAACCCCTAACCACCCTTTACGCCGATTCCTGTCAACTTGGGCCTCTCGTATAACCGCGGTTGCTGGCACGAAATTTACCAACCC	asv.789_EE0528
16S	AGACGAGAAGACCCYdTGGAGCTT	GATCCAACATCGAGGTCGTAA	Vert-16S-eDNA-F1	Vert-16S-eDNA-R1	https://doi.org/10.1007/s12686-016-0550-y	Paired	NovaSeq6000	AAGATATCAACGCATTTCACCGCTCCACCTTGAGTTCCGCTCACCTCTGTCTCCCTCGAGCACAGTAGTTTTGGGCGCAGTTCCTCGGTTGAGCCGAGGGCTTTCACACCCAACTTTCTGCGCAGCCTACGCACCCTTTAAGCCCAATAA	asv.798_EE0524
16S	AGACGAGAAGACCCYdTGGAGCTT	GATCCAACATCGAGGTCGTAA	Vert-16S-eDNA-F1	Vert-16S-eDNA-R1	https://doi.org/10.1007/s12686-016-0550-y	Paired	NovaSeq6000	GTGGTGGGGCTTCTTATCTTCGTTGGCGTACGACGGCCCTGAAGATATTCGGCTTTAGTATGTCATTTTTCCTAACCACTCTTTACGCCGGCATCTGTCAACTCAGGCCTCTCGTATAACCGCGGTGGCTGGCACGAAATTAACCAACCC	asv.805_EE0524
16S	AGACGAGAAGACCCYdTGGAGCTT	GATCCAACATCGAGGTCGTAA	Vert-16S-eDNA-F1	Vert-16S-eDNA-R1	https://doi.org/10.1007/s12686-016-0550-y	Paired	NovaSeq6000	TTCGTTAGGGGGCTTCTAGCATTTAATTACGTATAACAGTTTTAACTGCATTCGGCCTTAGTACTTACTATTTTAACCACGCTTTACGCCGAGGAGCTGTCAGCTTGGGCCTCTCGTATAACCGCGGTGGCTGGCACGAGATTTACCAAC	asv.806_EE0526
16S	AGACGAGAAGACCCYdTGGAGCTT	GATCCAACATCGAGGTCGTAA	Vert-16S-eDNA-F1	Vert-16S-eDNA-R1	https://doi.org/10.1007/s12686-016-0550-y	Paired	NovaSeq6000	TCGTTGAGGTTCTTCTAATCTCCAAGAACGTATGACAGTTGTGGAGGCATTCGGCTTTAGTTTAATTATATTCTAACCACTCTTTACGCCGAGGGTCTGTCAGCTCGGGCCTCTCGTATGACCGCGGTGGCTGGCACGAGTTTTACCGAC	asv.808_EE0528
16S	AGACGAGAAGACCCYdTGGAGCTT	GATCCAACATCGAGGTCGTAA	Vert-16S-eDNA-F1	Vert-16S-eDNA-R1	https://doi.org/10.1007/s12686-016-0550-y	Paired	NovaSeq6000	ATTAGCAGGTTCACTTCCAGTATTAGCCGCAGGTATTACTATGCTACTAACTGATAGAAACTTTGATACTTCGTTCTTTGTTCCAGAGAAGGGAGGAGACCCTTTACTATTCCAACATTTATTCTGATTCTTTGGCCATCCCGAGGTCTA	asv.809_EE0528
16S	AGACGAGAAGACCCYdTGGAGCTT	GATCCAACATCGAGGTCGTAA	Vert-16S-eDNA-F1	Vert-16S-eDNA-R1	https://doi.org/10.1007/s12686-016-0550-y	Paired	NovaSeq6000	TTTATTACTTAGCCTCCCCGTTCTAGCAGGTGCTATTACAATACTTCTCACAGACCGAAACCTAAACACCTCATTCTTTGACCCTAGGGGGGGAGGAGACCCTGTACTATACCAACACTTATTTTGATTCTTCGGCTATCCCGAAGTCTA	asv.810_EE0528
16S	AGACGAGAAGACCCYdTGGAGCTT	GATCCAACATCGAGGTCGTAA	Vert-16S-eDNA-F1	Vert-16S-eDNA-R1	https://doi.org/10.1007/s12686-016-0550-y	Paired	NovaSeq6000	TCTACGGATTTCACTCCTACACTAGAAATTCCAATAACCTCTCTCGCCCTCTAGTTTGTCAGTTTAAGATATGTTTATACGGTTGAGCCGCACGCTTTCACATCTTACTTAACAAACCACCTACACAACTCTTTACGCCCAGTAATTCCG	asv.811_EE0531
16S	AGACGAGAAGACCCYdTGGAGCTT	GATCCAACATCGAGGTCGTAA	Vert-16S-eDNA-F1	Vert-16S-eDNA-R1	https://doi.org/10.1007/s12686-016-0550-y	Paired	NovaSeq6000	AGTGGGGTATCTAATCCCAGTTTGGGTCTTAGCTATTGTGTGTTCAGATATGTTAAAGCCACTTTCGTAGTCTATTTTGTGTCAACTGGAGTTTTTTACAACTCAGGTGAGTTTTAGCTTTATTGGGGAGGGGGTGATCTAAAACACTCTTTACGCCGGCTTCTATTGACTTGGGTTAATCGTGTGACCGCGGTGGCTGG	asv.358_EE0539
16S	AGACGAGAAGACCCYdTGGAGCTT	GATCCAACATCGAGGTCGTAA	Vert-16S-eDNA-F1	Vert-16S-eDNA-R1	https://doi.org/10.1007/s12686-016-0550-y	Paired	NovaSeq6000	AGTGGGGTATCTAATCCCAGTTTGGGTCTTAGCTATTGTGTGTTCAGATATGTTAAAGCCACTTTCGTAGTCTATTTTGTGTCAACTGGAGTTTTTTACAACTCAGGTGAGTTTTAGCTTTATTGGGGAGGGGGTGATCTAAAACACTCTTTACGCCGGCTTCTATTGACTTGGGTTAATCGTGTGACCGCGGTGGCTGG	asv.358_EE0524
16S	AGACGAGAAGACCCYdTGGAGCTT	GATCCAACATCGAGGTCGTAA	Vert-16S-eDNA-F1	Vert-16S-eDNA-R1	https://doi.org/10.1007/s12686-016-0550-y	Paired	NovaSeq6000	GTCGGTAAAACTCGTGCCAGCAGCCGCGGTAATACGGGAGGGGCAAGCGTTATCTGGAATAATTGGGCGTAAAGGGTTCGTAGACTGTATTGTAAGTTATTTGTTAAATCCTAGAGCTTAACTCTAGAAAAGCATTTAATACTACTATACTAGAGTTTTGTGCAGAAGAGTAGAATTTCATGTCGAGGAGTAACGACTGC	asv.379_EE0526
16S	AGACGAGAAGACCCYdTGGAGCTT	GATCCAACATCGAGGTCGTAA	Vert-16S-eDNA-F1	Vert-16S-eDNA-R1	https://doi.org/10.1007/s12686-016-0550-y	Paired	NovaSeq6000	GAGTTCAGACGTGTGCTCTTCCGATCTCATAGTGGGGTATCTAATCCCAGTTTGGGTCTTAGCTATTGTGTGTTCAGATATGTTAAAGCCACTTTCGTAGTCTATTTTGTGTCAACTGGAGTTTTTTACAACTCAGGTGAGTTTTAGCTTTATTGGGGAGGGGGTGATCTAAAACACTCTTTACGCCGGCTTCTATTGAC	asv.383_EE0524
16S	AGACGAGAAGACCCYdTGGAGCTT	GATCCAACATCGAGGTCGTAA	Vert-16S-eDNA-F1	Vert-16S-eDNA-R1	https://doi.org/10.1007/s12686-016-0550-y	Paired	NovaSeq6000	GGGTTGGTAAATTTCGTGCCAGCCACCGCGGTTATACGAGAGACCCAAGTTGACAGACAATCGGCGTAAAGAGTGGTTAAGTACAACATATCACTAAAGCCAAACACCTTCAAAGCTGTTATACGCACCCGAAGGTCAGAAGCCCAATCACGAAAGTGGCTTTAAACAAACTGAACCCACGAAAGCTAGGGCACAAACTG	asv.412_EE0528
16S	AGACGAGAAGACCCYdTGGAGCTT	GATCCAACATCGAGGTCGTAA	Vert-16S-eDNA-F1	Vert-16S-eDNA-R1	https://doi.org/10.1007/s12686-016-0550-y	Paired	NovaSeq6000	GTTGGTAAATCTCGTGCCAGCAGCCGCGGTAATACGGGAGGGGCAAGCGTTATTCAGAATAACTGGGCGTAAAGAGTCCGTAGACTGTAATACAAGTTATTTGTTAAATTTTATAGCTTAACTATAAAAAGGCTTTTAATACTGTTTTACTTGAGTTTTATGCAGAAGAGTAGAATTTTATGAGTAGAAGATCTTTTCAA	asv.429_EE0526
16S	AGACGAGAAGACCCYdTGGAGCTT	GATCCAACATCGAGGTCGTAA	Vert-16S-eDNA-F1	Vert-16S-eDNA-R1	https://doi.org/10.1007/s12686-016-0550-y	Paired	NovaSeq6000	GGGTTGGTAAATTTCGTGCCAGCCGCGGTAATACGGAGGGTGCGAGCGTTAATCGGAATTACTGGGCGTAAAGCGCGCGTAGGTGGCTTGGCACGCCGGTTGTGAAAGCCCCGGGCTCAACCTGGGAACCGCATCCGGAACGGCCAGGCTAGAGTGCAGGAGAGGAAGGTAGAATTCCCGGTGTAGCGGTGAAATGCGTA	asv.440_EE0537
16S	AGACGAGAAGACCCYdTGGAGCTT	GATCCAACATCGAGGTCGTAA	Vert-16S-eDNA-F1	Vert-16S-eDNA-R1	https://doi.org/10.1007/s12686-016-0550-y	Paired	NovaSeq6000	GCTCCTGCGAGTACAGGTAATGAGAGAAGAAGTAAAAATGCTGTAATTAAAACACTCCATACAAATAATGGTAATCGGTGCATTAATAATCCAGGTCCACGCATATTAAAGATGGTTGTAATAAAATTGATTGCTCCTAAGATACTACTTGCACCTGAAACGTGTAAACTAAAGATAGCTAAATCTACAGCACCTCCTGA	asv.452_EE0528
16S	AGACGAGAAGACCCYdTGGAGCTT	GATCCAACATCGAGGTCGTAA	Vert-16S-eDNA-F1	Vert-16S-eDNA-R1	https://doi.org/10.1007/s12686-016-0550-y	Paired	NovaSeq6000	AGTGAGGTATCTAATCTCAGTTTGATGGGTGGTATTATGATGCCTCCGCCTCCACCGATGAACACAAAACCCGTGGTGACCGAAGATCCGTTGCCGCCTATCGTTGAAGACGATGCCGTTTCGGATATCGTGTCCATCTCAGGAGAATCCACAGGTGGTGAAGTGAAGGAAGTCAATGTGGCTGGCACGAGATTTACCAA	asv.496_EE0524
16S	AGACGAGAAGACCCYdTGGAGCTT	GATCCAACATCGAGGTCGTAA	Vert-16S-eDNA-F1	Vert-16S-eDNA-R1	https://doi.org/10.1007/s12686-016-0550-y	Paired	NovaSeq6000	AGTGAGGTATCTAATCTCAGTTTGGGTCTTAGCTATTGTGTCCTCAGAAATATTAAATTCACCTTCGTAGTTTATTTTATTTCAGCTAGGGTTTTTTACAACTTAGATGAAGCTTAGCTTTATTGAGAACAGATCTAAAACACTCTTTAAGCTGGGTTCTATTAGCTTGGGTTAATCGTATGGCTGCGGTGGCTGGCACG	asv.497_EE0526
16S	AGACGAGAAGACCCYdTGGAGCTT	GATCCAACATCGAGGTCGTAA	Vert-16S-eDNA-F1	Vert-16S-eDNA-R1	https://doi.org/10.1007/s12686-016-0550-y	Paired	NovaSeq6000	AGTGAGGTATCTAATCTCAGTTTGTACCATAGCTTTCGTGGGGTCAGGGGTTTAAAGTCACTTTCGTAGTTGATTTTCAGAGTCTCATGAGCGTATAACAGCTTTGGGACCGTTTACCTTTAGTTTTAGGTTCTTCCTAACCACGCTTTACGCCGAAGGCCATCGACTTGGGTCTCTCGTATAACCGCGGTGGCTGGCAC	asv.498_EE0526
16S	AGACGAGAAGACCCYdTGGAGCTT	GATCCAACATCGAGGTCGTAA	Vert-16S-eDNA-F1	Vert-16S-eDNA-R1	https://doi.org/10.1007/s12686-016-0550-y	Paired	NovaSeq6000	AGTGAGGTATCTAATCTCAGTTTGTGCCTTAGCTTTCGTGGGTTCAGAAATTGTAAAGCCACCTTCGTTGTTGGGCTTCTAGCTTTCGTATGCGTATAACAGCTTTGAAAGCATTCGGCTTTAATTGTGCTCGTTCTCTTAACCACGCTTTACGCCGGTGTCTATCAGCTTGGGCCTCTCGTATAACCGCGGTGGCTGGC	asv.499_EE0528
16S	AGACGAGAAGACCCYdTGGAGCTT	GATCCAACATCGAGGTCGTAA	Vert-16S-eDNA-F1	Vert-16S-eDNA-R1	https://doi.org/10.1007/s12686-016-0550-y	Paired	NovaSeq6000	AGTGAGGTATCTAATCTCAGTTTGTACCCTAGCTGTCGTGAGTTCAAGAATTATAAAGCCACTTTCGTTGTTGGTCTTCGTGACCCTCATGGCGTGTGACAGCATAAAGGGTATTTGGCTTTAGTTCTGATTCTTCTCTAATCACACTCTACGCCGTAGTACATCAATTTGGGTCTCTCGTATAACCGCGGTTGCTGGCA	asv.500_EE0528
16S	AGACGAGAAGACCCYdTGGAGCTT	GATCCAACATCGAGGTCGTAA	Vert-16S-eDNA-F1	Vert-16S-eDNA-R1	https://doi.org/10.1007/s12686-016-0550-y	Paired	NovaSeq6000	TCTACGAATTTCACCTCTACACTGGAAATTCCATTTTCCTCTCCTGAATTCCAGAACAAAAGTTTTAAAAGCAATTCCTAGGTTGAGCCCAGGGATTTCACTTCTAACTTTTTGTTCCGCCTACATGCGCTTTACGCCCAGTAATTCCGA	asv.613_EE0528
16S	AGACGAGAAGACCCYdTGGAGCTT	GATCCAACATCGAGGTCGTAA	Vert-16S-eDNA-F1	Vert-16S-eDNA-R1	https://doi.org/10.1007/s12686-016-0550-y	Paired	NovaSeq6000	GTAGTCTATTTTGTGTCAACTGGAGTTTTTTACAACTCAGGTGAGTTTTAGCTTTATTGGGGAGGGGGTGATCTAAAACACTCTTTACGCCGGCTTCTATTGACTTGGGTTAATCGTGTGACCGCGGTGGCTGGCACGAGTTTTACCGAC	asv.626_EE0537
16S	AGACGAGAAGACCCYdTGGAGCTT	GATCCAACATCGAGGTCGTAA	Vert-16S-eDNA-F1	Vert-16S-eDNA-R1	https://doi.org/10.1007/s12686-016-0550-y	Paired	NovaSeq6000	GTAGTCTATTTTGTGTCAACTGGAGTTTTTTACAACTCAGGTGAGTTTTAGCTTTATTGGGGAGGGGGTGATCTAAAACACTCTTTACGCCGGCTTCTATTGACTTGGGTTAATCGTGTGACCGCGGTGGCTGGCACGAGTTTTACCGAC	asv.626_EE0531
16S	AGACGAGAAGACCCYdTGGAGCTT	GATCCAACATCGAGGTCGTAA	Vert-16S-eDNA-F1	Vert-16S-eDNA-R1	https://doi.org/10.1007/s12686-016-0550-y	Paired	NovaSeq6000	AGTCTATTTTGTGTCAACTGGAGTTTTTTACAACTCAGGTGAGTTTTAGCTTTATTGGGGAGGGGGTGATCTAAAACACTCTTTACGCCGGCTTCTATTGACTTGGGTTAATCGTGTGACCGCGGTGGCTGGCACGAAATTGACCAGTCC	asv.634_EE0537
16S	AGACGAGAAGACCCYdTGGAGCTT	GATCCAACATCGAGGTCGTAA	Vert-16S-eDNA-F1	Vert-16S-eDNA-R1	https://doi.org/10.1007/s12686-016-0550-y	Paired	NovaSeq6000	AGTCTATTTTGTGTCAACTGGAGTTTTTTACAACTCAGGTGAGTTTTAGCTTTATTGGGGAGGGGGTGATCTAAAACACTCTTTACGCCGGCTTCTATTGACTTGGGTTAATCGTGTGACCGCGGTGGCTGGCACGAAATTGACCAGTCC	asv.634_YE-08
16S	AGACGAGAAGACCCYdTGGAGCTT	GATCCAACATCGAGGTCGTAA	Vert-16S-eDNA-F1	Vert-16S-eDNA-R1	https://doi.org/10.1007/s12686-016-0550-y	Paired	NovaSeq6000	GTGTTTTAGATCACCCCCTCCCCAATAAAGCTAAAACTCACCTGAGTTGTAAAAAACTCCAGTTGACACAAAATAGACTACGAAAGTGGCTTTAACATATCTGAACACACAATAGCTAAGACCCAAACTGGGATTAGATACCCCACTATG	asv.667_EE0524
16S	AGACGAGAAGACCCYdTGGAGCTT	GATCCAACATCGAGGTCGTAA	Vert-16S-eDNA-F1	Vert-16S-eDNA-R1	https://doi.org/10.1007/s12686-016-0550-y	Paired	NovaSeq6000	ATTATTACTATCACTACCTGTACTTGCCGGAGCGATTACTATGTTACTAACAGACAGAAACTTTAACACTTCATTCTTCGATCCTGCTGGAGGAGGAGATCCAATTTTATATCAGCACTTATTCTGATTCTTTGGCCATCCCGAGGTCTA	asv.769_EE0528
16S	AGACGAGAAGACCCYdTGGAGCTT	GATCCAACATCGAGGTCGTAA	Vert-16S-eDNA-F1	Vert-16S-eDNA-R1	https://doi.org/10.1007/s12686-016-0550-y	Paired	NovaSeq6000	GCTGTTGAGCTTCGTGACCCCCATGGCGTATGACAGCATAAGGGGTGTTCGGCTTTAGTCTGGGTTGATCTCTAATCACACTTTACGCCGTGGTGCGTCAATTTGGGCCTCTCGTATAACCGCGGTTGCTGGCACGAAATTAACCAACCC	asv.775_EE0528
16S	AGACGAGAAGACCCYdTGGAGCTT	GATCCAACATCGAGGTCGTAA	Vert-16S-eDNA-F1	Vert-16S-eDNA-R1	https://doi.org/10.1007/s12686-016-0550-y	Paired	NovaSeq6000	CGTGGTTGATTTTCGTACTTTCATATGCGTATAACAGCTCGGAGGTCGTTCTTCTTTAGTTTTGGTTTCTCTTAACCACTCTTTACGCCGAAGGCCATCTACTTGGGTCTCTCGTATAACCGCGGTGGCTGGCACGAAATTAACCAACCC	asv.799_EE0526
16S	AGACGAGAAGACCCYdTGGAGCTT	GATCCAACATCGAGGTCGTAA	Vert-16S-eDNA-F1	Vert-16S-eDNA-R1	https://doi.org/10.1007/s12686-016-0550-y	Paired	NovaSeq6000	GTTACTTTTAGCGCTTCCTGTATTGGCGGGTGCTATTACTATATTGCTTACAGATCGAAATCTTAATACTTCCTTCTTTGATCCAAGAGGGGGAGGAGATCCTGTATTATTTTCTCATCTTTTTTGATTCTTCGGCCACCCCGAGGTCTA	asv.801_EE0528
16S	AGACGAGAAGACCCYdTGGAGCTT	GATCCAACATCGAGGTCGTAA	Vert-16S-eDNA-F1	Vert-16S-eDNA-R1	https://doi.org/10.1007/s12686-016-0550-y	Paired	NovaSeq6000	GGTCAGTAAGTAGCATAGTGATAGCTCCACCCAAAACAGGAACAGCTAAAAGAAGTAGAAAAGCAGTAACTAACATGGCCCAAGCAAATAAAGGCATCTTATGGAGAGTCATTCCTGGAGCTCTCATATTCAGAATAGTGGTAATGAAGT	asv.812_EE0524
16S	AGACGAGAAGACCCYdTGGAGCTT	GATCCAACATCGAGGTCGTAA	Vert-16S-eDNA-F1	Vert-16S-eDNA-R1	https://doi.org/10.1007/s12686-016-0550-y	Paired	NovaSeq6000	TTGTGCGGTTCTACTGATCATGGATAGAGGATTTGGAACTAGCTTCTATATCTCCGATATATTCATCGATGGTAAAGCACTCGATCAAACAGGTGGTAGCCCGATATTATTCCAGCACTTATTCTGATTTTTTGGCCACCCCGAGGTCTA	asv.815_EE0528
16S	AGACGAGAAGACCCYdTGGAGCTT	GATCCAACATCGAGGTCGTAA	Vert-16S-eDNA-F1	Vert-16S-eDNA-R1	https://doi.org/10.1007/s12686-016-0550-y	Paired	NovaSeq6000	CATCTTAGTTGTTTTAGCAGTTCCTGTTTTAGCTGCTGCTTTAGTTATGTTATTAACAGATCGAAACCTTAACACTGCCTATTTCTGTGAAAGTGGAGATCTTATTCTTTATCAACATCTTTTCTGGTTCTTCGGCCACCCCGAGGTCTA	asv.816_EE0528
16S	AGACGAGAAGACCCYdTGGAGCTT	GATCCAACATCGAGGTCGTAA	Vert-16S-eDNA-F1	Vert-16S-eDNA-R1	https://doi.org/10.1007/s12686-016-0550-y	Paired	NovaSeq6000	TAGACAATAAATAGCACCTGTAAAGACTAGCTTGCAACGTAAAACAAAAGGTATTTCTATTTTACATGTCTTCGGTTGGGGCGACCGCGGGGAATACAAAACCCCCACGTGGAACAAGAACTCCATCTTTAAACTGAGAGCCACACCTCTAAGGAACAGAATCTCTGACCAGAATGATCCGGCGGCAACCCCGCCGATCAACGGAACTAGTTACCCCAGGGATAACAGCGCAATCCTCTCCCAGAGCCCATATCGACGAGGGGGT	asv.228_EE0528
16S	AGACGAGAAGACCCYdTGGAGCTT	GATCCAACATCGAGGTCGTAA	Vert-16S-eDNA-F1	Vert-16S-eDNA-R1	https://doi.org/10.1007/s12686-016-0550-y	Paired	NovaSeq6000	TAGACACTAAAACAGCCCATGTTAAGAACCCTCACATAAGAGGCCGAACTAGATGGCCCCTGTCCTAATGTCTTTGGTTGGGGCGACCACGGGGTAACAAAAAACCCCCGCGTGGAATGGAAGAACTCCTCTTCTAGAACCAAGAGCTACCGCTCAAATTGACAGAATATCTGACCAATTACAGATCCGGCTTTAACGCCGATCAACGGACCGAGTTACCCCAGGGATAACAGCGCAATCCTCTTTTAGAGCCCATATCGACAAGAGGGT	asv.305_EE0526
16S	AGACGAGAAGACCCYdTGGAGCTT	GATCCAACATCGAGGTCGTAA	Vert-16S-eDNA-F1	Vert-16S-eDNA-R1	https://doi.org/10.1007/s12686-016-0550-y	Paired	NovaSeq6000	AAGACTATAAATGGACCTAAAACACTCCTTTTATTTACTAAAGGAAGACAATCTGATTACCTTTTAATGTCTTTGGTTGGGGCGACCACGGGGGATAAAAAGCCCCCACGAGGACTAGGGAAAATTTCCTAAAACCAAGAGCTACAGCTCTAAGCAACAGAATATCTGACCTAAAAGATCCGGCAAAGCCGATCGACGAATCCAGTTACCCCAGGGATAACAGCGCAATCTTCTTCAAGAGCCCTTATCGACAAGAAGGTTTACGACCTCGATGGATC	asv.306_EE0528
16S	AGACGAGAAGACCCYdTGGAGCTT	GATCCAACATCGAGGTCGTAA	Vert-16S-eDNA-F1	Vert-16S-eDNA-R1	https://doi.org/10.1007/s12686-016-0550-y	Paired	NovaSeq6000	TAGCTGTTCCCGCACAAACATGTGAATTAAGACAGATTACTCCATTGCTAATTAATTCGTACTTGCAACGTGTTAGTGGTTTACCGTGGGGTGGTCAATGTTATGTGCGGGCTGTTTAGGTTGGGGCAACTGCGGGGAACAGGTACCCCCCGCTAAGTTAACTGTGAAAAATCATGGTTTTCTGGTGCAAGTTTTGTTTGAATTGATCCGCTTTCTGGGCGAGCAAAAGAACAAGTTACCGTAGGGATAACAGCGTAATCTCCTTAGAGAGTTCATATTGACGAGGGGGT	asv.307_EE0528
16S	AGACGAGAAGACCCYdTGGAGCTT	GATCCAACATCGAGGTCGTAA	Vert-16S-eDNA-F1	Vert-16S-eDNA-R1	https://doi.org/10.1007/s12686-016-0550-y	Paired	NovaSeq6000	AGTGAGGTATCTAATCTCAGTTTGTGTCCTAGCTTTCGTGGGTTCAGTTAGTTTAAAGCCACTTTCGTGATTGGGCTTCTAACCTTCGGGTGCGTATAACAGCTTTGAAGGTGTTTGGCTTTAGTGAAGTAGGGTACTTAACCACTCTTTACGCCGATTGTCTGTCAACTTGGGTCTCTCGTATAACCGCGGTGGCTGGC	asv.406_EE0528
16S	AGACGAGAAGACCCYdTGGAGCTT	GATCCAACATCGAGGTCGTAA	Vert-16S-eDNA-F1	Vert-16S-eDNA-R1	https://doi.org/10.1007/s12686-016-0550-y	Paired	NovaSeq6000	AGTGAGGTATCTAATCTCAGTTTGTTCCTCAGCTTTCGTGGGGTCAGGTTGAATAAAGCTACTTTCGTAAGGGGGCTTCTTTACTCGGAAGCGTTCAACAGCTTTGAGGATGTTCGGCTTTAGTTTTAGTATTTTCCCTAACCACGCTTTACGCCGTTGTCTGTCAACTTGAGCCTCTCGTATAACCGCGGTGGCTGGCA	asv.420_EE0528
16S	AGACGAGAAGACCCYdTGGAGCTT	GATCCAACATCGAGGTCGTAA	Vert-16S-eDNA-F1	Vert-16S-eDNA-R1	https://doi.org/10.1007/s12686-016-0550-y	Paired	NovaSeq6000	GGTACAGGTTGAACTGTTTACCCCCCTCAAGCAATTTTAGAAGGAACCCCAGGAGCTGGATGGGGAATAATGTTAATGTGTATATCTCTAATTTTGTTCGTAGCAGGGTTTACTATGGGTGGCTTAAACTATTTGATTACAGTTCTTCAAGCTAGAACAAGAGGAATGACATTAATGAGAATGCCCCTAACAGTTTGGGG	asv.444_EE0528
16S	AGACGAGAAGACCCYdTGGAGCTT	GATCCAACATCGAGGTCGTAA	Vert-16S-eDNA-F1	Vert-16S-eDNA-R1	https://doi.org/10.1007/s12686-016-0550-y	Paired	NovaSeq6000	AGTGAGGTATCTAATCTCAGTTTGTGCCCTAGCTTTCGTGGGTTCAGTAAGTTTAAAGCCACTTTCGTGATTGGGCTTCTAACCTTCGGGTGCGTATAACAGCTTTGAAGGTGTTTGGCTTTAGTAGGGTGTAGTACTTAACCACTCTTTACGCCGATTGTCTGTCAACTTGGGTCTCTCGTATAACCGCGGTGGCTGGC	asv.462_EE0528
16S	AGACGAGAAGACCCYdTGGAGCTT	GATCCAACATCGAGGTCGTAA	Vert-16S-eDNA-F1	Vert-16S-eDNA-R1	https://doi.org/10.1007/s12686-016-0550-y	Paired	NovaSeq6000	GGTACAGGATGAACTGTTTATCCTCCGTTAAGTAGTGTTCAAGCACATTCTGGGCCTTCTGTCGATTTAGCTATTTTTAGCCTTCACTTATCTGGGGCTTCTTCTATTTTGGGAGCGATAAACTTTATAACTACTATTTTCAATATGAGGTCACCTGGTATGACTATGCACAGATTACCACTAATGGTTTGGGCTGTCTT	asv.464_EE0528
16S	AGACGAGAAGACCCYdTGGAGCTT	GATCCAACATCGAGGTCGTAA	Vert-16S-eDNA-F1	Vert-16S-eDNA-R1	https://doi.org/10.1007/s12686-016-0550-y	Paired	NovaSeq6000	AGTGAGGTATCTAATCTCAGTTTGTTCCACAGCTTTCGTGGGGTCAAAAATATTAAAGCTACTTTCGTAAGGGTGCTTCTTACCCTCGGATACGTATAACAGTTCTGAGGGAGTTTCGGCTTTAGTTTAAAATCAATTTAACCACTCTTTACGCCGAAAGCCTGTCAACTTGGGTCCCTCGTATAACCGCGGTGGCTGGC	asv.491_EE0526
16S	AGACGAGAAGACCCYdTGGAGCTT	GATCCAACATCGAGGTCGTAA	Vert-16S-eDNA-F1	Vert-16S-eDNA-R1	https://doi.org/10.1007/s12686-016-0550-y	Paired	NovaSeq6000	GTTGGTAAATCTCGTGCCAGCAGCCGCGGTAATACGTAGGGGCCAAGCGTTGTCCGGAATTATTGGGCGTAAAGCGTATGTAGGTTGTTTTTTAAGTCAGATGTTAAATTCCCGAGCTCAACTCGGGCCCGCATTTGATACTGATTAACTAGAGAGTGGTAGAGGAAAGCGGAACTTCCGGTGTAGCGGTGAAATGCGTA	asv.501_EE0524
16S	AGACGAGAAGACCCYdTGGAGCTT	GATCCAACATCGAGGTCGTAA	Vert-16S-eDNA-F1	Vert-16S-eDNA-R1	https://doi.org/10.1007/s12686-016-0550-y	Paired	NovaSeq6000	AGTGAGGTATCTAATCTCAGTTTGTGTCTTAGCTGTCGTGAGTTCAAGATTTATAAAGCCACTTTCGATGTTGGGCTTCGTGACCCCTGTGGCGTATGACAGCATAAGGGGTATTCGGCTTTAGTTGGGATAGTCTCTAATCACACTTTACGCCGTGGGGCGTCGATTTGGGCCTCTCGTATAACCGCGGTTGCTGGCAC	asv.502_EE0526
16S	AGACGAGAAGACCCYdTGGAGCTT	GATCCAACATCGAGGTCGTAA	Vert-16S-eDNA-F1	Vert-16S-eDNA-R1	https://doi.org/10.1007/s12686-016-0550-y	Paired	NovaSeq6000	AGTGAGGTATCTAATCTCAGTTTGTGTCCTAGCTGTCGTGAGTTCAAGATTCATAAAGCCACTTTCGCTGTTGAGCTTCGTGACCCCCATGGCGTATGACAGCATAAGGGGTGTTCGGCTTTAGTCTGGGTTGATCTCTAATCACACTTTACGCCGTGGTGCGTCAATTTGGGCCTCTCGTATAACCGCGGTTGCTGGCA	asv.503_EE0528
16S	AGACGAGAAGACCCYdTGGAGCTT	GATCCAACATCGAGGTCGTAA	Vert-16S-eDNA-F1	Vert-16S-eDNA-R1	https://doi.org/10.1007/s12686-016-0550-y	Paired	NovaSeq6000	AGTCTATTTTGTGTCAACTGGAGTTTTTTACAACTCAGGTGAGTTTTAGCTTTATTGGGGAGGGGGTGATCTAAAACACTCTTTACGCCGGCTTCTATTGACTTGGGTTAATCGTGTGACCGCGGTGGCTGGCACGAAATTGACCAGTCC	asv.634_EE0531
16S	AGACGAGAAGACCCYdTGGAGCTT	GATCCAACATCGAGGTCGTAA	Vert-16S-eDNA-F1	Vert-16S-eDNA-R1	https://doi.org/10.1007/s12686-016-0550-y	Paired	NovaSeq6000	TCTCCTCCTGTCTCTCCCTGTTCTAGCCGGAGCTATCACAATATTATTAACAGATCGAAACTTAAACACTGCATTCTTTGACCCCGCCGGGGGAGGAGACCCAATTCTCTACCAACACCTATTCTGATTCTTTGGCCACCCCGAAGTCTA	asv.643_EE0526
16S	AGACGAGAAGACCCYdTGGAGCTT	GATCCAACATCGAGGTCGTAA	Vert-16S-eDNA-F1	Vert-16S-eDNA-R1	https://doi.org/10.1007/s12686-016-0550-y	Paired	NovaSeq6000	GTGTTTTAGATCACCCCCTCCCCAATAAAGCTAAAACTCACCTGAGTTGTAAAAAACTCCAGTTGACACAAAATAGACTACGAAAGTGGCTTTAACATATCTGAACACACAATAGCTAAGACCCAAACTGGGATTAGATACCCCACTATG	asv.667_EE0528
16S	AGACGAGAAGACCCYdTGGAGCTT	GATCCAACATCGAGGTCGTAA	Vert-16S-eDNA-F1	Vert-16S-eDNA-R1	https://doi.org/10.1007/s12686-016-0550-y	Paired	NovaSeq6000	ATTATTATTATCATTACCTGTACTTGCAGGTGCTATTACAATGTTATTAACAGATCGAAACTTTAACACAACTTTTTTTGATCCAGCTGGTGGTGGAGACCCTGTGTTATATCAACACTTATTTTGATTCTTCGGCCATCCCGAAGTCTA	asv.711_EE0526
16S	AGACGAGAAGACCCYdTGGAGCTT	GATCCAACATCGAGGTCGTAA	Vert-16S-eDNA-F1	Vert-16S-eDNA-R1	https://doi.org/10.1007/s12686-016-0550-y	Paired	NovaSeq6000	TTCGTAGTTGGGCTTCATGTCTTCTCGCGCGTATAACAGCTAAAAAGTCGTTTGGCCTTAGTTTAAAATTATCTTAACCACTCTTTACGCCGAGGGCCATCCACTTGGGTCTCTCGTCTAACCGCGGTGGCTGGCACGAGTTTTACCGAC	asv.739_EE0528
16S	AGACGAGAAGACCCYdTGGAGCTT	GATCCAACATCGAGGTCGTAA	Vert-16S-eDNA-F1	Vert-16S-eDNA-R1	https://doi.org/10.1007/s12686-016-0550-y	Paired	NovaSeq6000	ATTGGGCTTCTTACTTTCGTAAGCGTACAACTGCTATGAAGATTTTCGGCTTTAGTTTATTTAAGGATGTTCTAACCACGCTTTACGCCGGTGACTGTCACCTTGGGTTTCCCGTATAACCGCGGTGGCTGGCACGAAATTTACCAACCC	asv.763_EE0528
16S	AGACGAGAAGACCCYdTGGAGCTT	GATCCAACATCGAGGTCGTAA	Vert-16S-eDNA-F1	Vert-16S-eDNA-R1	https://doi.org/10.1007/s12686-016-0550-y	Paired	NovaSeq6000	GAGTGGTTAAGGAACCCATTAAACTAAAGCCGAACGCCCTCAGAACTGTTATACGTTTCCGAAGGTAAGAAGCCCCACCACGAAAGTGACTTTACTTCCCCTGACCCCACGAAAGCTGCGAAACAAACTGGGATTAGATACCCCACTATG	asv.764_EE0528
16S	AGACGAGAAGACCCYdTGGAGCTT	GATCCAACATCGAGGTCGTAA	Vert-16S-eDNA-F1	Vert-16S-eDNA-R1	https://doi.org/10.1007/s12686-016-0550-y	Paired	NovaSeq6000	ATTATTACTATCACTACCTGTACTTGCCGGAGCGATTACTATGTTACTAACAGACAGAAACTTTAACACTTCATTCTTCGATCCTGCTGGAGGAGGAGATCCAATTTTATATCAGCACTTATTCTGATTCTTTGGCCATCCCGAGGTCTA	asv.769_EE0526
16S	AGACGAGAAGACCCYdTGGAGCTT	GATCCAACATCGAGGTCGTAA	Vert-16S-eDNA-F1	Vert-16S-eDNA-R1	https://doi.org/10.1007/s12686-016-0550-y	Paired	NovaSeq6000	CGTGGGGGGACTTCTGGCTTTCGAGTACGTATAACAGTTAAGAAAGCATTTGGCTTTAGTTTATGTAATGATTTTAACCACTCTTTACGCCGATGGTTGTCAGCTTGGGCCTCTCGTATAACCGCGGTGGCTGGCACGAGTTTTACCGAC	asv.786_EE0528
16S	AGACGAGAAGACCCYdTGGAGCTT	GATCCAACATCGAGGTCGTAA	Vert-16S-eDNA-F1	Vert-16S-eDNA-R1	https://doi.org/10.1007/s12686-016-0550-y	Paired	NovaSeq6000	GTAAGGAGCATGGTAATGGCTCCAGCAAATACTGGTAGAGATAACAGAAGTAAAAAGGCTGTAATAAACACCGACCAGACAAAAAGTGGCAGACGATGCATACTCATACCAGGTGCACGCATATTAATAACTGTGGTAATAAAATTAATC	asv.817_EE0524
16S	AGACGAGAAGACCCYdTGGAGCTT	GATCCAACATCGAGGTCGTAA	Vert-16S-eDNA-F1	Vert-16S-eDNA-R1	https://doi.org/10.1007/s12686-016-0550-y	Paired	NovaSeq6000	ATCTTCAGATTTTATTCTTATTCAAGAAGTACTACTTACCCATAAATTACTCAAGAAAAATAGTATTAAACAGTAATCCAAACTTAAAATTTGATCTTTACCGAATAACATTCAAAAAACTGCTTAAGGACTCTTTACGCCCAGTTTGAC	asv.818_EE0524
16S	AGACGAGAAGACCCYdTGGAGCTT	GATCCAACATCGAGGTCGTAA	Vert-16S-eDNA-F1	Vert-16S-eDNA-R1	https://doi.org/10.1007/s12686-016-0550-y	Paired	NovaSeq6000	ACTTTTATTATCACTTCCTGTACTTGCAGGAGCAATTACAATGTTGTTAACTGATAGAAATTTCAATACTACTTTTTTTGATCCTGCGGGAGGGGGAGATCCTATTTTATTTCAACACTTATTTTGATTCTTTGGCCATCCCGAAGTCTA	asv.821_EE0526
16S	AGACGAGAAGACCCYdTGGAGCTT	GATCCAACATCGAGGTCGTAA	Vert-16S-eDNA-F1	Vert-16S-eDNA-R1	https://doi.org/10.1007/s12686-016-0550-y	Paired	NovaSeq6000	CTGTTAAAAGCATAGTTATAGCACCTGCTAATACTGGTAAAGATAATAATAATAAAAATGCTGTTATTAAAACTGCTCACACGAATAATGGAAGTTTATGCATTTCTAATTTCGGAGATCTCATATTAAAAACAGTGGTTATAAAATTAA	asv.824_EE0528
16S	AGACGAGAAGACCCYdTGGAGCTT	GATCCAACATCGAGGTCGTAA	Vert-16S-eDNA-F1	Vert-16S-eDNA-R1	https://doi.org/10.1007/s12686-016-0550-y	Paired	NovaSeq6000	GTTGTTCTTCTTGCTTTCGGGTGCGTAAAACAGCCTTGAAAGCATTCGGCCCTAGTTTAGTTGTGTTTCTCCTAACCACTCTTTACGCCGATGTCTGTCAGCTTGGGCCCCTCGTATAACCGCGGTGGCTGGCACGAAATTTACCAACCC	asv.825_EE0528
16S	AGACGAGAAGACCCYdTGGAGCTT	GATCCAACATCGAGGTCGTAA	Vert-16S-eDNA-F1	Vert-16S-eDNA-R1	https://doi.org/10.1007/s12686-016-0550-y	Paired	NovaSeq6000	GGTCTGTTAATAATATTGTGATAGCCCCGGCTAGAACTGGTAAGGATAATAAAAGGAGAACTGCTGTAATTAAAACAGATCAAGGAAATAAAGGTATACGGTCTAGCAATATTCCTAATACTCGTAAGTTTCCTAAAGTTCTAATGAAGT	asv.826_EE0528
16S	AGACGAGAAGACCCYdTGGAGCTT	GATCCAACATCGAGGTCGTAA	Vert-16S-eDNA-F1	Vert-16S-eDNA-R1	https://doi.org/10.1007/s12686-016-0550-y	Paired	NovaSeq6000	GTGGTTGGGCTTCTTGCTCTCATGAACGTATAACAGTTATGAGGATATTTGGCTTTAGTTTTTCTAGCATTTTAACCACTCTTTACGCCGGAGGCCATCTACTTGGGTTCCTCGTATAACCGCGGTGGCTGGCACGAAATTTACCAACCC	asv.827_EE0528
16S	AGACGAGAAGACCCYdTGGAGCTT	GATCCAACATCGAGGTCGTAA	Vert-16S-eDNA-F1	Vert-16S-eDNA-R1	https://doi.org/10.1007/s12686-016-0550-y	Paired	NovaSeq6000	CTTTTATTACTTTCTTTGCCTGTTTTAGCAGGAGCTATTACTATGCTACTTACTGATCGGAACTACAATACATCTTTTTATGATTCTGCGGGGGGAGGCGATCCAGTACTTTATCAACATTTATTTTGGTTCTTTGGCCATCCCGAAGTC	asv.828_EE0528
16S	AGACGAGAAGACCCYdTGGAGCTT	GATCCAACATCGAGGTCGTAA	Vert-16S-eDNA-F1	Vert-16S-eDNA-R1	https://doi.org/10.1007/s12686-016-0550-y	Paired	NovaSeq6000	GTTGTTGGTCTTCGTGACCCTCATGGCGTGTGACAGCATAAAGGGTATTTGGCTTTAGTTCTGATTCTTCTCTAATCACACTCTACGCCGTAGTACATCAATTTGGGTCTCTCGTATAACCGCGGTTGCTGGCACGAAATTTACCAACCC	asv.829_EE0528
16S	AGACGAGAAGACCCYdTGGAGCTT	GATCCAACATCGAGGTCGTAA	Vert-16S-eDNA-F1	Vert-16S-eDNA-R1	https://doi.org/10.1007/s12686-016-0550-y	Paired	NovaSeq6000	TACTTTAGGGGTAATTTAACTTATTACTGAAAAGTTTAGTTGGGGCAACTTTCTTTTATGTAAAACAAAGAATGAATAATAAATAATCTAATTTTAGTGACCTATAATTTTTTAATTAAAGGAAAAAGTTACCTTAGGGATAACAGCGTAATTCTTCTTGAGAGTACTTATTGACAGAAGAGCTTACGACCTCGATGTTGGATC	asv.309_EE0528
16S	AGACGAGAAGACCCYdTGGAGCTT	GATCCAACATCGAGGTCGTAA	Vert-16S-eDNA-F1	Vert-16S-eDNA-R1	https://doi.org/10.1007/s12686-016-0550-y	Paired	NovaSeq6000	AAGCGATCAGGATAAGCATAGTTTTTTTATTTTTTACTAACTAAGACAGATAATTTGTTTTTATATATTTATTCATTGTAAGAAAAATGCTGTGTTTGTGTTGCTTTGGTTGGGGCAACCGCGGAGAATAAGAAACCTCCGCTTAGATATAATAGAAAAGTACAGTTTTTGTTAAGAAAATTTCTGTATAAATGATCCACCGCTAGGTGATCAAAGGAAAAAGTTACCACAGGGATAACAGCGTAATTTTTTTGGAGAGTTCATATTGATAAAAAAGT	asv.310_EE0528
16S	AGACGAGAAGACCCYdTGGAGCTT	GATCCAACATCGAGGTCGTAA	Vert-16S-eDNA-F1	Vert-16S-eDNA-R1	https://doi.org/10.1007/s12686-016-0550-y	Paired	NovaSeq6000	AGTGGGGTATCTAATCCCAGTTTGGGTCTTAGCTATTGTGTGTTCAGATATGTTAAAGCCACTTTCGTAGTCTATTTTGTGTCAACTGGAGTTTTTTACAACTCAGGTGAGTTTTAGCTTTATTGGGGAGGGGGTGATCTAAAACACTCTTTACGCCGGCTTCTATTGACTTGGGTTAATCGTGTGACCGCGGTGGCTGG	asv.358_YE-08
16S	AGACGAGAAGACCCYdTGGAGCTT	GATCCAACATCGAGGTCGTAA	Vert-16S-eDNA-F1	Vert-16S-eDNA-R1	https://doi.org/10.1007/s12686-016-0550-y	Paired	NovaSeq6000	AGTGAGGTATCTAATCTCAGTTTGTGTCATAGCTTTCGTGGTGTCAGGGGGGGATTAGAGCCACTTTCGTGGTTGATTTTCTAGTTTTCATGAGCGTATAACAGCTTTGAAGAAATTCAGCTCTAGTTTAAAATAGGTCCTTAGCCACCCTTTACGCCGAATGTTTTTCAACTTGGGCCTTTCGTATAACCGCGGTGGCT	asv.364_EE0528
16S	AGACGAGAAGACCCYdTGGAGCTT	GATCCAACATCGAGGTCGTAA	Vert-16S-eDNA-F1	Vert-16S-eDNA-R1	https://doi.org/10.1007/s12686-016-0550-y	Paired	NovaSeq6000	GAGTTCAGACGTGTGCTCTTCCGATCTCATAGTGGGGTATCTAATCCCAGTTTGGGTCTTAGCTATTGTGTGTTCAGATATGTTAAAGCCACTTTCGTAGTCTATTTTGTGTCAACTGGAGTTTTTTACAACTCAGGTGAGTTTTAGCTTTATTGGGGAGGGGGTGATCTAAAACACTCTTTACGCCGGCTTCTATTGAC	asv.383_EE0531
16S	AGACGAGAAGACCCYdTGGAGCTT	GATCCAACATCGAGGTCGTAA	Vert-16S-eDNA-F1	Vert-16S-eDNA-R1	https://doi.org/10.1007/s12686-016-0550-y	Paired	NovaSeq6000	AGTGAGGTATCTAATCTCAGTTTGTTCCCCAGTTTTCGTGGAGTCAAAATTTTGTAAAGCTACTTTCGTGATTGGGCTTCTTACTTTCGTAAGCGTACAACTGCTATGAAGATTTTCGGCTTTAGTTTATTTAAGGATGTTCTAACCACGCTTTACGCCGGTGACTGTCACCTTGGGTTTCCCGTATAACCGCGGTGGCT	asv.439_EE0528
16S	AGACGAGAAGACCCYdTGGAGCTT	GATCCAACATCGAGGTCGTAA	Vert-16S-eDNA-F1	Vert-16S-eDNA-R1	https://doi.org/10.1007/s12686-016-0550-y	Paired	NovaSeq6000	GTCGGTAAAACTCGTGCCAGCAGCCGCGGTAATACGGGAGGGGCAAGCGTTATTCAGAATAACTGGGCGTAAAGAGTCCGTAGACTGTAATACAAGTTATTTGTTAAATTTTATAGCTTAACTATAAAAAGGCTTTTAATACTGTTTTACTTGAGTTTTATGCAGAAGAGTAGAATTTTATGAGTAGAAGATCTTTTCAA	asv.445_EE0526
16S	AGACGAGAAGACCCYdTGGAGCTT	GATCCAACATCGAGGTCGTAA	Vert-16S-eDNA-F1	Vert-16S-eDNA-R1	https://doi.org/10.1007/s12686-016-0550-y	Paired	NovaSeq6000	AGTGAGGTATCTAATCTCAGTTTGTTCCACAGCTTTCGTGGGGTCAAGAGTGTTAAAGCTACCTTCGTAATGGGGCTTCTTACCTTCGGGTACGTATAACAGTTCTGAAGGAGTTTCGGCTTTAGTATAATATCAATTTAACCACTCTTTACGCCGAAAGCCTGTCAACTTGGGCCTCTCGTATAACCGCGGTGGCTGGC	asv.463_EE0528
16S	AGACGAGAAGACCCYdTGGAGCTT	GATCCAACATCGAGGTCGTAA	Vert-16S-eDNA-F1	Vert-16S-eDNA-R1	https://doi.org/10.1007/s12686-016-0550-y	Paired	NovaSeq6000	AGTGAGGTATCTAATCTCAGTTTGTTTCTTAGCTTTCGTGGGTTCAGGTAGTGTAAAGCCACCTTCGTAGTTGGGGTTCATGCCCTCGGAAGCGTATAACAGCTATGAGGGTGTTCCGCTTTAGTTAAATGTTTTCCTTAACCACTCTTTACGCCGTCGTCTGTCGACTTGAGCCTCTCGTATAACCGCGGTGGCTGGCA	asv.507_EE0528
16S	AGACGAGAAGACCCYdTGGAGCTT	GATCCAACATCGAGGTCGTAA	Vert-16S-eDNA-F1	Vert-16S-eDNA-R1	https://doi.org/10.1007/s12686-016-0550-y	Paired	NovaSeq6000	GTCGGTAAAACTCGTGCCGCAGCCGCGGTAATACGAAAGGTGCGAGCGTTGTTCGGATTGACTGGGCGTAAAGCGCGTGTAGGCGGTTTAGTAAGTTGGTTGTGAAAGCCCCGAGCTCAACTTGGGAATTGCAATCAAAACTACTTTACTTGAATGCTTGAGAGGTCTGTGGAATTCCAGGTGTAGCAGTGAAATGCGTA	asv.508_EE0528
16S	AGACGAGAAGACCCYdTGGAGCTT	GATCCAACATCGAGGTCGTAA	Vert-16S-eDNA-F1	Vert-16S-eDNA-R1	https://doi.org/10.1007/s12686-016-0550-y	Paired	NovaSeq6000	AGTCTATTTTGTGTCAACTGGAGTTTTTTACAACTCAGGTGAGTTTTAGCTTTATTGGGGAGGGGGTGATCTAAAACACTCTTTACGCCGGCTTCTATTGACTTGGGTTAATCGTGTGACCGCGGTGGCTGGCACGAAATTAACCAACCC	asv.620_EE0531
16S	AGACGAGAAGACCCYdTGGAGCTT	GATCCAACATCGAGGTCGTAA	Vert-16S-eDNA-F1	Vert-16S-eDNA-R1	https://doi.org/10.1007/s12686-016-0550-y	Paired	NovaSeq6000	CGTTGTGGGGCTTCCTGCCTTCGGGTACGTATAACAGTCTTGATGGCGTTCGGCTTTAGTATAAAATTCTATTAACCACTCTTTACGCCGATGCTTGTCAACTTGAGCCTCTCGTATAACCGCGGTGGCTGGCACGAAATTTACCAACCC	asv.737_EE0526
16S	AGACGAGAAGACCCYdTGGAGCTT	GATCCAACATCGAGGTCGTAA	Vert-16S-eDNA-F1	Vert-16S-eDNA-R1	https://doi.org/10.1007/s12686-016-0550-y	Paired	NovaSeq6000	ATTATTAATTTCTTTACCTGTATTAGCAGGAGCAATTACAATGTTATTAACAGATAGAAATTTTAATACAACTTTTCTTGATCCTTCTGGTGGAGGAGGTCCTGTTTTATATCAACATTTATTTTGATTCTTCGGCCACCCCGAGGTCTA	asv.793_EE0528
16S	AGACGAGAAGACCCYdTGGAGCTT	GATCCAACATCGAGGTCGTAA	Vert-16S-eDNA-F1	Vert-16S-eDNA-R1	https://doi.org/10.1007/s12686-016-0550-y	Paired	NovaSeq6000	CAAAAATCTACGAATTTTATTTCTCCACTTGAAATTCTACAATCCTCTCTTTTACTCTAGTAACTTGTTATTAAAAATTGATTTAGTACTTACTACTAAGATTTAATGATTAACTTTGATTACAGCCTACTCACCCTTTACGCCCAATTA	asv.830_EE0524
16S	AGACGAGAAGACCCYdTGGAGCTT	GATCCAACATCGAGGTCGTAA	Vert-16S-eDNA-F1	Vert-16S-eDNA-R1	https://doi.org/10.1007/s12686-016-0550-y	Paired	NovaSeq6000	CCACTTTCGTGGGGGGGCTTCGAGTTCTCGGGGGCGTTAAACAGCACTGATGAACGTTCGGCTTTATTTTGTAATATCCCCTAACCACCCTTTACGCCGAATTTCTATCAACTTGGGCCTCTCGTGTAACCGCGGTTGCTGGCACGAGTT	asv.831_EE0526
16S	AGACGAGAAGACCCYdTGGAGCTT	GATCCAACATCGAGGTCGTAA	Vert-16S-eDNA-F1	Vert-16S-eDNA-R1	https://doi.org/10.1007/s12686-016-0550-y	Paired	NovaSeq6000	TTTATTGTTATCTTTACCTGTTTTAGCAGGAGCAATAACTATGTTATTAACCGACAGAAATTTCAATACAACATTCTTTGATCCTTCAGGAGGAGGAGACCCTATTTTATATCAACACTTATTTTGATTCTTTGGCCATCCCGAAGTCTA	asv.832_EE0526
16S	AGACGAGAAGACCCYdTGGAGCTT	GATCCAACATCGAGGTCGTAA	Vert-16S-eDNA-F1	Vert-16S-eDNA-R1	https://doi.org/10.1007/s12686-016-0550-y	Paired	NovaSeq6000	TGTTAGCAACATAGTTATAGCTCCTGCAAGAACTGGAACTGCTAACAATAATAAAAAAGCAGTTACAAAAATTGATCAAACAAATAAAGGAATTCTATAGAATGTTTGACCTGGATTTCGCATATTAATAATTGTTGAAATAAAATTTAT	asv.834_EE0528
16S	AGACGAGAAGACCCYdTGGAGCTT	GATCCAACATCGAGGTCGTAA	Vert-16S-eDNA-F1	Vert-16S-eDNA-R1	https://doi.org/10.1007/s12686-016-0550-y	Paired	NovaSeq6000	GGGTTGGTAAATTTCGTGCCAGCCGCGGTAAGACGGAGGATGCAAGTGTTATCCGGAATCACTGGGCGTAAAGCGTCTGTAGGTGGCTTAACAAGTCAACTGTTAAATCTTGAAGCTCAACTTCGAAATCGCAGTCGAAACTGTTAGGCTAGAGTATAGTAGGGGTAAAGGGAATTTCCAGTGGAGCGGTGAAATGCGTA	asv.418_EE0526
16S	AGACGAGAAGACCCYdTGGAGCTT	GATCCAACATCGAGGTCGTAA	Vert-16S-eDNA-F1	Vert-16S-eDNA-R1	https://doi.org/10.1007/s12686-016-0550-y	Paired	NovaSeq6000	AGTGAGGTATCTAATCTCAGTTTGTTACCTAGCTTTCGTGGGTTCAATAGTGTTTAAAGCCACTTTCGTTGTGGGGCTTCCTGCCTTCGGGTACGTATAACAGTCTTGATGGCGTTCGGCTTTAGTATAAAATTCTATTAACCACTCTTTACGCCGATGCTTGTCAACTTGAGCCTCTCGTATAACCGCGGTGGCTGGCA	asv.427_EE0526
16S	AGACGAGAAGACCCYdTGGAGCTT	GATCCAACATCGAGGTCGTAA	Vert-16S-eDNA-F1	Vert-16S-eDNA-R1	https://doi.org/10.1007/s12686-016-0550-y	Paired	NovaSeq6000	GCTCCTGCGAGTACAGGTAATGAGAGAAGAAGTAAAAATGCTGTAATTAAAACACTCCATACAAATAATGGTAATCGGTGCATTAATAATCCAGGTCCACGCATATTAAAGATGGTTGTAATAAAATTGATTGCTCCTAAGATACTACTTGCACCTGAAACGTGTAAACTAAAGATAGCTAAATCTACAGCACCTCCTGA	asv.452_EE0526
16S	AGACGAGAAGACCCYdTGGAGCTT	GATCCAACATCGAGGTCGTAA	Vert-16S-eDNA-F1	Vert-16S-eDNA-R1	https://doi.org/10.1007/s12686-016-0550-y	Paired	NovaSeq6000	AGTGAGGTATCTAATCTCAGTTTGTGTCTTAGCTTTCGTGGGTTCAGGGGTTTAAGGCCACTTTCGTAGTTGGGCTTCATGTCTTCTCGCGCGTATAACAGCTAAAAAGTCGTTTGGCCTTAGTTTTAATTTATCTTAACCACTCTTTACGCCGAGGGCCATCCACTCGAGTCTCTCGTCTAACCGCGGTGGCTGGCACG	asv.485_EE0528
16S	AGACGAGAAGACCCYdTGGAGCTT	GATCCAACATCGAGGTCGTAA	Vert-16S-eDNA-F1	Vert-16S-eDNA-R1	https://doi.org/10.1007/s12686-016-0550-y	Paired	NovaSeq6000	AGTGAGGTATCTAATCTCAGTTTGTACCCTAGCTTTCGTGGGTTCAAGTGGGGTGAGGCTACTTTCGTAGTTGTTCTTCATGTCCTCGGGAGCGTATAACTGCTTTGAGGGTGTTCGGCCTCAGTTTAGGTGTTTGGGGTTTTGCCCACTCTTTACGCCGGGGCTTAACAACTTAGGTCTCTCGTATAACCGCGGTAGCT	asv.488_EE0528
16S	AGACGAGAAGACCCYdTGGAGCTT	GATCCAACATCGAGGTCGTAA	Vert-16S-eDNA-F1	Vert-16S-eDNA-R1	https://doi.org/10.1007/s12686-016-0550-y	Paired	NovaSeq6000	GTTGGTAAATCTCGTGCCAGCAGCCGCGGTAATACGGGAGGGGCAAGCGTTACCCAGAGTAATTGGGCGTAAAGGGTCCGTAGACAGTAACATAAGTTATTTGTTAATTTTCAAAGCTTAACTTTGAACGAGCAAATAATACTGTTTTACTTGAGTTTTATTCAGAAGAGTAGAATTTTATAAGAAAGTTTAATAGCTGT	asv.513_EE0528
16S	AGACGAGAAGACCCYdTGGAGCTT	GATCCAACATCGAGGTCGTAA	Vert-16S-eDNA-F1	Vert-16S-eDNA-R1	https://doi.org/10.1007/s12686-016-0550-y	Paired	NovaSeq6000	TCTACGCATTTCACCGCTACACCTGAAATTCTACCCCCCTCTACAGTACTCTAGTCTGCCAGTTTCAAATGCTATTCCGAGGTTGAGCCCCGGGCTTTCACATCTGACTTAACAAACCACCTGCATGCGCTTTACGCCCAGTAATTCCGA	asv.619_EE0526
16S	AGACGAGAAGACCCYdTGGAGCTT	GATCCAACATCGAGGTCGTAA	Vert-16S-eDNA-F1	Vert-16S-eDNA-R1	https://doi.org/10.1007/s12686-016-0550-y	Paired	NovaSeq6000	ATTATTATTATCATTACCTGTATTTGCGGGTGCTATTACAATGTTATTAACAGATCGTAATTTTAACACAACTTTTTTTGATCCAGCTGGTGGTGGGGATCCTGTGTTATATCAACATTTATTTTGGTTCTTCGGCCACCCCGAAGTCTA	asv.648_EE0528
16S	AGACGAGAAGACCCYdTGGAGCTT	GATCCAACATCGAGGTCGTAA	Vert-16S-eDNA-F1	Vert-16S-eDNA-R1	https://doi.org/10.1007/s12686-016-0550-y	Paired	NovaSeq6000	TGATTGGGCTTCTGACCTTCGGGTGCGTATAACAGCTTTGAAGGTGTTTGGCTTTAGTAAAGTATAGTACTTAACCACTCTTTACGCCGATTGTCTGTCAACTTGGGTCTCTCGTATAACCGCGGTGGCTGGCACGAAATTTACCAACCC	asv.664_EE0528
16S	AGACGAGAAGACCCYdTGGAGCTT	GATCCAACATCGAGGTCGTAA	Vert-16S-eDNA-F1	Vert-16S-eDNA-R1	https://doi.org/10.1007/s12686-016-0550-y	Paired	NovaSeq6000	TGGCTAAGGACCTATTTTAAACTAGAGCTGAATTTCTTCAAAGCTGTTATACGCTCATGAAAACTAGAAAATCAACCACGAAAGTGGCTCTAATCCCCCCCTGACACCACGAAAGCTATGACACAAACTGGGATTAGATACCCCACTATG	asv.677_EE0528
16S	AGACGAGAAGACCCYdTGGAGCTT	GATCCAACATCGAGGTCGTAA	Vert-16S-eDNA-F1	Vert-16S-eDNA-R1	https://doi.org/10.1007/s12686-016-0550-y	Paired	NovaSeq6000	TTATTGGGCTTCTTGTCTTCGTGTGCGTATGACGGCTTGGAAGATGTTCGGCTTTAGTTTAGGTATTTGCCTTAACCACCCTTTACGCCGATGCCTAACAACTTGGGTCTCTCGTATAACCGCGGTGGCTGGCACGAAATTAACCAACCC	asv.708_EE0528
16S	AGACGAGAAGACCCYdTGGAGCTT	GATCCAACATCGAGGTCGTAA	Vert-16S-eDNA-F1	Vert-16S-eDNA-R1	https://doi.org/10.1007/s12686-016-0550-y	Paired	NovaSeq6000	TCTTCTTTTATCTCTTCCTGTTCTTGCAGGTGCCATCACAATATTATTAACTGATCGAAATTTAAATACTTCTTTTTTTGATCCCGCAGGAGGAGGTGATCCAATTTTATATCAACACCTATTCTGATTTTTTGGCCACCCCGAAGTCTA	asv.743_EE0526
16S	AGACGAGAAGACCCYdTGGAGCTT	GATCCAACATCGAGGTCGTAA	Vert-16S-eDNA-F1	Vert-16S-eDNA-R1	https://doi.org/10.1007/s12686-016-0550-y	Paired	NovaSeq6000	TTCTTTTATTACTTTCTTTACCTGTTTTAGCTGGGGCTATCACAATGCTATTAACGGATAGAAATTTTAATACTTCATTCTTTGATCCAAATGGTGGTGGTGATCCTGTTTTATACCAGCATTTATTTTGATTCTTCGGCCACCCCGAAG	asv.768_EE0528
16S	AGACGAGAAGACCCYdTGGAGCTT	GATCCAACATCGAGGTCGTAA	Vert-16S-eDNA-F1	Vert-16S-eDNA-R1	https://doi.org/10.1007/s12686-016-0550-y	Paired	NovaSeq6000	TAATGGGGCTTCTTACCTTCGGGTACGTATAACAGTTCTGAAGGAGTTTCGGCTTTAGTATAATATCAATTTAACCACTCTTTACGCCGAAAGCCTGTCAACTTGGGCCTCTCGTATAACCGCGGTGGCTGGCACGAAATTGACCAGTCC	asv.787_EE0528
16S	AGACGAGAAGACCCYdTGGAGCTT	GATCCAACATCGAGGTCGTAA	Vert-16S-eDNA-F1	Vert-16S-eDNA-R1	https://doi.org/10.1007/s12686-016-0550-y	Paired	NovaSeq6000	TTTGCTTTTATTATCTTTACCAGTTTTAGCAGGGGCTATAACAATGCTTTTAACAGATAGAAATTTTAATACTGCTTTTTTTGATCCAAGTGGTGGTGGTGATCCAGTTTTATATCAACATCTTTTTTGATTCTTCGGCCACCCCGAAGT	asv.792_EE0526
16S	AGACGAGAAGACCCYdTGGAGCTT	GATCCAACATCGAGGTCGTAA	Vert-16S-eDNA-F1	Vert-16S-eDNA-R1	https://doi.org/10.1007/s12686-016-0550-y	Paired	NovaSeq6000	ATTATTGTTATCTTTACCTGTTTTAGCTGGTGCTATAACTATGTTGTTAACTGATCGAAATTTTAATACAACTTTTTTTGACCCTGCTGGTGGTGGTGACCCTGTTTTATATCAGCATTTATTTTGGTTCTTCGGCCACCCCGAGGTCTA	asv.813_EE0526
16S	AGACGAGAAGACCCYdTGGAGCTT	GATCCAACATCGAGGTCGTAA	Vert-16S-eDNA-F1	Vert-16S-eDNA-R1	https://doi.org/10.1007/s12686-016-0550-y	Paired	NovaSeq6000	TTACTACTTCTCTCATTACCGGTACTGGCGGGGGCGATTACGATGCTTTTGACAGATAGAAATTTCAATACCACTTTTTTTGATCCCGCAGGTGGTGGGGATCCTGTACTCTTCCAGCACCTGTTCTGATTCTTCGGCCACCCCGAGGTC	asv.819_EE0526
16S	AGACGAGAAGACCCYdTGGAGCTT	GATCCAACATCGAGGTCGTAA	Vert-16S-eDNA-F1	Vert-16S-eDNA-R1	https://doi.org/10.1007/s12686-016-0550-y	Paired	NovaSeq6000	CTGTGCGTTACTATTAATATTTGACAGAAGCTTTGGAACTAGTTTTTATTTAAGTGATATATACATTGCAGGTGAAGCGCTAGATGCTACTGGAGGTTCACCATTGTTATTCCAACATTTATTTTGGTTTTTCGGCCACCCCGAAGTCTA	asv.820_EE0528
16S	AGACGAGAAGACCCYdTGGAGCTT	GATCCAACATCGAGGTCGTAA	Vert-16S-eDNA-F1	Vert-16S-eDNA-R1	https://doi.org/10.1007/s12686-016-0550-y	Paired	NovaSeq6000	ATCGGCAGAACTTACGCTGTACGTGACACTCGCGCTGGATCGACGGCTCATCTTGGGAGCTTCGATTTCGCCGGCCACGGTGCCATCAGCTTTGTAAATCGCGACCCCAGACACACCGAAAGCGGCGGGATCCAGAGTGACGGGCGGTGT	asv.835_EE0524
16S	AGACGAGAAGACCCYdTGGAGCTT	GATCCAACATCGAGGTCGTAA	Vert-16S-eDNA-F1	Vert-16S-eDNA-R1	https://doi.org/10.1007/s12686-016-0550-y	Paired	NovaSeq6000	AAGAGTGGTTAATACAACATAAACTAAAGCCGAACACCTTCAAGGCCGTTATACGTACCCGAAGGCAGGAAGACCCCCAACGAAAGTGGCTTTAACTAAAATGAACCCACGAAAGCTAGGACACAAACTGGGATTAGATACCCCACTATG	asv.836_EE0524
16S	AGACGAGAAGACCCYdTGGAGCTT	GATCCAACATCGAGGTCGTAA	Vert-16S-eDNA-F1	Vert-16S-eDNA-R1	https://doi.org/10.1007/s12686-016-0550-y	Paired	NovaSeq6000	TCGTAGTTGGGGTTCATGCCCTCGGAAGCGTATAACAGCTATGAGGGTGTTCCGCTTTAGTTAAATGTTTTCCTTAACCACTCTTTACGCCGTCGTCTGTCGACTTGAGCCTCTCGTATAACCGCGGTGGCTGGCACGAGATTTACCAAC	asv.840_EE0528
16S	AGACGAGAAGACCCYdTGGAGCTT	GATCCAACATCGAGGTCGTAA	Vert-16S-eDNA-F1	Vert-16S-eDNA-R1	https://doi.org/10.1007/s12686-016-0550-y	Paired	NovaSeq6000	TTGTTGGGCTTCTAGCTTTCGTATGCGTATAACAGCTTTGAAAGCATTCGGCTTTAATTGTGCTCGTTCTCTTAACCACGCTTTACGCCGGTGTCTATCAGCTTGGGCCTCTCGTATAACCGCGGTGGCTGGCACGAAATTAACCAACCC	asv.842_EE0528
16S	AGACGAGAAGACCCYdTGGAGCTT	GATCCAACATCGAGGTCGTAA	Vert-16S-eDNA-F1	Vert-16S-eDNA-R1	https://doi.org/10.1007/s12686-016-0550-y	Paired	NovaSeq6000	TCTACGCATTTCACCGCTACACCAGGAATTCCACTTCCCTCTACCATACTCAAGCCAAACAGTTTCAAATGCACTTCCGGGGTTGAGCCCCGGGCTTTCACATCTGACTTATCTGGCCGCCTGCGCGCCCTTTACGCCCAGTAAATCCGA	asv.843_EE0539
16S	AGACGAGAAGACCCYdTGGAGCTT	GATCCAACATCGAGGTCGTAA	Vert-16S-eDNA-F1	Vert-16S-eDNA-R1	https://doi.org/10.1007/s12686-016-0550-y	Paired	NovaSeq6000	TCTACGGATTTCACTCCTACACTCGGAATTCCACTTTCCTCTCCCATACTCAAGACTGCCAGTATCCGATGCACTTCCGGGGTTGAGCCCCGGGCTTTCACACCAGACTTAACAGTCCGCCTACATGCTCTTTACGCCCAATAATTCCGA	asv.844_EE0539
16S	AGACGAGAAGACCCYdTGGAGCTT	GATCCAACATCGAGGTCGTAA	Vert-16S-eDNA-F1	Vert-16S-eDNA-R1	https://doi.org/10.1007/s12686-016-0550-y	Paired	NovaSeq6000	TCTACGAATTTCACCTCTACACTGGGAATTCCACCACCCTCTCCTAGTCTCAAGTCTTACAGTATCAGAGGCAGTTCCGAGGTTGAGCCTCGGGCTTTCACCCCTGACTGGCAAGACCGCCTGCGTGCCCTTTACGCCCAGTAAATCCGA	asv.845_EE0539
16S	AGACGAGAAGACCCYdTGGAGCTT	GATCCAACATCGAGGTCGTAA	Vert-16S-eDNA-F1	Vert-16S-eDNA-R1	https://doi.org/10.1007/s12686-016-0550-y	Paired	NovaSeq6000	TAATTTATTAATGCAAACAGTACCTAACAAACCCACAGGTCCTAAACTACCAAACCTGCATTAAAAATTTCGGTTAGGGCGACCTCGGAGCAGAACCCAACCTCCGAGCAGTACATGCTAAGACTTCACCAGTCAAAGCGAACTACTATACTCAATTGATCCAATAACTTGACCAACGGAACAAGTTACCCTAGGGATAACAGCGCAATCCTATTCTAGAGTCCATATCAACAATAGGGT	asv.140_EE0528
16S	AGACGAGAAGACCCYdTGGAGCTT	GATCCAACATCGAGGTCGTAA	Vert-16S-eDNA-F1	Vert-16S-eDNA-R1	https://doi.org/10.1007/s12686-016-0550-y	Paired	NovaSeq6000	TAGACACTAAGCCAGACTTTGTTAAGCACCCCTTTCAAAGGACTAAACTAATTGCAACCTGGCCTGATGTCTTTGGTTGGGGCGACCTCGGGGAAACAAAAAACCTCCGCGTGGAATGGAAGAACTCCTCTTCTAGAACCAAGAGCTACCGCTCAAATTGACAGAATATCTGACCAATTACAGATCCGGCTTTAACGCCGATCAACGGACCGAGTTACCCCAGGGATAACAGCGCAATCCTCTTTTAGAGCCCATATCGACAAGAGGGT	asv.225_EE0526
16S	AGACGAGAAGACCCYdTGGAGCTT	GATCCAACATCGAGGTCGTAA	Vert-16S-eDNA-F1	Vert-16S-eDNA-R1	https://doi.org/10.1007/s12686-016-0550-y	Paired	NovaSeq6000	GTTGGTAAATCTCGTGCCAGCAGCCGCGGTAATACGGAGGGTGCGAGCGTTAATCGGAATTACTGGGCGTAAAGCGCATGCAGGTGGTTTGTTAAGTCAGATGTGAAAGCCCGGGGCTCAACCTCGGAATAGCATTTGAAACTGGCAGACTAGAGTACTGTAGAGGGGGTAGAATTTCAGGTGTAGCGGTGAAATGCGTA	asv.349_EE0531
16S	AGACGAGAAGACCCYdTGGAGCTT	GATCCAACATCGAGGTCGTAA	Vert-16S-eDNA-F1	Vert-16S-eDNA-R1	https://doi.org/10.1007/s12686-016-0550-y	Paired	NovaSeq6000	TAGACTTCGGAACAGGTCATGTCAACTACCTCCTTAAACAAGTAATAACTATTGAACCTCTGTCTCCTGTCTTTGGTTGGGGCGACCACGGGGAAGAAAAAAACCCCCATGTGGACTGGGAGCACCCTCCTCCCACAACCATGAGCCACAGCTCTAATGCACAGAATTTCTGACCATAAGATCCGGCAAAGCCGATCAACGAACCGAGTTACCCTAGGGATAACAGCGCAATCCCCTTTAAGAGTCCATATCGACAAGGGGGT	asv.41_EE0526
16S	AGACGAGAAGACCCYdTGGAGCTT	GATCCAACATCGAGGTCGTAA	Vert-16S-eDNA-F1	Vert-16S-eDNA-R1	https://doi.org/10.1007/s12686-016-0550-y	Paired	NovaSeq6000	AGTGAGGTATCTAATCTCAGTTTGTGTCATAGCTTTCGTGGGTTCAGGCAGGTTAGAGCCACTTTCGTTATTGGGCTTCTTGTCTTCGTGTGCGTATGACGGCTTGGAAGATGTTCGGCTTTAGTTTGGGTATTTGCCTTAACCACCCTTTACGCCGATGCCTAACAACTTGGGTCTCTCGTATAACCGCGGTGGCTGGC	asv.411_EE0528
16S	AGACGAGAAGACCCYdTGGAGCTT	GATCCAACATCGAGGTCGTAA	Vert-16S-eDNA-F1	Vert-16S-eDNA-R1	https://doi.org/10.1007/s12686-016-0550-y	Paired	NovaSeq6000	AGTGAGGTATCTAATCTCAGTTTGTTTCACAGCTTTCGTGGGGTCAGGCTTAATAAAGCTACTTTCGTTAAAGATCTTCTTAACTCGGAAGCGTTAGACAGCTCTGAGGACGTTTGGCTTTAGTTTTTAAAGTTTCCCTAACCACTCTTTACGCCGTTATCTGTCAACTTGAGCCTCTCGTATAACCGCGGTGGCTGGCA	asv.416_EE0528
16S	AGACGAGAAGACCCYdTGGAGCTT	GATCCAACATCGAGGTCGTAA	Vert-16S-eDNA-F1	Vert-16S-eDNA-R1	https://doi.org/10.1007/s12686-016-0550-y	Paired	NovaSeq6000	GTCGGTAAAACTCGTGCCAGCCACCGCGGTTATACGAGAGGCTCAAGTTGATAGACAACGGCGTAAAGAGTGGTTAAGGAACCCATTAAACTAAAGCCGAACGCCCTCAGAACTGTTATACGTTTCCGAAGGTAAGAAGCCCCACCACGAAAGTGACTTTACTTCCCCTGACCCCACGAAAGCTGCGAAACAAACTGGGA	asv.430_EE0528
16S	AGACGAGAAGACCCYdTGGAGCTT	GATCCAACATCGAGGTCGTAA	Vert-16S-eDNA-F1	Vert-16S-eDNA-R1	https://doi.org/10.1007/s12686-016-0550-y	Paired	NovaSeq6000	GGGTTGGTAAATTTCGTGCCAGCCACCGCGGTTATACGAGGGGCCCAAGTTAACAGAACCTCGGCGTAAAGCGTGGTTAGATAACAATGAACTAAAGCCGAATACTCTCGAGGCTGTTATACGCACCTGAGAGCCAGAAGCCCCACTACGAAAGTGGCTTTACCTAATTTGAACCCACGAAAGCTAAGACACAAACTGGG	asv.449_EE0526
16S	AGACGAGAAGACCCYdTGGAGCTT	GATCCAACATCGAGGTCGTAA	Vert-16S-eDNA-F1	Vert-16S-eDNA-R1	https://doi.org/10.1007/s12686-016-0550-y	Paired	NovaSeq6000	AGTGAGGTATCTAATCTCAGTTTGTGCCCTAGCTTTCGTGGGTTCAGTAAGTTTAAAGCCACTTTCGTGATTGGGCTTCTAACCTTCGGGTGCGTATAACAGCTTTGAAGGTGTTTGGCTTTAGTAGGGTGTAGTACTTAACCACTCTTTACGCCGATTGTCTGTCAACTTGGGTCTCTCGTATAACCGCGGTGGCTGGC	asv.462_EE0526
16S	AGACGAGAAGACCCYdTGGAGCTT	GATCCAACATCGAGGTCGTAA	Vert-16S-eDNA-F1	Vert-16S-eDNA-R1	https://doi.org/10.1007/s12686-016-0550-y	Paired	NovaSeq6000	AGTGAGGTATCTAATCTCAGTTTGTTCCACAGCTTTCGTGGGGTCAAGAGTGTTAAAGCTACCTTCGTAATGGGGCTTCTTACCTTCGGGTACGTATAACAGTTCTGAAGGAGTTTCGGCTTTAGTATAATATCAATTTAACCACTCTTTACGCCGAAAGCCTGTCAACTTGGGCCTCTCGTATAACCGCGGTGGCTGGC	asv.463_EE0526
16S	AGACGAGAAGACCCYdTGGAGCTT	GATCCAACATCGAGGTCGTAA	Vert-16S-eDNA-F1	Vert-16S-eDNA-R1	https://doi.org/10.1007/s12686-016-0550-y	Paired	NovaSeq6000	AGTGAGGTATCTAATCTCAGTTTGTACCCTGGCTTTCGTGGGTTCGGGGGAAGGTAAAGCTACTTTCGTAATAGGGCTTCGAATCTTCGAGGGCGTATAACAGCGTTGAAGATATTCGGCTTTATTTTATAATTATCCCTAACCACCCTTTACGCCGGTACCTATCAACTTGGGCCTCTCGTATAACCGCGGTGGCTGGC	asv.477_EE0526
16S	AGACGAGAAGACCCYdTGGAGCTT	GATCCAACATCGAGGTCGTAA	Vert-16S-eDNA-F1	Vert-16S-eDNA-R1	https://doi.org/10.1007/s12686-016-0550-y	Paired	NovaSeq6000	GTCGGTAAAACTCGTGCCAGCAGCCGCGGTAATACGGGGGATGCAAGTGTTATCCGGAATTATTGGGCGTAAAGCGTCTGTAGGTGGTTTAATAAGTCTATTGTTAAAGCTTGAAACTTAACTTCAGAGATGCAGTAGAAACTGTTAAACTAGAGTATAATTGAGGTAGAAGGAATTTCCAGTGGAGTGGTGAAATGCGT	asv.512_EE0526
16S	AGACGAGAAGACCCYdTGGAGCTT	GATCCAACATCGAGGTCGTAA	Vert-16S-eDNA-F1	Vert-16S-eDNA-R1	https://doi.org/10.1007/s12686-016-0550-y	Paired	NovaSeq6000	AGTGAGGTATCTAATCTCAGTTTGTTCCATAGCTTTCGTGGGTTCAGAAAGGGTAAAGCTACTTTCGTAATTGGGCTTCTTACCTTCGAGTACGTATGACAGTGAGGAAGGCATTTGGCTTTAGTTGAGGTTTTTCCTAACCACACTTTACGCCGGTATTAATCAACTTGAGTCGCCCGTGTAACCGCGGTGGCTGGCAC	asv.514_EE0524
16S	AGACGAGAAGACCCYdTGGAGCTT	GATCCAACATCGAGGTCGTAA	Vert-16S-eDNA-F1	Vert-16S-eDNA-R1	https://doi.org/10.1007/s12686-016-0550-y	Paired	NovaSeq6000	CCGCGCCTCAATGTCAGCCATAACCCAAGGGGCGCCCTTCGGACAGTGTTCGTCCTGAGTGTATCTAAGAATTACACCTCTTCACACCCAATTCAACCCCTTCCCAGTTATGCTCTAGGGCTTTTCGTTAGGGCTTTATCTAAGCGGCTGGATGCCCAAAGCCCCATCTACGCGCCCAGCCCAGTCATTCTGGATAACGC	asv.517_EE0526
16S	AGACGAGAAGACCCYdTGGAGCTT	GATCCAACATCGAGGTCGTAA	Vert-16S-eDNA-F1	Vert-16S-eDNA-R1	https://doi.org/10.1007/s12686-016-0550-y	Paired	NovaSeq6000	AGTGAGGTATCTAATCTCAGTTTGTGTCACAGCTTTCGTGGGGTCGGGGTATGTAAAGTTACTTTCGTAATAGAGCTTCTTATCTTCGGGAACGTATAACAGTTCTGAAGGTGTTCGACTTTAGTTTTAGGGGTTGCCCTAACCACTCTTTACGCCGTTGTCTGTCAACTTGAGCCTCTCGTATAACCGCGGTGGCTGGC	asv.519_EE0526
16S	AGACGAGAAGACCCYdTGGAGCTT	GATCCAACATCGAGGTCGTAA	Vert-16S-eDNA-F1	Vert-16S-eDNA-R1	https://doi.org/10.1007/s12686-016-0550-y	Paired	NovaSeq6000	AGTGAGGTATCTAATCTCAGTTTGGGTCTTAGCTATTGTGTCTTCAGGATATTAAAGCCACTTTCGTAGTACATTTTACTTCAGCTGGAGTTTTTTACAACTTAGATGGAACTTAGCTTTATTGAGGGTAGACCTTAAACACTCTTTACACTGAGTTTTATTAGCTCGTGTTAACTGTATGGCTGCGGTGGCTGGCACGA	asv.521_EE0526
16S	AGACGAGAAGACCCYdTGGAGCTT	GATCCAACATCGAGGTCGTAA	Vert-16S-eDNA-F1	Vert-16S-eDNA-R1	https://doi.org/10.1007/s12686-016-0550-y	Paired	NovaSeq6000	AGTGAGGTATCTAATCTCAGTTTGTTTCCTAGCTCTCGTGGGTTCAAGTTATGTAAAGCCACTTTCGTGGCTGATCTTCATGTCTTCGAGTGCGTTATACAACTTTGAAGATGTTCGGCTTTATTTTGTGCGGGTATTAACCACTCTTTACGCCGTTAACTGTCAGCTTGGGCCTCTCGTATAACCGCGGTGGCTGGCAC	asv.522_EE0526
16S	AGACGAGAAGACCCYdTGGAGCTT	GATCCAACATCGAGGTCGTAA	Vert-16S-eDNA-F1	Vert-16S-eDNA-R1	https://doi.org/10.1007/s12686-016-0550-y	Paired	NovaSeq6000	AGTGAGGTATCTAATCTCAGTTTGTGCCCTAGCTTTCGTGGAATCAGATATAATAGAGCCACTTTCGTAGTTGGGCTTCTTACCTTCGAGAGCGTATAACAGCTTTGAGGGTATTTAGCTCTAGTTTTTATACATCTTAACCACTCTTTACGCCGATGACTGTCAACTTGAGTCTCTCGTATAACCGCGGTGGCTGGCAC	asv.523_EE0526
16S	AGACGAGAAGACCCYdTGGAGCTT	GATCCAACATCGAGGTCGTAA	Vert-16S-eDNA-F1	Vert-16S-eDNA-R1	https://doi.org/10.1007/s12686-016-0550-y	Paired	NovaSeq6000	AGTGAGGTATCTAATCTCAGTTTGTTCCCTAGCTTTCGTGGCTTCAAGGGTATAAAGTCACTTTCGTGGTGGGTCTTCATATCTTCGAGTGCGTAAAACAACTTTGCAGATGTTCGACTTTAGTGTTGTGGGGCTATTAACCACGCTTTACGCCGGTAACTGTCAGCTCGGGCCTCTCGTATAACCGCGGTGGCTGGCAC	asv.524_EE0528
16S	AGACGAGAAGACCCYdTGGAGCTT	GATCCAACATCGAGGTCGTAA	Vert-16S-eDNA-F1	Vert-16S-eDNA-R1	https://doi.org/10.1007/s12686-016-0550-y	Paired	NovaSeq6000	TAGACGCCAAGGACAGATCATGTTAAAAACTCTGAACAAAGACTAAACTGTATGAACTCTGCCCTAATGTCTTTGGTTGGGGCGACCCTGGGGAACAACAAAACCCCCATGAAGACAGGGAGAACGCTTTATTTCTCCTGCAAACAAGAACAACAATTCTAATTAACAGAACCTCTGACTTACAAGATCCGGCCCTGCCG	asv.525_EE0528
16S	AGACGAGAAGACCCYdTGGAGCTT	GATCCAACATCGAGGTCGTAA	Vert-16S-eDNA-F1	Vert-16S-eDNA-R1	https://doi.org/10.1007/s12686-016-0550-y	Paired	NovaSeq6000	GTCGGTAAAACTCGTGCCAGCAGCCGCGGTAATACGGGGGGGGCAAGCGTTGTTCGGAATTACTGGGCGTAAAGGGCGCGCAGGCGGACGGGCAAGTCCCTCGTGAAATCCCATGGCTCAACCGTGGAATTGCGGGAGAAACTGCTCGCCTTGAGTTCGGAGAGGAGAGTGGAATTCCCAGTGTAGCGGTGAAATGCGTA	asv.526_EE0528
16S	AGACGAGAAGACCCYdTGGAGCTT	GATCCAACATCGAGGTCGTAA	Vert-16S-eDNA-F1	Vert-16S-eDNA-R1	https://doi.org/10.1007/s12686-016-0550-y	Paired	NovaSeq6000	AGTGAGGTATCTAATCTCAGTTTGTGTCATAGCTTTCGTGGTGTTAGGAGGGGTTAGAGCCACTTTCGTGGTTGATTTTCTAGTTTTCATGAGCGTATAACAGCTTTGAAGAAATTCAGCTCTAGTTTGAAATAGGTCCTTAGCCACCCTTTACGCCGAATATTTTTCAACTTGGGCCTTTCGTATAACCGCGGTGGCTG	asv.527_EE0528
16S	AGACGAGAAGACCCYdTGGAGCTT	GATCCAACATCGAGGTCGTAA	Vert-16S-eDNA-F1	Vert-16S-eDNA-R1	https://doi.org/10.1007/s12686-016-0550-y	Paired	NovaSeq6000	GTTGGTAAATCTCGTGCCAGCAGCCGCGGTAACACGTAGGTGGCAAGCGTTGTCCGGAATTATTGGGCGTAAAGCGTATGTAGGCGGTCTATTAAGTCTGATTTGAAAGCCCATGGCTTAACCATGGAGGGAGATGGAAACTGGTAGACTTGAGTGCAGGAGAGGAAGGTGGAATTCCACGTGTAGCGGTGAAATGCGTA	asv.528_EE0539
16S	AGACGAGAAGACCCYdTGGAGCTT	GATCCAACATCGAGGTCGTAA	Vert-16S-eDNA-F1	Vert-16S-eDNA-R1	https://doi.org/10.1007/s12686-016-0550-y	Paired	NovaSeq6000	GTGTTTTAGATCACCCCCTCCCCAATAAAGCTAAAACTCACCTGAGTTGTAAAAAACTCCAGTTGACACAAAATAGACTACGAAAGTGGCTTTAACATATCTGAACACACAATAGCTAAGACCCAAACTGGGATTAGATACCCCACTATG	asv.667_EE0531
16S	AGACGAGAAGACCCYdTGGAGCTT	GATCCAACATCGAGGTCGTAA	Vert-16S-eDNA-F1	Vert-16S-eDNA-R1	https://doi.org/10.1007/s12686-016-0550-y	Paired	NovaSeq6000	TCGTGGTGGGGCTTCTTACCTTCGGAAACGTATAACAGTTCTGAGGGCGTTCGGCTTTAGTTTAATAAGTTCCTTAACCACTCTTTACGCCGTTGTCTGTCAACTTGAGCCTCTCGTATAACCGCGGTGGCTGGCACGAGATTTACCAAC	asv.720_EE0528
16S	AGACGAGAAGACCCYdTGGAGCTT	GATCCAACATCGAGGTCGTAA	Vert-16S-eDNA-F1	Vert-16S-eDNA-R1	https://doi.org/10.1007/s12686-016-0550-y	Paired	NovaSeq6000	TCGTTAAAGATCTTCTTAACTCGGAAGCGTTAGACAGCTCTGAGGACGTTTGGCTTTAGTTTTTAAAGTTTCCCTAACCACTCTTTACGCCGTTATCTGTCAACTTGAGCCTCTCGTATAACCGCGGTGGCTGGCACGAGATTTACCAAC	asv.725_EE0528
16S	AGACGAGAAGACCCYdTGGAGCTT	GATCCAACATCGAGGTCGTAA	Vert-16S-eDNA-F1	Vert-16S-eDNA-R1	https://doi.org/10.1007/s12686-016-0550-y	Paired	NovaSeq6000	GAGTGGTTAAGTACTATACTTTACTAAAGCCAAACACCTTCAAAGCTGTTATACGCACCCGAAGGTCAGAAGCCCAATCACGAAAGTGGCTTTAAACTAACTGAACCCACGAAAGCTAGGGCACAAACTGGGATTAGATACCCCACTATG	asv.765_EE0528
16S	AGACGAGAAGACCCYdTGGAGCTT	GATCCAACATCGAGGTCGTAA	Vert-16S-eDNA-F1	Vert-16S-eDNA-R1	https://doi.org/10.1007/s12686-016-0550-y	Paired	NovaSeq6000	GCTGTTGAGCTTCGTGACCCCCATGGCGTATGACAGCATAAGGGGTGTTCGGCTTTAGTCTGGGTTGATCTCTAATCACACTTTACGCCGTGGTGCGTCAATTTGGGCCTCTCGTATAACCGCGGTTGCTGGCACGAAATTAACCAACCC	asv.775_EE0526
16S	AGACGAGAAGACCCYdTGGAGCTT	GATCCAACATCGAGGTCGTAA	Vert-16S-eDNA-F1	Vert-16S-eDNA-R1	https://doi.org/10.1007/s12686-016-0550-y	Paired	NovaSeq6000	TAATGGGGCTTCTTACCTTCGGGTACGTATAACAGTTCTGAAGGAGTTTCGGCTTTAGTATAATATCAATTTAACCACTCTTTACGCCGAAAGCCTGTCAACTTGGGCCTCTCGTATAACCGCGGTGGCTGGCACGAAATTGACCAGTCC	asv.787_EE0526
16S	AGACGAGAAGACCCYdTGGAGCTT	GATCCAACATCGAGGTCGTAA	Vert-16S-eDNA-F1	Vert-16S-eDNA-R1	https://doi.org/10.1007/s12686-016-0550-y	Paired	NovaSeq6000	ATTATTATTATCTTTACCTGTTTTAGCTGGAGCTATTACTATGCTATTAACAGATCGTAATTTTAATACAACATTTTTTGATCCTGCAGGAGGAGGAGATCCTGTTTTATACCAACATCTTTTTTGATTTTTCGGCCATCCCGAGGTCTA	asv.796_EE0528
16S	AGACGAGAAGACCCYdTGGAGCTT	GATCCAACATCGAGGTCGTAA	Vert-16S-eDNA-F1	Vert-16S-eDNA-R1	https://doi.org/10.1007/s12686-016-0550-y	Paired	NovaSeq6000	AGTTGTTCTTCATGTCCTCGGGAGCGTATAACTGCTTTGAGGGTGTTCGGCCTCAGTTTAGGTGTTTGGGGTTTTGCCCACTCTTTACGCCGGGGCTTAACAACTTAGGTCTCTCGTATAACCGCGGTAGCTGGCACGAGATTTACCAAC	asv.797_EE0528
16S	AGACGAGAAGACCCYdTGGAGCTT	GATCCAACATCGAGGTCGTAA	Vert-16S-eDNA-F1	Vert-16S-eDNA-R1	https://doi.org/10.1007/s12686-016-0550-y	Paired	NovaSeq6000	CGTAGTTGGGCTTCATGTCTTCTCGCGCGTATAACAGCTAAAAAGTCGTTTGGCCTTAGTTTTAATTTATCTTAACCACTCTTTACGCCGAGGGCCATCCACTCGAGTCTCTCGTCTAACCGCGGTGGCTGGCACGAAATTAACCAACCC	asv.803_EE0528
16S	AGACGAGAAGACCCYdTGGAGCTT	GATCCAACATCGAGGTCGTAA	Vert-16S-eDNA-F1	Vert-16S-eDNA-R1	https://doi.org/10.1007/s12686-016-0550-y	Paired	NovaSeq6000	TCTTTTATTATCACTTCCAGTTCTTGCTGGAGCGATTACTATGCTTTTAACTGATCGTAACTTTAATACAACTTTCTTTGATCCAGCGGGAGGAGGAGATCCAATTTTATTTCAACACCTTTTTTGGTTCTTCGGCCACCCCGAAGTCTA	asv.833_EE0526
16S	AGACGAGAAGACCCYdTGGAGCTT	GATCCAACATCGAGGTCGTAA	Vert-16S-eDNA-F1	Vert-16S-eDNA-R1	https://doi.org/10.1007/s12686-016-0550-y	Paired	NovaSeq6000	GCTTCTACTGCTAGCTGTACCTGTCCTAGCGGGAGGTATCACGATGCTGCTAACGGATCGGAACTTCAGCACCGGCTTCTTCGATGCTCAAGTAGGCGGCGATCCTCTACTGTTCCAGCATCTCTTCTGGTTCTTCGGCCATCCCGAAGT	asv.841_EE0528
16S	AGACGAGAAGACCCYdTGGAGCTT	GATCCAACATCGAGGTCGTAA	Vert-16S-eDNA-F1	Vert-16S-eDNA-R1	https://doi.org/10.1007/s12686-016-0550-y	Paired	NovaSeq6000	TTCGTAATTGGGCTTCTTACCTTCGAGTACGTATGACAGTGAGGAAGGCATTTGGCTTTAGTTGAGGTTTTTCCTAACCACACTTTACGCCGGTATTAATCAACTTGAGTCGCCCGTGTAACCGCGGTGGCTGGCACGAGTTTTACCGAC	asv.846_EE0524
16S	AGACGAGAAGACCCYdTGGAGCTT	GATCCAACATCGAGGTCGTAA	Vert-16S-eDNA-F1	Vert-16S-eDNA-R1	https://doi.org/10.1007/s12686-016-0550-y	Paired	NovaSeq6000	ACCGATGAACACAAAACCCGTGGTGACCGAAGATCCGTTGCCGCCTATCGTTGAAGACGATGCCGTTTCGGATATCGTGTCCATCTCAGGAGAATCCACAGGTGGTGAAGTGAAGGAAGTCAATGTGGCTGGCACGAAATTGACCAGTCC	asv.847_EE0524
16S	AGACGAGAAGACCCYdTGGAGCTT	GATCCAACATCGAGGTCGTAA	Vert-16S-eDNA-F1	Vert-16S-eDNA-R1	https://doi.org/10.1007/s12686-016-0550-y	Paired	NovaSeq6000	GAAGATAATAGACTGGTAGTTAGTTCCTGTGTGTTATGTTTAATGCTAATGAAATAAAGGTAAAGAATGCACGCTTTATTTCATTACAATTAAACAACACACACAGGGTAAAAGAACTAATTTATAATGGAATGCGTGCCTCGTTTACAC	asv.852_EE0528
16S	AGACGAGAAGACCCYdTGGAGCTT	GATCCAACATCGAGGTCGTAA	Vert-16S-eDNA-F1	Vert-16S-eDNA-R1	https://doi.org/10.1007/s12686-016-0550-y	Paired	NovaSeq6000	GTATTTAGCGCTACCGGAACACAAGGGAACTCCAGTCAAGATTATCGTAGGTTTTGTAACGATGGATGGCTCACCAGCTATGGAAACGGAGGAGGCCCTAAAGTGTCTATTATTGCAAAACTCAATGCCCAAACCGGTGCGCCTGAAAAA	asv.853_EE0528
16S	AGACGAGAAGACCCYdTGGAGCTT	GATCCAACATCGAGGTCGTAA	Vert-16S-eDNA-F1	Vert-16S-eDNA-R1	https://doi.org/10.1007/s12686-016-0550-y	Paired	NovaSeq6000	GTGGTGGGTCTTCATATCTTCGAGTGCGTAAAACAACTTTGCAGATGTTCGACTTTAGTGTTGTGGGGCTATTAACCACGCTTTACGCCGGTAACTGTCAGCTCGGGCCTCTCGTATAACCGCGGTGGCTGGCACGAAATTAACCAACCC	asv.854_EE0528
16S	AGACGAGAAGACCCYdTGGAGCTT	GATCCAACATCGAGGTCGTAA	Vert-16S-eDNA-F1	Vert-16S-eDNA-R1	https://doi.org/10.1007/s12686-016-0550-y	Paired	NovaSeq6000	TAGACAATAAATAGCACCTGTAAAGACTAGCTTGCAACGTAAAACAAAAGGTATTTCTATTTTACATGTCTTTGGTTGGGGCGACCGCGGGGAATACAAAACCCCCACGTGGAACAAGAACTCCATCTTTAAACTGAGAGCTACACCTCTAAGGAACAGAATCTCTGACCAGAATGATCCGGCGGCAACCCCGCCGATCAACGGAACTAGTTACCCCAGGGATAACAGCGCAATCCTCTCCCAGAGCCCATATCGACGAGGGGGT	asv.110_EE0528
16S	AGACGAGAAGACCCYdTGGAGCTT	GATCCAACATCGAGGTCGTAA	Vert-16S-eDNA-F1	Vert-16S-eDNA-R1	https://doi.org/10.1007/s12686-016-0550-y	Paired	NovaSeq6000	TAGACGCCCACCAATCACGAAAAGCAGGTCTCCCTCAACAGACTTCCAAACAACGTGATACTGGCACAAACGTCTTCGGTTGGGGCGACCGCGGGAGAGAAAAAAGCTCCCGAGAGGATTGGGGCTACCCTAAAACCAAGAGCTACACCTCTAAGTCACAAAACATTTGACCAAAAATGATCCGGCTACATGCCGATTAACGAACCAAGTTACCCTAGGGATAACAGCGCAATCCCTTCCCAGAGTCCATATCGACGAAGGGGT	asv.308_EE0537
16S	AGACGAGAAGACCCYdTGGAGCTT	GATCCAACATCGAGGTCGTAA	Vert-16S-eDNA-F1	Vert-16S-eDNA-R1	https://doi.org/10.1007/s12686-016-0550-y	Paired	NovaSeq6000	TAGTTAAGTTTTATTTTTTTTAAACACTTAATTTTAGTTGGGGCAACTATTTTTATATAATAACACAAAAATATCAAAATCATGACTTAAATCTAACATGACCCTTAATTGTTAAGACCAATAAAACAAGCTACCACGGGGATAACAGCGTAATCTTTTTTGAGAGTTCTTATTGACAAAAAAGTTTACGACCTCGATGTTGGATC	asv.311_EE0526
16S	AGACGAGAAGACCCYdTGGAGCTT	GATCCAACATCGAGGTCGTAA	Vert-16S-eDNA-F1	Vert-16S-eDNA-R1	https://doi.org/10.1007/s12686-016-0550-y	Paired	NovaSeq6000	TAGACACTAAGACGAATCATGTTAAGTACCTCTAAATAAAGAACCAAACCAGATGAACCTCGCCCTATATGTATTTGGTTGGGGCGACCGCGGGGAAACAAAAATCCCCCACGTGGAATAGGAGCACCCCTCCTACAACCAAGAGCTACAGCTCTAAGCAACAGAAATTCTGACCATCAAGATCCGGCAACGCCGATCAACGAACCGAGTTACCCCAGGGATAACAGCGCAATCCTCTTTTAGAGCCCATATCGACAAGGGGGT	asv.312_EE0526
16S	AGACGAGAAGACCCYdTGGAGCTT	GATCCAACATCGAGGTCGTAA	Vert-16S-eDNA-F1	Vert-16S-eDNA-R1	https://doi.org/10.1007/s12686-016-0550-y	Paired	NovaSeq6000	GGGTTGGTAAATTTCGTGCCAGCCACCGCGGTCACACGATTAACCCAAGTCAATAGAAGCCGGCGTAAAGAGTGTTTTAGATCACCCCCTCCCCAATAAAGCTAAAACTCACCTGAGTTGTAAAAAACTCCAGTTGACACAAAATAGACTACGAAAGTGGCTTTAACATATCTGAACACACAATAGCTAAGACCCAAACT	asv.377_EE0528
16S	AGACGAGAAGACCCYdTGGAGCTT	GATCCAACATCGAGGTCGTAA	Vert-16S-eDNA-F1	Vert-16S-eDNA-R1	https://doi.org/10.1007/s12686-016-0550-y	Paired	NovaSeq6000	GGGTTGGTAAATTTCGTGCCAGCCACCGCGGTCACACGATTAACCCAAGTCAATAGAAGCCGGCGTAAAGAGTGTTTTAGATCACCCCCTCCCCAATAAAGCTAAAACTCACCTGAGTTGTAAAAAACTCCAGTTGACACAAAATAGACTACGAAAGTGGCTTTAACATATCTGAACACACAATAGCTAAGACCCAAACT	asv.377_EE0541
16S	AGACGAGAAGACCCYdTGGAGCTT	GATCCAACATCGAGGTCGTAA	Vert-16S-eDNA-F1	Vert-16S-eDNA-R1	https://doi.org/10.1007/s12686-016-0550-y	Paired	NovaSeq6000	GGGTTGGTAAATTTCGTGCCAGCCACCGCGGTCACACGATTAACCCAAGTCAATAGAAGCCGGCGTAAAGAGTGTTTTAGATCACCCCCTCCCCAATAAAGCTAAAACTCACCTGAGTTGTAAAAAACTCCAGTTGACACAAAATAGACTACGAAAGTGGCTTTAACATATCTGAACACACAATAGCTAAGACCCAAACT	asv.377_EE0537
16S	AGACGAGAAGACCCYdTGGAGCTT	GATCCAACATCGAGGTCGTAA	Vert-16S-eDNA-F1	Vert-16S-eDNA-R1	https://doi.org/10.1007/s12686-016-0550-y	Paired	NovaSeq6000	GTCGGTAAAACTCGTGCCAGCAGCCGCGGTAATACGGGAGGGGCAAGCGTTATCTGGAATAATTGGGCGTAAAGGGTTCGTAGACTGTATTGTAAGTTATTTGTTAAATCCTAGAGCTTAACTCTAGAAAAGCATTTAATACTACTATACTAGAGTTTTGTGCAGAAGAGTAGAATTTCATGTCGAGGAGTAACGACTGC	asv.379_EE0524
16S	AGACGAGAAGACCCYdTGGAGCTT	GATCCAACATCGAGGTCGTAA	Vert-16S-eDNA-F1	Vert-16S-eDNA-R1	https://doi.org/10.1007/s12686-016-0550-y	Paired	NovaSeq6000	GGTACAGGATGAACTGTTTATCCTCCGTTAAGTAGTGTTCAAGCACATTCTGGGCCTTCTGTCGATTTAGCTATTTTTAGCCTTCACTTATCTGGGGCTTCTTCTATTTTGGGAGCGATAAACTTTATAACTACTATTTTCAATATGAGGTCACCTGGTATGACTATGCACAGATTACCACTAATGGTTTGGGCTGTCTT	asv.464_EE0526
16S	AGACGAGAAGACCCYdTGGAGCTT	GATCCAACATCGAGGTCGTAA	Vert-16S-eDNA-F1	Vert-16S-eDNA-R1	https://doi.org/10.1007/s12686-016-0550-y	Paired	NovaSeq6000	AGTGAGGTATCTAATCTCAGTTTGTACCCTGGCTTTCGTGGGTTCGGGGGAAGGTAAAGCTACTTTCGTAATAGGGCTTCGAATCTTCGAGGGCGTATAACAGCGTTGAAGATATTCGGCTTTATTTTATAATTATCCCTAACCACCCTTTACGCCGGTACCTATCAACTTGGGCCTCTCGTATAACCGCGGTGGCTGGC	asv.477_EE0528
16S	AGACGAGAAGACCCYdTGGAGCTT	GATCCAACATCGAGGTCGTAA	Vert-16S-eDNA-F1	Vert-16S-eDNA-R1	https://doi.org/10.1007/s12686-016-0550-y	Paired	NovaSeq6000	GGAACTGGATGAACAGTTTATCCTCCACAGGCAATTTTAGAAGGAACACCAGGAGCCGGAATGGGGATAATATTAATGTGTGTGTCCTTAATTTTATTTGTTGCTGGATTTACAATGGGTGGATTAAATTATTTAATTACTGTTCTACAAGCTAGAACAAGAGGAATGACATTAATGAGAATGCCACTAACAGTTTGGGG	asv.531_EE0526
16S	AGACGAGAAGACCCYdTGGAGCTT	GATCCAACATCGAGGTCGTAA	Vert-16S-eDNA-F1	Vert-16S-eDNA-R1	https://doi.org/10.1007/s12686-016-0550-y	Paired	NovaSeq6000	AGTGAGGTATCTAATCTCAGTTTGTTTCCTGGCTGTCGTGGGTTCTGGCTTGAGGTTTAAAGCTACTTTCGTCAAGGAGGTTCCGTCCTCCGGAAGCGTATAACAGCCTAGGGGACGTTTGGCTTTAGCGGGGGGGTCCCATAACCACTCTTTACGCCGGGGCCATCGACTAGGGCCTCTCGTATAACCGCGGTGGCTGG	asv.532_EE0526
16S	AGACGAGAAGACCCYdTGGAGCTT	GATCCAACATCGAGGTCGTAA	Vert-16S-eDNA-F1	Vert-16S-eDNA-R1	https://doi.org/10.1007/s12686-016-0550-y	Paired	NovaSeq6000	GTCGGTAAAACTCGTGCCAGCAGCCGCGGTAATACGGGAGGGGCAAGCGTTATCCGGAATAATTGGGCGTAAAGGGTTCGTAGACTGTAATATAAGTTATTTGTTAAATTTTATAACTTACTTATAAATCAGCATATAATACTGTATTACTTGAGTTTTTATCGGAAAAATAGAATTTTATAAGAAGAGGTGATACTTGT	asv.534_EE0528
16S	AGACGAGAAGACCCYdTGGAGCTT	GATCCAACATCGAGGTCGTAA	Vert-16S-eDNA-F1	Vert-16S-eDNA-R1	https://doi.org/10.1007/s12686-016-0550-y	Paired	NovaSeq6000	GTCGGTAAAACTCGTGCCAGCAGCCGCGGTAAGACGAGAGGGGCAAGCGTTGTTCGGAATTATTGGGCGTAAAGGGTGCGTAGGCGGCCTCATAAGTAGAGTGTTAAATCTCCAGGCTCAACCTGGAACCGCACTCTATACTGTGAGGCTTGAACATAGTAGAGGGAGTAAGAATACTTAGTGGAGAGGTGAAATTCGTA	asv.535_EE0528
16S	AGACGAGAAGACCCYdTGGAGCTT	GATCCAACATCGAGGTCGTAA	Vert-16S-eDNA-F1	Vert-16S-eDNA-R1	https://doi.org/10.1007/s12686-016-0550-y	Paired	NovaSeq6000	AGTGAGGTATCTAATCTCAGTTTGTACCATAGCTTTCGTGGATTCAGATGTTATAAAGCCACTTTCGTGGTTGGGCTTCTTACCTTCGGATGCGTATAACAGCTCTGAGGGCGTTCGGCTTTAGTGTTAAGTGCTGTCTTAACCACTCTTTACGCCGGTGACTATCAACTCGGGTCTCTCGTATAACCGCGGTGGCTGGC	asv.536_EE0528
16S	AGACGAGAAGACCCYdTGGAGCTT	GATCCAACATCGAGGTCGTAA	Vert-16S-eDNA-F1	Vert-16S-eDNA-R1	https://doi.org/10.1007/s12686-016-0550-y	Paired	NovaSeq6000	AGTGAGGTATCTAATCTCAGTTTGTTTCCTAGCTTTCGTGGGTTCAATAGTATTTAAAGCTACTTTCGTTATGGGGTTTCCTGTCTTCGGGTACGTATAACAGTCTTGAAGGTGTTTAGCTTTAGTTTACGGACCTATTAACCACTCTTTACGCCGGTGTCTATTAATTTGGGCCTCTCGTATAACCGCGGTGGCTGGCA	asv.537_EE0528
16S	AGACGAGAAGACCCYdTGGAGCTT	GATCCAACATCGAGGTCGTAA	Vert-16S-eDNA-F1	Vert-16S-eDNA-R1	https://doi.org/10.1007/s12686-016-0550-y	Paired	NovaSeq6000	TCTACGCATTTCACCGCTACACCTGAAATTCTACCCCCCTCTACAGTACTCTAGTCTGCCAGTTTCAAATGCTATTCCGAGGTTGAGCCCCGGGCTTTCACATCTGACTTAACAAACCACCTGCATGCGCTTTACGCCCAGTAATTCCGA	asv.619_EE0539
16S	AGACGAGAAGACCCYdTGGAGCTT	GATCCAACATCGAGGTCGTAA	Vert-16S-eDNA-F1	Vert-16S-eDNA-R1	https://doi.org/10.1007/s12686-016-0550-y	Paired	NovaSeq6000	AGTCTATTTTGTGTCAACTGGAGTTTTTTACAACTCAGGTGAGTTTTAGCTTTATTGGGGAGGGGGTGATCTAAAACACTCTTTACGCCGGCTTCTATTGACTTGGGTTAATCGTGTGACCGCGGTGGCTGGCACGAAATTGACCAGTCC	asv.634_EE0539
16S	AGACGAGAAGACCCYdTGGAGCTT	GATCCAACATCGAGGTCGTAA	Vert-16S-eDNA-F1	Vert-16S-eDNA-R1	https://doi.org/10.1007/s12686-016-0550-y	Paired	NovaSeq6000	GTGTTTTAGATCACCCCCTCCCCAATAAAGCTAAAACTCACCTGAGTTGTAAAAAACTCCAGTTGACACAAAATAGACTACGAAAGTGGCTTTAACATATCTGAACACACAATAGCTAAGACCCAAACTGGGATTAGATACCCCACTATG	asv.667_EE0539
16S	AGACGAGAAGACCCYdTGGAGCTT	GATCCAACATCGAGGTCGTAA	Vert-16S-eDNA-F1	Vert-16S-eDNA-R1	https://doi.org/10.1007/s12686-016-0550-y	Paired	NovaSeq6000	AGTTGGGCTTCATACCTCCGAGCGCGTATAACGGTCTTGGGGGCGTTCGACTTTAGTTGTATTGGGGTAACTTAACCACTCTTTACGCCGATGGCTGTCAGCTTGGACCTCTCGTATAACCGCGGTGGCTGGCACGAAATTAACCAACCC	asv.694_EE0526
16S	AGACGAGAAGACCCYdTGGAGCTT	GATCCAACATCGAGGTCGTAA	Vert-16S-eDNA-F1	Vert-16S-eDNA-R1	https://doi.org/10.1007/s12686-016-0550-y	Paired	NovaSeq6000	TGATTGGGCTTCTAACCTTCGGGTGCGTATAACAGCTTTGAAGGTGTTTGGCTTTAGTGAAGTAGGGTACTTAACCACTCTTTACGCCGATTGTCTGTCAACTTGGGTCTCTCGTATAACCGCGGTGGCTGGCACGAAATTTACCAACCC	asv.719_EE0528
16S	AGACGAGAAGACCCYdTGGAGCTT	GATCCAACATCGAGGTCGTAA	Vert-16S-eDNA-F1	Vert-16S-eDNA-R1	https://doi.org/10.1007/s12686-016-0550-y	Paired	NovaSeq6000	TTTGCTTTTATTATCTTTACCAGTTTTAGCAGGGGCTATAACAATGCTTTTAACAGATAGAAATTTTAATACTGCTTTTTTTGATCCAAGTGGTGGTGGTGATCCAGTTTTATATCAACATCTTTTTTGATTCTTCGGCCACCCCGAAGT	asv.792_EE0528
16S	AGACGAGAAGACCCYdTGGAGCTT	GATCCAACATCGAGGTCGTAA	Vert-16S-eDNA-F1	Vert-16S-eDNA-R1	https://doi.org/10.1007/s12686-016-0550-y	Paired	NovaSeq6000	ATTATTATTATCTTTACCTGTTTTAGCTGGAGCTATTACTATGCTATTAACAGATCGTAATTTTAATACAACATTTTTTGATCCTGCAGGAGGAGGAGATCCTGTTTTATACCAACATCTTTTTTGATTTTTCGGCCATCCCGAGGTCTA	asv.796_EE0526
16S	AGACGAGAAGACCCYdTGGAGCTT	GATCCAACATCGAGGTCGTAA	Vert-16S-eDNA-F1	Vert-16S-eDNA-R1	https://doi.org/10.1007/s12686-016-0550-y	Paired	NovaSeq6000	AGTTGTTCTTCATGTCCTCGGGAGCGTATAACTGCTTTGAGGGTGTTCGGCCTCAGTTTAGGTGTTTGGGGTTTTGCCCACTCTTTACGCCGGGGCTTAACAACTTAGGTCTCTCGTATAACCGCGGTAGCTGGCACGAGATTTACCAAC	asv.797_EE0526
16S	AGACGAGAAGACCCYdTGGAGCTT	GATCCAACATCGAGGTCGTAA	Vert-16S-eDNA-F1	Vert-16S-eDNA-R1	https://doi.org/10.1007/s12686-016-0550-y	Paired	NovaSeq6000	TTGTGCTGTTCTACTTATCATGGATAGAGGATTTGGAACAAGCTTCTATATCTCTGATATCTTCATTGATGGTAAAGCACTAGATCAAACGGGTGGTAGTCCAATACTCTTCCAGCACTTATTCTGATTCTTCGGCCACCCCGAAGTCTA	asv.814_EE0528
16S	AGACGAGAAGACCCYdTGGAGCTT	GATCCAACATCGAGGTCGTAA	Vert-16S-eDNA-F1	Vert-16S-eDNA-R1	https://doi.org/10.1007/s12686-016-0550-y	Paired	NovaSeq6000	AAGCGTGGTTAGATAACAATGAACTAAAGCCGAATACTCTCGAGGCTGTTATACGCACCTGAGAGCCAGAAGCCCCACTACGAAAGTGGCTTTACCTAATTTGAACCCACGAAAGCTAAGACACAAACTGGGATTAGATACCCCACTATG	asv.837_EE0528
16S	AGACGAGAAGACCCYdTGGAGCTT	GATCCAACATCGAGGTCGTAA	Vert-16S-eDNA-F1	Vert-16S-eDNA-R1	https://doi.org/10.1007/s12686-016-0550-y	Paired	NovaSeq6000	ACTTTTACTTTCATTACCTGTTTTAGCAGGTGCTATTACAATGCTATTAACGGATCGTAATTTTAATACAACTTTTTTTGATCCAGCAGGAGGAGGAGATCCAGTTCTTTATCAACATTTATTTTGATTCTTTGGCCATCCCGAGGTCTA	asv.839_EE0526
16S	AGACGAGAAGACCCYdTGGAGCTT	GATCCAACATCGAGGTCGTAA	Vert-16S-eDNA-F1	Vert-16S-eDNA-R1	https://doi.org/10.1007/s12686-016-0550-y	Paired	NovaSeq6000	TAAGGGTGCTTCTTACCCTCGGATACGTATAACAGTTCTGAGGGAGTTTCGGCTTTAGTTTAAAATCAATTTAACCACTCTTTACGCCGAAAGCCTGTCAACTTGGGTCCCTCGTATAACCGCGGTGGCTGGCACGAAATTGACCAGTCC	asv.851_EE0526
16S	AGACGAGAAGACCCYdTGGAGCTT	GATCCAACATCGAGGTCGTAA	Vert-16S-eDNA-F1	Vert-16S-eDNA-R1	https://doi.org/10.1007/s12686-016-0550-y	Paired	NovaSeq6000	TGTATTCCGGCAGCGGACTAGCGCGGAAGGTGTATGGGATGTCATATGCCTCTAGAAAGTTCTCAAAGTCGTTCTGCCAGATGTCACGAATCAAGGGTCCGGTCGGCTCCATGACGGCACCGATGAAGCCTTGATTGGCTGCAGCGAGCA	asv.855_EE0524
16S	AGACGAGAAGACCCYdTGGAGCTT	GATCCAACATCGAGGTCGTAA	Vert-16S-eDNA-F1	Vert-16S-eDNA-R1	https://doi.org/10.1007/s12686-016-0550-y	Paired	NovaSeq6000	ATCATATTATATCACCAATCCTCAAAAAGTAAAATTAACTCTTTTAATAACTCAAGAATTAAAGTTTAATTAATTAATGTATTTTATATACATTATTAAAATTAATTACTTTCTAAATTCCACCTAAAAACCCTTTACGCCCAGTACCTT	asv.856_EE0524
16S	AGACGAGAAGACCCYdTGGAGCTT	GATCCAACATCGAGGTCGTAA	Vert-16S-eDNA-F1	Vert-16S-eDNA-R1	https://doi.org/10.1007/s12686-016-0550-y	Paired	NovaSeq6000	TAGTTGAGCTTCTAGTCCTCGTGTTGCGTATGACAGCTGTGAGGGTATTCGGCTTTAGTTTAATGTCTGTCTTAACCACTCTTTACGCCGATGCTTATCAACTTGGGCCTCTCGTATAACCGCGGTGGCTGGCACGAAATTTACCAACCC	asv.859_EE0526
16S	AGACGAGAAGACCCYdTGGAGCTT	GATCCAACATCGAGGTCGTAA	Vert-16S-eDNA-F1	Vert-16S-eDNA-R1	https://doi.org/10.1007/s12686-016-0550-y	Paired	NovaSeq6000	ACTTCTATTGCTCTCGCTGCCAGTTTTAGCTGGGGCCATTACAATGCTACTTACCGATCGAAATCTAAACACTAGATTTTTCGACCCTGCTGGGGGTGGGGACCCAATCCTATACCAGCACTTGTTCTGATTCTTCGGCCACCCCGAGGT	asv.860_EE0528
16S	AGACGAGAAGACCCYdTGGAGCTT	GATCCAACATCGAGGTCGTAA	Vert-16S-eDNA-F1	Vert-16S-eDNA-R1	https://doi.org/10.1007/s12686-016-0550-y	Paired	NovaSeq6000	GGTCAGTAAGGAGTATTGTAATGGCCCCCGCCAGGACAGGAAGTCTTAGTAAGAGTAAGATAGCTGTTACTAATACTGCTCAAGCAAATAGGGGTATTCGATCGAGAAGTAATCCGAACGTTCGAAGGTTCCCTAGGGTTCTAATGAAGT	asv.861_EE0528
16S	AGACGAGAAGACCCYdTGGAGCTT	GATCCAACATCGAGGTCGTAA	Vert-16S-eDNA-F1	Vert-16S-eDNA-R1	https://doi.org/10.1007/s12686-016-0550-y	Paired	NovaSeq6000	ATTATTATTATCACTACCGGTTTTAGCAGGTGCCATAACCATGCTATTAACTGATAGAAATTTTAATACAACTTTTTTTGATCCAGCTGGGGGTGGGGATCCGATACTGTATCAGCACTTGTTCTGATTTTTCGGCCACCCCGAAGTCTA	asv.862_EE0528
16S	AGACGAGAAGACCCYdTGGAGCTT	GATCCAACATCGAGGTCGTAA	Vert-16S-eDNA-F1	Vert-16S-eDNA-R1	https://doi.org/10.1007/s12686-016-0550-y	Paired	NovaSeq6000	ATTATTATTATCCTTACCTGTGTTGGCTGGTGGTATTACTATGTTATTAACTGACAGGAATTTTAATACTAGTTTCTTTGAACCTATAGGTGGTGGTGACCCTGTGTTATACCAGCATTTATTTTGATTCTTCGGCCACCCCGAAGTCTA	asv.863_EE0528
16S	AGACGAGAAGACCCYdTGGAGCTT	GATCCAACATCGAGGTCGTAA	Vert-16S-eDNA-F1	Vert-16S-eDNA-R1	https://doi.org/10.1007/s12686-016-0550-y	Paired	NovaSeq6000	TGGTTGGGCTTCTTACCTTCGGATGCGTATAACAGCTCTGAGGGCGTTCGGCTTTAGTGTTAAGTGCTGTCTTAACCACTCTTTACGCCGGTGACTATCAACTCGGGTCTCTCGTATAACCGCGGTGGCTGGCACGAAATTAACCAACCC	asv.864_EE0528
16S	AGACGAGAAGACCCYdTGGAGCTT	GATCCAACATCGAGGTCGTAA	Vert-16S-eDNA-F1	Vert-16S-eDNA-R1	https://doi.org/10.1007/s12686-016-0550-y	Paired	NovaSeq6000	TAGACACTAAGCCAGATCACGTCAAATACCCCCACTAAAGGATCGAACTTACTGCAACCTGGCCTGATGTCCTTGGTTGGGGCGACCACGGGGAAGAAAAAAACCCCCATGTGGACTGGGAGCACCCTCCTCCCACAACCATGAGCCACAGCTCTAATGCACAGAATTTCTGACCATAAGATCCGGCAAAGCCGATCAACGAACCGAGTTACCCTAGGGATAACAGCGCAATCCCCTTTAAGAGTCCATATCGACAAGGGGGT	asv.314_EE0528
16S	AGACGAGAAGACCCYdTGGAGCTT	GATCCAACATCGAGGTCGTAA	Vert-16S-eDNA-F1	Vert-16S-eDNA-R1	https://doi.org/10.1007/s12686-016-0550-y	Paired	NovaSeq6000	GTTGGTAAATCTCGTGCCAGCAGCCGCGGTAATACGGGAGGGGCAAGCGTTATCTGGAATAATTGGGCGTAAAGGGTTCGTAGACTGTATTGTAAGTTATTTGTTAAATCCTAGAGCTTAACTCTAGAAAAGCATTTAATACTACTATACTAGAGTTTTGTGCAGAAGAGTAGAATTTCATGTCGAGGAGTAACGACTGC	asv.369_EE0524
16S	AGACGAGAAGACCCYdTGGAGCTT	GATCCAACATCGAGGTCGTAA	Vert-16S-eDNA-F1	Vert-16S-eDNA-R1	https://doi.org/10.1007/s12686-016-0550-y	Paired	NovaSeq6000	GAGTTCAGACGTGTGCTCTTCCGATCTCATAGTGGGGTATCTAATCCCAGTTTGGGTCTTAGCTATTGTGTGTTCAGATATGTTAAAGCCACTTTCGTAGTCTATTTTGTGTCAACTGGAGTTTTTTACAACTCAGGTGAGTTTTAGCTTTATTGGGGAGGGGGTGATCTAAAACACTCTTTACGCCGGCTTCTATTGAC	asv.383_EE0528
16S	AGACGAGAAGACCCYdTGGAGCTT	GATCCAACATCGAGGTCGTAA	Vert-16S-eDNA-F1	Vert-16S-eDNA-R1	https://doi.org/10.1007/s12686-016-0550-y	Paired	NovaSeq6000	GAGTTCAGACGTGTGCTCTTCCGATCTCATAGTGGGGTATCTAATCCCAGTTTGGGTCTTAGCTATTGTGTGTTCAGATATGTTAAAGCCACTTTCGTAGTCTATTTTGTGTCAACTGGAGTTTTTTACAACTCAGGTGAGTTTTAGCTTTATTGGGGAGGGGGTGATCTAAAACACTCTTTACGCCGGCTTCTATTGAC	asv.383_YE-08
16S	AGACGAGAAGACCCYdTGGAGCTT	GATCCAACATCGAGGTCGTAA	Vert-16S-eDNA-F1	Vert-16S-eDNA-R1	https://doi.org/10.1007/s12686-016-0550-y	Paired	NovaSeq6000	AGTGAGGTATCTAATCTCAGTTTGTTTCACAGCTTTCGTGGGGTCAGAAAATTTAAAGCCACTTTCGTAGTTGGGCTTCATACCTCCGAGCGCGTATAACGGTCTTGGGGGCGTTCGACTTTAGTTGTATTGGGGTAACTTAACCACTCTTTACGCCGATGGCTGTCAGCTTGGACCTCTCGTATAACCGCGGTGGCTGG	asv.384_EE0526
16S	AGACGAGAAGACCCYdTGGAGCTT	GATCCAACATCGAGGTCGTAA	Vert-16S-eDNA-F1	Vert-16S-eDNA-R1	https://doi.org/10.1007/s12686-016-0550-y	Paired	NovaSeq6000	GTCGGAAAACTCGTGCCAGCAGCCGCGGTAATACGGAGGGTGCGAGCGTTAATCGGAATTACTGGGCGTAAAGCGCATGCAGGCGGCCAAGTCAGTCAGGTGTGAAAGCCCCGGGCTTAACCTGGGAATTGCATTTGATACTGCTTGGCTAGAGTCCTTGAGAGGGGGGTAGAATTTCAGGTGTAGCGGTGAAATGCGTA	asv.505_EE0531
16S	AGACGAGAAGACCCYdTGGAGCTT	GATCCAACATCGAGGTCGTAA	Vert-16S-eDNA-F1	Vert-16S-eDNA-R1	https://doi.org/10.1007/s12686-016-0550-y	Paired	NovaSeq6000	AGTGAGGTATCTAATCTCAGTTTGGGTCCTAGCTATCGTGTGTCAGGATTATTAGAGTCACTTTCGTGGGTTATTTTATTTTAACTAGGGCTTTTTACAGCTTAGTTATAATTTAACTCTATTGTGATTTTTTTTTTCTTAAACACTCTTTACGCCGTGGATCTATTAATTTGGGTTAATCGTATGACCGCGGTGGCTGG	asv.515_EE0524
16S	AGACGAGAAGACCCYdTGGAGCTT	GATCCAACATCGAGGTCGTAA	Vert-16S-eDNA-F1	Vert-16S-eDNA-R1	https://doi.org/10.1007/s12686-016-0550-y	Paired	NovaSeq6000	GTTGGTAAATCTCGTGCCAGCAGCCGCGGTAATACGAAAGGTGCAAGCGTTGTTCGGAATAACTGGGCGTAAAGCGCTCGTAGGCGGGACTTCAGGTCGATTGTGAAAGCCCAGGGCTCAACCTTGGAATTGCAGTCGAAACCGTCGTTCTTGAATACCTGAGAGGTGGGGGAATTCCTAGTGGAGAAGTGAAATTCGTA	asv.530_EE0528
16S	AGACGAGAAGACCCYdTGGAGCTT	GATCCAACATCGAGGTCGTAA	Vert-16S-eDNA-F1	Vert-16S-eDNA-R1	https://doi.org/10.1007/s12686-016-0550-y	Paired	NovaSeq6000	AGTGAGGTATCTAATCTCAGTTTGTATCATAGCTTTCGTGGGTTCATCTTGGTTAAAGCCACTTTCGTTGGGGGTCTTCCTACCTTCGGGTGCGTATAACGGCTTAGAAGGTGTTCGGCTTTAGTTTATATTCTACTAACCACTCTTTACGCCGGTTTTCGTCAACTTGGGCCTCTCGTATAACCGCGGTGGCTGGCACG	asv.533_EE0528
16S	AGACGAGAAGACCCYdTGGAGCTT	GATCCAACATCGAGGTCGTAA	Vert-16S-eDNA-F1	Vert-16S-eDNA-R1	https://doi.org/10.1007/s12686-016-0550-y	Paired	NovaSeq6000	ATTAGTAGTTAATTGTTTTCACCATCGGTTCTCCTTTTTGTATCATATTATATCACCAATCCTCAAAAAGTAAAATTAACTCTTTTAATAACTCAAGAATTAAAGTTTAATTAATTAATGTATTTTATATACATTATTAAAATTAATTACTTTCTAAATTCCACCTAAAAACCCTTTACGCCCAGTACCTTTGAATAACG	asv.538_EE0524
16S	AGACGAGAAGACCCYdTGGAGCTT	GATCCAACATCGAGGTCGTAA	Vert-16S-eDNA-F1	Vert-16S-eDNA-R1	https://doi.org/10.1007/s12686-016-0550-y	Paired	NovaSeq6000	GTCGGTAAAACTCGTGCCAGCAGCCGCGGTAATACGAGAAGGGCTAACGTTATTCGGATTTATTGGGCGTAAAGTATATGTAAATTGAACATTAACTTTTAATTTAAATTTTAAACTTCATAGTTAAGTTAATTAAAAAACTAATGTTCTTGAGTTTAATCGAAGATTACAGAATTCTAAATGTAACGGTAAAATGTATT	asv.540_EE0526
16S	AGACGAGAAGACCCYdTGGAGCTT	GATCCAACATCGAGGTCGTAA	Vert-16S-eDNA-F1	Vert-16S-eDNA-R1	https://doi.org/10.1007/s12686-016-0550-y	Paired	NovaSeq6000	AGTGAGGTATCTAATCTCAGTTTGGATCTTAGCTGTCGTGTCTTCAGGATATTAAAGCCACATTCGTAGTATGTTTTATTTCAGCCTAAGTTTTTTACAACTTAAATGGAGTTTAGCTTTATTGAGGGCAGATCTTAAACACTCTTTACGCTGAGTTCTATTAGCTTGGGTTAATTGTATAGCTTGGGTTCATTGTATGG	asv.541_EE0526
16S	AGACGAGAAGACCCYdTGGAGCTT	GATCCAACATCGAGGTCGTAA	Vert-16S-eDNA-F1	Vert-16S-eDNA-R1	https://doi.org/10.1007/s12686-016-0550-y	Paired	NovaSeq6000	AGTGAGGTATCTAATCTCAGTTTGTACCCTAGCTTTCGTGGGTTCAGTTAATGTAAAGCCACTTTCGTGATCGGACTTCTCACCTTCGGAAACGTATAACAGTTCTGAGGGCGTTCGGCTTTAGTCTATAATTTATCTTAACCACTCTTTACGCCGGTATCTAACAACTTGGGTCTCTCGTATAACCGCGGTGGCTGGCA	asv.542_EE0526
16S	AGACGAGAAGACCCYdTGGAGCTT	GATCCAACATCGAGGTCGTAA	Vert-16S-eDNA-F1	Vert-16S-eDNA-R1	https://doi.org/10.1007/s12686-016-0550-y	Paired	NovaSeq6000	GTCGGTAAAACTCGTGCCAGCAGCCGCGGTTATACGAGAGGGGCAAGCGTTATTCAATATTATTGGGCGTAAAGGGTACGTAGGTTGAAAAGTAAGTTAAAAATTAAATATTTAGGCTTAACCTTAATAATGTTTTTAATACTGCTTTTCTAGAGTAAAGTAGAGGATAGTAGAATTTCTAATGTAGCGGTGGAATGCTT	asv.543_EE0528
16S	AGACGAGAAGACCCYdTGGAGCTT	GATCCAACATCGAGGTCGTAA	Vert-16S-eDNA-F1	Vert-16S-eDNA-R1	https://doi.org/10.1007/s12686-016-0550-y	Paired	NovaSeq6000	GGAACTGGATGAACAGTATACCCCCCTTTATCTAATAGCACTTATCACTCAAGTGCTGCTGTAGATTTAGCTATATTCAGTTTACATATATCAGGTATAGGTTCTTTATTAGGTTCAATTAACTTTATTACTACTGTAGTAAACATGCGTTGTAATGGTATGACTTTCCATAGATTACCATTATATGTATGGTCTGTATT	asv.544_EE0528
16S	AGACGAGAAGACCCYdTGGAGCTT	GATCCAACATCGAGGTCGTAA	Vert-16S-eDNA-F1	Vert-16S-eDNA-R1	https://doi.org/10.1007/s12686-016-0550-y	Paired	NovaSeq6000	AGTGAGGTATCTAATCTCAGTTTGTGTCATAGCTTTCGTGGTGTCAGGAGTAATTAGAGCCACTTTCGTGGTTGATCTTCTTCTTTTCATGAGCGTATAACAGCTTTGAAGAAATTTAGCTCTAGTTTAGAATGGGCCCTTAGCCACCCTTTACGCCGAATGTTTTTCAACTTGGGCTTTTCGTATAATCGCGGTGGCTG	asv.545_EE0528
16S	AGACGAGAAGACCCYdTGGAGCTT	GATCCAACATCGAGGTCGTAA	Vert-16S-eDNA-F1	Vert-16S-eDNA-R1	https://doi.org/10.1007/s12686-016-0550-y	Paired	NovaSeq6000	GTCGGTAAAACTCGTGCCAGCAGCCGCGGTAATACGTAGGGGGCAAGCGTTGTCCGGAATATTGGGCGTAAAGCGCGCGCAGGCGGCTCTTTAAGTCTGATGTGAAAGCCCGCGGCTCAACCGTGGAGGGTCATTGGAAACTGGAGAGCTTGAGTGCAGGAGAGGAAAGTGGAATTCCATGTGTAGCGGTGAAATGCGTA	asv.546_EE0541
16S	AGACGAGAAGACCCYdTGGAGCTT	GATCCAACATCGAGGTCGTAA	Vert-16S-eDNA-F1	Vert-16S-eDNA-R1	https://doi.org/10.1007/s12686-016-0550-y	Paired	NovaSeq6000	TTTACTTCTTCTCTCATTACCTGTACTCGCAGGAGCAATTACAATGCTATTAACCGATCGAAACTTTTCAACCAGTTTCTTTGATCCAAGTGGTGGAGGAGACCCTATTTTATACCAACATTTATTTTGATTCTTCGGCCACCCCGAAGT	asv.653_EE0524
16S	AGACGAGAAGACCCYdTGGAGCTT	GATCCAACATCGAGGTCGTAA	Vert-16S-eDNA-F1	Vert-16S-eDNA-R1	https://doi.org/10.1007/s12686-016-0550-y	Paired	NovaSeq6000	CGTCAGTGAACTTCTAGTACTCAATAACGTATAACAGTTTTGAGGACATTCGGCTTTAGTTAATAATTATTTAACCACTCTTTACGCCGAAAGTTAATCAACTTGGGCCTCTCGTATAACCGCGGTGGCTGGCACGAAATTTACCAACCC	asv.745_EE0528
16S	AGACGAGAAGACCCYdTGGAGCTT	GATCCAACATCGAGGTCGTAA	Vert-16S-eDNA-F1	Vert-16S-eDNA-R1	https://doi.org/10.1007/s12686-016-0550-y	Paired	NovaSeq6000	ATTATTGTTATCATTACCTGTTTTAGCTGGTGCCATTACTATGTTATTAACTGATAGAAATTTTAATACATCTTTTTTTGATCCTACGGGAGGAGGTGATCCTGTTTTATACCAACATTTATTTTGATTCTTTGGCCACCCCGAGGTCTA	asv.746_EE0526
16S	AGACGAGAAGACCCYdTGGAGCTT	GATCCAACATCGAGGTCGTAA	Vert-16S-eDNA-F1	Vert-16S-eDNA-R1	https://doi.org/10.1007/s12686-016-0550-y	Paired	NovaSeq6000	TCTATTATTATTGTCTCTACCAGTGCTAGCAGGTGCTATTACAATGTTATTAACTGATAGAAATTTCAACACTACATTCTTTGATCCTGCGGGTGGAGGTGATCCTGTATTGTACCAGCATTTATTCTGATTTTTCGGCCACCCCGAGGT	asv.750_EE0526
16S	AGACGAGAAGACCCYdTGGAGCTT	GATCCAACATCGAGGTCGTAA	Vert-16S-eDNA-F1	Vert-16S-eDNA-R1	https://doi.org/10.1007/s12686-016-0550-y	Paired	NovaSeq6000	CCTATTATTGTTATCTTTACCTGTGCTTGCTGGAGCGATCACAATGCTTCTTACAGACAGAAACTTTAATACCACTTTTTTTGATCCCGCTGGTGGTGGAGATCCCGTGTTGTATCAACATTTGTTCTGGTTCTTCGGCCACCCCGAGGT	asv.753_EE0526
16S	AGACGAGAAGACCCYdTGGAGCTT	GATCCAACATCGAGGTCGTAA	Vert-16S-eDNA-F1	Vert-16S-eDNA-R1	https://doi.org/10.1007/s12686-016-0550-y	Paired	NovaSeq6000	CGTGGGGGGACTTCTGGCTTTCGAGTACGTATAACAGTTAAGAAAGCATTTGGCTTTAGTTTATGTAATGATTTTAACCACTCTTTACGCCGATGGTTGTCAGCTTGGGCCTCTCGTATAACCGCGGTGGCTGGCACGAGTTTTACCGAC	asv.786_EE0526
16S	AGACGAGAAGACCCYdTGGAGCTT	GATCCAACATCGAGGTCGTAA	Vert-16S-eDNA-F1	Vert-16S-eDNA-R1	https://doi.org/10.1007/s12686-016-0550-y	Paired	NovaSeq6000	ATTATTAATTTCTTTACCTGTATTAGCAGGAGCAATTACAATGTTATTAACAGATAGAAATTTTAATACAACTTTTCTTGATCCTTCTGGTGGAGGAGGTCCTGTTTTATATCAACATTTATTTTGATTCTTCGGCCACCCCGAGGTCTA	asv.793_EE0526
16S	AGACGAGAAGACCCYdTGGAGCTT	GATCCAACATCGAGGTCGTAA	Vert-16S-eDNA-F1	Vert-16S-eDNA-R1	https://doi.org/10.1007/s12686-016-0550-y	Paired	NovaSeq6000	CGTAGTTGGGCTTCATGTCTTCTCGCGCGTATAACAGCTAAAAAGTCGTTTGGCCTTAGTTTTAATTTATCTTAACCACTCTTTACGCCGAGGGCCATCCACTCGAGTCTCTCGTCTAACCGCGGTGGCTGGCACGAAATTAACCAACCC	asv.803_EE0526
16S	AGACGAGAAGACCCYdTGGAGCTT	GATCCAACATCGAGGTCGTAA	Vert-16S-eDNA-F1	Vert-16S-eDNA-R1	https://doi.org/10.1007/s12686-016-0550-y	Paired	NovaSeq6000	GGTTAGAACATCCTTAAATAAACTAAAGCCGAAAATCTTCATAGCAGTTGTACGCTTACGAAAGTAAGAAGCCCAATCACGAAAGTAGCTTTACAAAATTTTGACTCCACGAAAACTGGGGAACAAACTAGGATTAGATACCCCACTATG	asv.807_EE0528
16S	AGACGAGAAGACCCYdTGGAGCTT	GATCCAACATCGAGGTCGTAA	Vert-16S-eDNA-F1	Vert-16S-eDNA-R1	https://doi.org/10.1007/s12686-016-0550-y	Paired	NovaSeq6000	GGTTAGAACATCCTTAAATAAACTAAAGCCGAAAATCTTCATAGCAGTTGTACGCTTACGAAAGTAAGAAGCCCAATCACGAAAGTAGCTTTACAAAATTTTGACTCCACGAAAACTGGGGAACAAACTAGGATTAGATACCCCACTATG	asv.807_EE0526
16S	AGACGAGAAGACCCYdTGGAGCTT	GATCCAACATCGAGGTCGTAA	Vert-16S-eDNA-F1	Vert-16S-eDNA-R1	https://doi.org/10.1007/s12686-016-0550-y	Paired	NovaSeq6000	CTATTGCTTCTAGCTCTACCTGTTCTAGCTGGTGCAATTACTATGCTACTAACTGATCGAAACTTCAATACTAGTTTCTTTGATCCAGCAGGAGGAGGAGATCCAATTCTATTCCAGCACTTGTTCTGGTTCTTCGGCCACCCCGAAGTC	asv.822_EE0528
16S	AGACGAGAAGACCCYdTGGAGCTT	GATCCAACATCGAGGTCGTAA	Vert-16S-eDNA-F1	Vert-16S-eDNA-R1	https://doi.org/10.1007/s12686-016-0550-y	Paired	NovaSeq6000	TTATTATTATTAGCGGTTCCTATATTAGCTGGAGCAATAACTATGTTATTAACTGATAGAAATTTTAATACTTCATTTTTTGATCCTTCAGGGGGAGGTGATCCCATTTTATACCAACATTTATTTTGGTTCTTTGGCCACCCCGAAGTC	asv.823_EE0526
16S	AGACGAGAAGACCCYdTGGAGCTT	GATCCAACATCGAGGTCGTAA	Vert-16S-eDNA-F1	Vert-16S-eDNA-R1	https://doi.org/10.1007/s12686-016-0550-y	Paired	NovaSeq6000	TTTATTATTACTTTCATTGCCCGTCTTAGCTGGAGCAATTACAATGCTACTGACTGATCGAAACTTTAACACCACGTTTTTTGACCCTGCCGGGGGTGGTGATCCTGTTCTTTATCAGCACTTATTCTGATTCTTCGGCCATCCCGAGGT	asv.858_EE0528
16S	AGACGAGAAGACCCYdTGGAGCTT	GATCCAACATCGAGGTCGTAA	Vert-16S-eDNA-F1	Vert-16S-eDNA-R1	https://doi.org/10.1007/s12686-016-0550-y	Paired	NovaSeq6000	CAGCCTAAGTTTTTTACAACTTAAATGGAGTTTAGCTTTATTGAGGGCAGATCTTAAACACTCTTTACGCTGAGTTCTATTAGCTTGGGTTAATTGTATAGCTTGGGTTCATTGTATGGCCACAGTGGCTGGCACGAAATTGACCAGTCC	asv.866_EE0526
16S	AGACGAGAAGACCCYdTGGAGCTT	GATCCAACATCGAGGTCGTAA	Vert-16S-eDNA-F1	Vert-16S-eDNA-R1	https://doi.org/10.1007/s12686-016-0550-y	Paired	NovaSeq6000	TTTCGTAGTACATTTTACTTCAGCTGGAGTTTTTTACAACTTAGATGGAACTTAGCTTTATTGAGGGTAGACCCTAAACACTCTTTACACTGAGTTTTATTAGCTCGTGTTAACTGTATGGCTGCGGTGGCTGGCACGAGTTTTACCGAC	asv.870_EE0526
16S	AGACGAGAAGACCCYdTGGAGCTT	GATCCAACATCGAGGTCGTAA	Vert-16S-eDNA-F1	Vert-16S-eDNA-R1	https://doi.org/10.1007/s12686-016-0550-y	Paired	NovaSeq6000	ATTATTATTATTATCATTACCAGTACTAGCAGGAGCTATTACAATGTTGCTAACTGATCGAAATTTAAACACTTCGTTTTATGACGTAGGTGGTGGTGGAGATCCTATTTTATATCAACACTTATTTTGATTCTTCGGCCATCCCGAGGT	asv.871_EE0528
16S	AGACGAGAAGACCCYdTGGAGCTT	GATCCAACATCGAGGTCGTAA	Vert-16S-eDNA-F1	Vert-16S-eDNA-R1	https://doi.org/10.1007/s12686-016-0550-y	Paired	NovaSeq6000	AATAATAAGTGCTATTCCTGTACTGGCGGCTGCTTTAACAATGCTTTTTTCTGATAGACACTGAGGATCCTGCTTTTTTCAACCAAAAGGAGGAGGAGATCCAGTTTTATATCAGCATCTTTTTTGGTTTTTCGGCCATCCCGAAGTCTA	asv.872_EE0528
16S	AGACGAGAAGACCCYdTGGAGCTT	GATCCAACATCGAGGTCGTAA	Vert-16S-eDNA-F1	Vert-16S-eDNA-R1	https://doi.org/10.1007/s12686-016-0550-y	Paired	NovaSeq6000	TCTACGCATTTCACCGCTACACGTGGAATTCCACCTTCCTCTCCTGCACTCAAGTCTACCAGTTTCCAATCTCCCTCCATGGTTAAGCCATGGGCTTTCAAATCAGACTTAATAGACCGCCTACATACGCTTTACGCCCAATAATTCCGG	asv.873_EE0539
16S	AGACGAGAAGACCCYdTGGAGCTT	GATCCAACATCGAGGTCGTAA	Vert-16S-eDNA-F1	Vert-16S-eDNA-R1	https://doi.org/10.1007/s12686-016-0550-y	Paired	NovaSeq6000	CAGACAAAAGAACAGACTATGTCAAAACCCCCAGACAAGGGAAAGAACCAATTAGACCCTGTCCTAATGTCTTTGGTTGGGGCGACCGCGGGGAAATGAAAATCCCCCATGTGGAATAGAGCCACACCTTCTACAACCGAGAGTAACAACTCTAAGCAACAGAAATTCTGACCATTATGATCCGGCACCGCCGATCAACGGAACGAGTTACCCCAGGGATAACAGCGCAATCCTCTTTTAGAGCCCATATCGACAAGAGGGT	asv.146_EE0528
16S	AGACGAGAAGACCCYdTGGAGCTT	GATCCAACATCGAGGTCGTAA	Vert-16S-eDNA-F1	Vert-16S-eDNA-R1	https://doi.org/10.1007/s12686-016-0550-y	Paired	NovaSeq6000	TACTTTTATAGGAGGAAAGATAGCATAAAGCTCCTAAAAGAGTTTGGTTGGGGCGACAGAAGAACAAGAAAAGCTTCTTCAAACTAAAAAACTAATTCTGATCCGATTAATTTCGATCGAAGGAAAGAGTTACCGCAGGGATAACAGCATTATCTTTTCCGTGAGTTCGTATCTAAGAAAGGGTTTACGACCTCGATGTTGGATC	asv.315_EE0526
16S	AGACGAGAAGACCCYdTGGAGCTT	GATCCAACATCGAGGTCGTAA	Vert-16S-eDNA-F1	Vert-16S-eDNA-R1	https://doi.org/10.1007/s12686-016-0550-y	Paired	NovaSeq6000	GTCGGTAAACTCGTGCCAGCAGCCGCGGTAATACGGAAGGTCCTAGCGTTGTTCGGAATTACTGGGCGTAAAGCGCATGTAGGCGGAACAAAAAGTTAGAAGTGAAATCCCTGGGCTCAACCTAGGAATTGCTTTTAAAACTTTTGTTCTGGAATTCAGGAGAGGAAAATGGAATTTCCAGTGTAGAGGTGAAATTCGTA	asv.335_EE0528
16S	AGACGAGAAGACCCYdTGGAGCTT	GATCCAACATCGAGGTCGTAA	Vert-16S-eDNA-F1	Vert-16S-eDNA-R1	https://doi.org/10.1007/s12686-016-0550-y	Paired	NovaSeq6000	AGTGAGGTATCTAATCTCAGTTTGTACCCTGGCTTTCGTGGGTTCGGGGGAAGGTAAAGCTACTTTCGTAACGGGGCTTCGAATCTTCGGGGGCGTATAACAGCGTTGAAGATATTCGGCTTTATTTTATAGGGATCCCTAACCACCCTTTACGCCGGTGCCTATCAACTTGGGCCTCTCGTATAACCGCGGTGGCTGGC	asv.360_EE0526
16S	AGACGAGAAGACCCYdTGGAGCTT	GATCCAACATCGAGGTCGTAA	Vert-16S-eDNA-F1	Vert-16S-eDNA-R1	https://doi.org/10.1007/s12686-016-0550-y	Paired	NovaSeq6000	GGGTTGGTAAATTTCGTGCCAGCCACCGCGGTCACACGATTAACCCAAGTCAATAGAAGCCGGCGTAAAGAGTGTTTTAGATCACCCCCTCCCCAATAAAGCTAAAACTCACCTGAGTTGTAAAAAACTCCAGTTGACACAAAATAGACTACGAAAGTGGCTTTAACATATCTGAACACACAATAGCTAAGACCCAAACT	asv.377_EE0524
16S	AGACGAGAAGACCCYdTGGAGCTT	GATCCAACATCGAGGTCGTAA	Vert-16S-eDNA-F1	Vert-16S-eDNA-R1	https://doi.org/10.1007/s12686-016-0550-y	Paired	NovaSeq6000	AGTGAGGTATCTAATCTCAGTTTGTGCCCTAGCTTTCGTGGGTTCAGTTGGTTTAAAGCCACTTTCGTGATTGGGCTTCTGATCTTCGGGTGCGTATAACAGCTTTGAAGGTGTTTGGCTTTAGTGAAATATGTTACTTAACCACTCTTTACGCCGATTGTCTGTCAACTTGGGTCTCTCGTATAACCGCGGTGGCTGGC	asv.382_EE0526
16S	AGACGAGAAGACCCYdTGGAGCTT	GATCCAACATCGAGGTCGTAA	Vert-16S-eDNA-F1	Vert-16S-eDNA-R1	https://doi.org/10.1007/s12686-016-0550-y	Paired	NovaSeq6000	GAGTTCAGACGTGTGCTCTTCCGATCTCATAGTGGGGTATCTAATCCCAGTTTGGGTCTTAGCTATTGTGTGTTCAGATATGTTAAAGCCACTTTCGTAGTCTATTTTGTGTCAACTGGAGTTTTTTACAACTCAGGTGAGTTTTAGCTTTATTGGGGAGGGGGTGATCTAAAACACTCTTTACGCCGGCTTCTATTGAC	asv.383_EE0541
16S	AGACGAGAAGACCCYdTGGAGCTT	GATCCAACATCGAGGTCGTAA	Vert-16S-eDNA-F1	Vert-16S-eDNA-R1	https://doi.org/10.1007/s12686-016-0550-y	Paired	NovaSeq6000	GGGTTGGTTAATTTCGTGCCAGCCGCGGTAATACGGAGGGTGCGAGCGTTAATCGGAATTACTGGGCGTAAAGCGCATGCAGGTGGTTTGTTAAGTCAGATGTGAAAGCCCGGGGCTCAACCTCGGAATAGCATTTGAAACTGGCAGACTAGAGTACTGTAGAGGGGGGTAGAATTTCAGGTGTAGCGGTGAAATGCGTA	asv.393_EE0537
16S	AGACGAGAAGACCCYdTGGAGCTT	GATCCAACATCGAGGTCGTAA	Vert-16S-eDNA-F1	Vert-16S-eDNA-R1	https://doi.org/10.1007/s12686-016-0550-y	Paired	NovaSeq6000	AGTGAGGTATCTAATCTCAGTTTGGGTCTTAGCTATAGTGTATCAGCTGCAGTAGGGTTACTTTCGTCATCTATTTTTGTTGTAATTATGGCTTTTTACAGTTTAATTAGAATTTAACTCTATTTGATGTAGTGCTTTAACACGTTTTACGCCGTATTCCTGTTAGCTTGGGTTAATCGTATGACCGCGGTGGCTGGCAC	asv.423_EE0528
16S	AGACGAGAAGACCCYdTGGAGCTT	GATCCAACATCGAGGTCGTAA	Vert-16S-eDNA-F1	Vert-16S-eDNA-R1	https://doi.org/10.1007/s12686-016-0550-y	Paired	NovaSeq6000	GTCGGTAAAACTCGTGCCAGCAGCCGCGGTAATACGTATGTCGCAAGCGTTATCCGGAATTATTGGGCGTAAAGCGCGTCTAGGCGGCCTTTTAAGTCTGATGTGAAAATGCGGGGCTCAACTCCGTATTGCGTTGGAAACTGGAAGGCTAGAGTATCAGAGAGGTGGGCGGAACTACAAGTGTAGAGGTGAAATTCGTA	asv.447_EE0528
16S	AGACGAGAAGACCCYdTGGAGCTT	GATCCAACATCGAGGTCGTAA	Vert-16S-eDNA-F1	Vert-16S-eDNA-R1	https://doi.org/10.1007/s12686-016-0550-y	Paired	NovaSeq6000	AGTGAGGTATCTAATCTCAGTTTGTGTCTTAGCTTTCGTGGGTTCAGGGGTTTAAGGCCACTTTCGTAGTTGGGCTTCATGTCTTCTCGCGCGTATAACAGCTAAAAAGTCGTTTGGCCTTAGTTTTAATTTATCTTAACCACTCTTTACGCCGAGGGCCATCCACTCGAGTCTCTCGTCTAACCGCGGTGGCTGGCACG	asv.485_EE0526
16S	AGACGAGAAGACCCYdTGGAGCTT	GATCCAACATCGAGGTCGTAA	Vert-16S-eDNA-F1	Vert-16S-eDNA-R1	https://doi.org/10.1007/s12686-016-0550-y	Paired	NovaSeq6000	GGACTGGTCAATTTCGTGCCAGCCACCGCGGTTATACGGGAGGCCCAAGTTGACAAACCCTCGGCGTAAAGAGTGGTTAGATGAATGCAAACTAAAGCCGAATGTTCTCAAAGCTGTTATACGTTACTGAGTACTAGAAGTTCACCAACGAAAGTGGCTTTATTATTTTGAACCCACGAAAGCTAAGACACAAACTGAGA	asv.506_EE0526
16S	AGACGAGAAGACCCYdTGGAGCTT	GATCCAACATCGAGGTCGTAA	Vert-16S-eDNA-F1	Vert-16S-eDNA-R1	https://doi.org/10.1007/s12686-016-0550-y	Paired	NovaSeq6000	GTCGGTAAAACTCGTGCCAGCAGCCGCGGTAAGACGGAAAGGGTTGGTGTTATTCAGATTGATTGGGCGTAAAGGATACGTAGGCGGAAAATTAACTAGTGGCTTAAATATAAGAATTCAACTCTTACTAGGCCGTTAAAGTAATTTTCTTGAGTCTAAAGGAAGACTATAGAATTTCAAGCGTAACGGTAAAATGTGTT	asv.510_EE0526
16S	AGACGAGAAGACCCYdTGGAGCTT	GATCCAACATCGAGGTCGTAA	Vert-16S-eDNA-F1	Vert-16S-eDNA-R1	https://doi.org/10.1007/s12686-016-0550-y	Paired	NovaSeq6000	GTTGGTAAATCTCGTGCCAGCAGCCGCGGTAATACGGAGGGTGCAAGCGTTAATCGGAGTTACTGGGCGTAAAGCGCGCGTAGGCGGTTTTTAAGTCGGATGTGAAAGCCCCGGGCTCAACCTGGGAACTGCATCCGATACTGGATCACTAGAATGCGGGAGAGGGAGGTAGAATTCCATGTGTAGCAGTGAAATGCGTA	asv.516_EE0528
16S	AGACGAGAAGACCCYdTGGAGCTT	GATCCAACATCGAGGTCGTAA	Vert-16S-eDNA-F1	Vert-16S-eDNA-R1	https://doi.org/10.1007/s12686-016-0550-y	Paired	NovaSeq6000	AGTGAGGTATCTAATCTCAGTTTGTTTCGCAGCTTTCGTGGAGTCGGATATAGTTAAAGTTACTTTCGTAGTTGGGCTTCATACCTTCGGAAACGTATAACGGTCTTGAGGGCGTTCGGCTTTAGTTCTATTAGGATACTTAACCACTCTTTACGCCGGTATCTATCAGCTTGGGTCTTTCGTATAACCGCGGTGGCTGG	asv.539_EE0524
16S	AGACGAGAAGACCCYdTGGAGCTT	GATCCAACATCGAGGTCGTAA	Vert-16S-eDNA-F1	Vert-16S-eDNA-R1	https://doi.org/10.1007/s12686-016-0550-y	Paired	NovaSeq6000	GGACTGGTCAATTTCGTGCCAGCAGCCGCGGTGACACGTAGGCACCAAGCGTTGTCCGGATTTATTGGGCGTAAAGAGCTCGTAGGCGGTTCAGTAAGTCGGGTGTGAAAACTCTGGGCTCAACCCAGAGACGCCACTCGATACTGCTGTGACTAGAGTGCGGTAGGGGAGCGGGGAATTCCTAGTGTAGCGGTGAAATG	asv.547_EE0524
16S	AGACGAGAAGACCCYdTGGAGCTT	GATCCAACATCGAGGTCGTAA	Vert-16S-eDNA-F1	Vert-16S-eDNA-R1	https://doi.org/10.1007/s12686-016-0550-y	Paired	NovaSeq6000	AGTGAGGTATCTAATCTCAGTTTGTGCCTTAGCTTTCGTGGGTTCAGGTATAATAAAGCTACTTTCGTGATTGTGCTTCTAATTCCCCGCGGGCGTATAACAGCTGGGGGGGTATTCGGCTTTAGTTGTTGAGTCCTTAACCACGCTTTACGCCGATGTCTATCAACTTGGGCCTCTCGTATAACCGCGGTGGCTGGCAC	asv.548_EE0524
16S	AGACGAGAAGACCCYdTGGAGCTT	GATCCAACATCGAGGTCGTAA	Vert-16S-eDNA-F1	Vert-16S-eDNA-R1	https://doi.org/10.1007/s12686-016-0550-y	Paired	NovaSeq6000	GGGTTGGTTAATTTCGTGCCAGCCACCGCGGTTATACGAGAGGTCCAAGCTGACAGCCATCGGCGTAAAGAGTGGTTAAGTTACCCCAATACAACTAAAGTCGAACGCCCCCAAGACCGTTATACGCGCTCGGAGGTATGAAGCCCAACTACGAAAGTGGCTTTAAATTTTCTGACCCCACGAAAGCTGTGAAACAAACT	asv.549_EE0524
16S	AGACGAGAAGACCCYdTGGAGCTT	GATCCAACATCGAGGTCGTAA	Vert-16S-eDNA-F1	Vert-16S-eDNA-R1	https://doi.org/10.1007/s12686-016-0550-y	Paired	NovaSeq6000	GTCGGTAAAACTCGTGCCAGCAGCCGCGGTAATACGGAAGGTCCTAGCGTTGTTCGGAATTACTGGGCGTAAAGCGCATGTAGGTGGTGGTATGGTGTGGTATGTATTCAAACCATGGGTTTTGTCGATAGATACAGACATCATATCACTTGAGGACGTGAAAGGAGCATGGAATTTCCCAGGAAGCGGTAGAATGTGTT	asv.550_EE0524
16S	AGACGAGAAGACCCYdTGGAGCTT	GATCCAACATCGAGGTCGTAA	Vert-16S-eDNA-F1	Vert-16S-eDNA-R1	https://doi.org/10.1007/s12686-016-0550-y	Paired	NovaSeq6000	AGTGAGGTATCTAATCTCAGTTTGTGTCTTAGCTTTCGTGGGTTCAATGTTTTAAAGCCACTTTCGTAGTAGGGCTTCTGACCTTCGAGTGCGTATAACAGTTGAGAAGGTGTTCGGCTTTATTATAGTTTTTAGTTTAACCACGCTTTACGCCGATGGCTGTCAGCTTGGGCCTCTCGTATAACCGCGGTGGCTGGCAC	asv.553_EE0526
16S	AGACGAGAAGACCCYdTGGAGCTT	GATCCAACATCGAGGTCGTAA	Vert-16S-eDNA-F1	Vert-16S-eDNA-R1	https://doi.org/10.1007/s12686-016-0550-y	Paired	NovaSeq6000	AGTGAGGTATCTAATCTCAGTTTGTACCCTAGCTTTCGTGGGTTCAGATAATGTAAAGCCACTTTCGTAGTTGAGCTTCTAGTCCTCGTGTTGCGTATGACAGCTGTGAGGGTATTCGGCTTTAGTTTAATGTCTGTCTTAACCACTCTTTACGCCGATGCTTATCAACTTGGGCCTCTCGTATAACCGCGGTGGCTGGC	asv.554_EE0526
16S	AGACGAGAAGACCCYdTGGAGCTT	GATCCAACATCGAGGTCGTAA	Vert-16S-eDNA-F1	Vert-16S-eDNA-R1	https://doi.org/10.1007/s12686-016-0550-y	Paired	NovaSeq6000	AGTGAGGTATCTAATCTCAGTTTGGGTCTTAGTTATTCTGTGTTCAGATGCATTAAAGCCACTTTCGTAGTTTATTTTGTATCAACTGGAGTTTTTTACAACTCACGTGAATTTTAGCTTTATTGAGGGGAATTGATCTAAAACACTCTTTATGCCGGTTTCTATTGACTTGGGTTAATCGTGTGACCGCGGTGGCTGGC	asv.555_EE0526
16S	AGACGAGAAGACCCYdTGGAGCTT	GATCCAACATCGAGGTCGTAA	Vert-16S-eDNA-F1	Vert-16S-eDNA-R1	https://doi.org/10.1007/s12686-016-0550-y	Paired	NovaSeq6000	AGTGAGGTATCTAATCTCAGTTTGGGTCTTAGTTGTCGTGTACTCAGTTTATGGTAAAGTTACTTTCGTAGTTTAACTTAATTTTAATTATGGCTTTTTACAGCTTAATTAAGGTTTGACTTTATTTTTATATTGTTCTTTGACACTCTTTACGCCGGGTGTCTATTAACTTGGGTCAATCGTATGACCGCGGTGGCTGG	asv.556_EE0528
16S	AGACGAGAAGACCCYdTGGAGCTT	GATCCAACATCGAGGTCGTAA	Vert-16S-eDNA-F1	Vert-16S-eDNA-R1	https://doi.org/10.1007/s12686-016-0550-y	Paired	NovaSeq6000	AGTGAGGTATCTAATCTCAGTTTGTTCCTCAGCTTTCGTGGGTTCAGGTATTATAAAGCCACTTTCGTAGATGTTCTTCATACCTCCGACATATTAGACATTATTGGAGGCGTTCGGCTTTAGTTTGTGTTATTACCCCTAACCACGCTTTACGCCGTTATTTGTCAACTTGGGCCTCTCGTATAACCGCGGTGGCTGGC	asv.557_EE0528
16S	AGACGAGAAGACCCYdTGGAGCTT	GATCCAACATCGAGGTCGTAA	Vert-16S-eDNA-F1	Vert-16S-eDNA-R1	https://doi.org/10.1007/s12686-016-0550-y	Paired	NovaSeq6000	AGTGAGGTATCTAATCTCAGTTTGTGCCAGAGCTCTCGTGGGGTCAGGGGTAATAAAGCTACCTTCGTGGTCGGGCTTCTACTCTTCGGGGGCGTATAACAGCTTTGAAGGTGTGCGGCTTTAGTTGTAATTCGTCCTTAACCACTCTTTACGCCGGAGGATAACAACTTGGGCCTCTCGTTTAACCGCGGTGGCTGGCA	asv.558_EE0528
16S	AGACGAGAAGACCCYdTGGAGCTT	GATCCAACATCGAGGTCGTAA	Vert-16S-eDNA-F1	Vert-16S-eDNA-R1	https://doi.org/10.1007/s12686-016-0550-y	Paired	NovaSeq6000	AGTGAGGTATCTAATCTCAGTTTGGGCCTTAGCTATTGTGTTATGAGAACATTAAAGTCATTTTCATAGCTTATTTTAATTTAGGGGCAGGTTTTTACAGCGTAAAGTTAAGCTAGATTAAGATAAGAATCTTAAAATTGCTTTACACCGAGTTTTATTAATTTGGTTTAATTTTAAGACGCAGTGGCTGGCACGAAATT	asv.559_EE0528
16S	AGACGAGAAGACCCYdTGGAGCTT	GATCCAACATCGAGGTCGTAA	Vert-16S-eDNA-F1	Vert-16S-eDNA-R1	https://doi.org/10.1007/s12686-016-0550-y	Paired	NovaSeq6000	GTTAAACCTCCAGCTAAAACTGGTAATGCAAATAGTAATAAAGTAGAGGTTACTGCTATACTTCAGGTATATCTAGGAACTTCACGTAGATGCATTATACGCATATTACCTACGGTTGCTATAAAATTTCTTGCACTGAGAAGTGATGATATACCGATAACATGTAAGCTTACTATAAGAAAATCAACAGATGCTGTACT	asv.560_EE0528
16S	AGACGAGAAGACCCYdTGGAGCTT	GATCCAACATCGAGGTCGTAA	Vert-16S-eDNA-F1	Vert-16S-eDNA-R1	https://doi.org/10.1007/s12686-016-0550-y	Paired	NovaSeq6000	AGTGAGGTATCTAATCTCAGTTTGGGTCTTAGCTATTGTGTCTTCAGAAGTATCAAAGCCTCCTTCATAGTTTATTTTATTTCAGCCCGGGTTTTATACAACTGAGATGAAGCTTAGCTTTATTAAGGATAGACCTAAAACACTCTTTATGCTGAGTTCTATTAGCTCAGGTTAATTGTATGGCTGCGGTGGCTGGCACG	asv.561_EE0528
16S	AGACGAGAAGACCCYdTGGAGCTT	GATCCAACATCGAGGTCGTAA	Vert-16S-eDNA-F1	Vert-16S-eDNA-R1	https://doi.org/10.1007/s12686-016-0550-y	Paired	NovaSeq6000	ATTATTATTATCCTTACCTGTATTAGCAGGTGCGATCACTATGCTGTTAACTGATCGTAATTTCAATACAACTTTTTTTGATCCTGCAGGTGGAGGAGACCCTTTATTATATCAGCATTTGTTTTGATTCTTTGGCCATCCCGAAGTCTA	asv.726_EE0528
16S	AGACGAGAAGACCCYdTGGAGCTT	GATCCAACATCGAGGTCGTAA	Vert-16S-eDNA-F1	Vert-16S-eDNA-R1	https://doi.org/10.1007/s12686-016-0550-y	Paired	NovaSeq6000	GTCATCTATTTTTGTTGTAATTATGGCTTTTTACAGTTTAATTAGAATTTAACTCTATTTGATGTAGTGCTTTAACACGTTTTACGCCGTATTCCTGTTAGCTTGGGTTAATCGTATGACCGCGGTGGCTGGCACGAAATTTACCAACCC	asv.732_EE0528
16S	AGACGAGAAGACCCYdTGGAGCTT	GATCCAACATCGAGGTCGTAA	Vert-16S-eDNA-F1	Vert-16S-eDNA-R1	https://doi.org/10.1007/s12686-016-0550-y	Paired	NovaSeq6000	AGTGGTTAAGTAATCCCTCCCCACTAAAGCCGAACGCCTCCAAGACTGTAATACGTGTTCGGAGGTATGAAGCCCAACTACGAAAGTGGCTTTAAAAAAACTGACCCCACGAAAGCTGAGAAACAAACTGGGATTAGATACCCCACTATG	asv.741_EE0526
16S	AGACGAGAAGACCCYdTGGAGCTT	GATCCAACATCGAGGTCGTAA	Vert-16S-eDNA-F1	Vert-16S-eDNA-R1	https://doi.org/10.1007/s12686-016-0550-y	Paired	NovaSeq6000	TTTATTATTATTATCATTACCTGTATTAGCTGGTGCAATTACTATGTTATTAACTGATAGAAATTTTAACACTACTTTTTTTGACCCTGCTGGTGGTGGTGATCCAGTATTATATCAACATTTATTCTGGTTCTTTGGCCATCCCGAAGT	asv.744_EE0528
16S	AGACGAGAAGACCCYdTGGAGCTT	GATCCAACATCGAGGTCGTAA	Vert-16S-eDNA-F1	Vert-16S-eDNA-R1	https://doi.org/10.1007/s12686-016-0550-y	Paired	NovaSeq6000	TAGTTGGGCTTCTTACCTTCGGGTGCGTATGACAGCTTTGAAGGTGTTCGGCTCTAGTTGAATGAGTTTCCCTAACCACTCTTTACGCCGGTGTCTAACAACTTGGGTCTCTCGTATAACCGCGGTGGCTGGCACGAAATTTACCAACCC	asv.776_EE0526
16S	AGACGAGAAGACCCYdTGGAGCTT	GATCCAACATCGAGGTCGTAA	Vert-16S-eDNA-F1	Vert-16S-eDNA-R1	https://doi.org/10.1007/s12686-016-0550-y	Paired	NovaSeq6000	CAGTTAGTAACATGGTAATAGCACCTGCTAACACTGGTAGAGATAACAGTAATAAAATTGCAGTGATGAAAACAGCCCAAACGAATAAAGGTAATTTATGAAATGGAAGACTTTCAGTTCTCATATTGACAATTGTACAAATAAAATTAA	asv.838_EE0528
16S	AGACGAGAAGACCCYdTGGAGCTT	GATCCAACATCGAGGTCGTAA	Vert-16S-eDNA-F1	Vert-16S-eDNA-R1	https://doi.org/10.1007/s12686-016-0550-y	Paired	NovaSeq6000	GGTTATTTTATTTTAACTAGGGCTTTTTACAGCTTAGTTATAATTTAACTCTATTGTGATTTTTTTTTTCTTAAACACTCTTTACGCCGTGGATCTATTAATTTGGGTTAATCGTATGACCGCGGTGGCTGGCACGAAATTTACCAACCC	asv.865_EE0524
16S	AGACGAGAAGACCCYdTGGAGCTT	GATCCAACATCGAGGTCGTAA	Vert-16S-eDNA-F1	Vert-16S-eDNA-R1	https://doi.org/10.1007/s12686-016-0550-y	Paired	NovaSeq6000	TCTACGCATTTCACCGCTACACCAGAAATTCTACTTTCCTCTACTATACTCTAGTTATCCAGTTTCAAATGCAGTTCCCAGGTTAAGCCCGGGGCTTTCACATCTGACTTAAACAACCACCTACGCACGCTTTACGCCCAGTAATTCCGA	asv.874_EE0524
16S	AGACGAGAAGACCCYdTGGAGCTT	GATCCAACATCGAGGTCGTAA	Vert-16S-eDNA-F1	Vert-16S-eDNA-R1	https://doi.org/10.1007/s12686-016-0550-y	Paired	NovaSeq6000	ACGACATTATAAGAGCTCCTGTTAATATAGGTAATGTTAATAACAATAGAAATCCTGTAATATTTATAGACCATGTATATACTGGCATAATCGATAATGTCATACTATAACATCTCATATTTATAATTGTAGCGATGAAATTAATAGATG	asv.875_EE0526
16S	AGACGAGAAGACCCYdTGGAGCTT	GATCCAACATCGAGGTCGTAA	Vert-16S-eDNA-F1	Vert-16S-eDNA-R1	https://doi.org/10.1007/s12686-016-0550-y	Paired	NovaSeq6000	ACACTTACCATGTATTATCGAACACAGGGATCCCAGAAGGGCGGGGGGCCAACCCCAGAGGGGGGCGGATCGGCTGCGCTCGCGCTATGAAAAATAGTCAAGGTGAGGACTTTTACTGAGCCCTTTCAACTGAAGAGTGACGGGCGGTGT	asv.876_EE0526
16S	AGACGAGAAGACCCYdTGGAGCTT	GATCCAACATCGAGGTCGTAA	Vert-16S-eDNA-F1	Vert-16S-eDNA-R1	https://doi.org/10.1007/s12686-016-0550-y	Paired	NovaSeq6000	TCGTAGTTTGTTTTATATCAACTAGGGTTTTCTACAACTTAGGTGAAATTTAGCTTTATTGAGGGATAATGTAAAACATTCTTTACGCCAGTCTCTATTAGCTTGGGTTCATCGTATGACCGTGGTGGCTGGCACGAAATTAACCAACCC	asv.878_EE0526
16S	AGACGAGAAGACCCYdTGGAGCTT	GATCCAACATCGAGGTCGTAA	Vert-16S-eDNA-F1	Vert-16S-eDNA-R1	https://doi.org/10.1007/s12686-016-0550-y	Paired	NovaSeq6000	AGCTACTTTTGTAGTACATTTTATTTCAGCTGGAGTTTTTTACAACTTAGATGGGCTTTAACTTTATTGAGGGCAGACCTTAAACACTCTTTACGCTGAGTTCCATTAGCTCGGGTTAATCGTGTGGTGGCTGGCACGAGATTTACCAAC	asv.879_EE0526
16S	AGACGAGAAGACCCYdTGGAGCTT	GATCCAACATCGAGGTCGTAA	Vert-16S-eDNA-F1	Vert-16S-eDNA-R1	https://doi.org/10.1007/s12686-016-0550-y	Paired	NovaSeq6000	GTGATCGGACTTCTCACCTTCGGAAACGTATAACAGTTCTGAGGGCGTTCGGCTTTAGTCTATAATTTATCTTAACCACTCTTTACGCCGGTATCTAACAACTTGGGTCTCTCGTATAACCGCGGTGGCTGGCACGAAATTTACCAACCC	asv.881_EE0526
16S	AGACGAGAAGACCCYdTGGAGCTT	GATCCAACATCGAGGTCGTAA	Vert-16S-eDNA-F1	Vert-16S-eDNA-R1	https://doi.org/10.1007/s12686-016-0550-y	Paired	NovaSeq6000	TAATAGAGCTTCTTATCTTCGGGAACGTATAACAGTTCTGAAGGTGTTCGACTTTAGTTTTAGGGGTTGCCCTAACCACTCTTTACGCCGTTGTCTGTCAACTTGAGCCTCTCGTATAACCGCGGTGGCTGGCACGAAATTTACCAACCC	asv.882_EE0526
16S	AGACGAGAAGACCCYdTGGAGCTT	GATCCAACATCGAGGTCGTAA	Vert-16S-eDNA-F1	Vert-16S-eDNA-R1	https://doi.org/10.1007/s12686-016-0550-y	Paired	NovaSeq6000	GTAGTAGGGCTTCTGACCTTCGAGTGCGTATAACAGTTGAGAAGGTGTTCGGCTTTATTATAGTTTTTAGTTTAACCACGCTTTACGCCGATGGCTGTCAGCTTGGGCCTCTCGTATAACCGCGGTGGCTGGCACGAAATTAACCAACCC	asv.883_EE0526
16S	AGACGAGAAGACCCYdTGGAGCTT	GATCCAACATCGAGGTCGTAA	Vert-16S-eDNA-F1	Vert-16S-eDNA-R1	https://doi.org/10.1007/s12686-016-0550-y	Paired	NovaSeq6000	TAGTTTAACTTAATTTTAATTATGGCTTTTTACAGCTTAATTAAGGTTTGACTTTATTTTTATATTGTTCTTTGACACTCTTTACGCCGGGTGTCTATTAACTTGGGTCAATCGTATGACCGCGGTGGCTGGCACGAAATTAACCAACCC	asv.885_EE0528
16S	AGACGAGAAGACCCYdTGGAGCTT	GATCCAACATCGAGGTCGTAA	Vert-16S-eDNA-F1	Vert-16S-eDNA-R1	https://doi.org/10.1007/s12686-016-0550-y	Paired	NovaSeq6000	TCGTGGTCGGGCTTCTACTCTTCGGGGGCGTATAACAGCTTTGAAGGTGTGCGGCTTTAGTTGTAATTCGTCCTTAACCACTCTTTACGCCGGAGGATAACAACTTGGGCCTCTCGTTTAACCGCGGTGGCTGGCACGAGTTTTACCGAC	asv.886_EE0528
16S	AGACGAGAAGACCCYdTGGAGCTT	GATCCAACATCGAGGTCGTAA	Vert-16S-eDNA-F1	Vert-16S-eDNA-R1	https://doi.org/10.1007/s12686-016-0550-y	Paired	NovaSeq6000	AGCAGCAGTATTGTTGTTGATGGATAGAGGATTTGATACAAGTTTCTATTTATCAGACATACATATTAATGGTCAAGCACTCGATCAGAGTGGTGGTTCATCCATACTTTACCAACACTTGTTCTGATTTTTCGGCCACCCCGAAGTCTA	asv.887_EE0528
16S	AGACGAGAAGACCCYdTGGAGCTT	GATCCAACATCGAGGTCGTAA	Vert-16S-eDNA-F1	Vert-16S-eDNA-R1	https://doi.org/10.1007/s12686-016-0550-y	Paired	NovaSeq6000	CAGTTAATAACATTGTAATTGCTCCTGCTAAAACAGGTAGTGACAATAATAGTAAAATTGCAGTAATGAAAACAGACCAAACAAACAAAGGAAGTTTGTGGAATGGTAAACTTTCAGTTCTCATATTTACAATAGTACAAATGAAATTAA	asv.888_EE0528
16S	AGACGAGAAGACCCYdTGGAGCTT	GATCCAACATCGAGGTCGTAA	Vert-16S-eDNA-F1	Vert-16S-eDNA-R1	https://doi.org/10.1007/s12686-016-0550-y	Paired	NovaSeq6000	TTCTTGTCACCAACAACAGTTAATGCAGTGAACGAGAAAATACGACCACCCTTAACTACTTTTGATACACGATTAACCGCAATTAGCTTTTCTTCAAATTCAGTTTGAGTCTGTTTTGCTTCTACATTAGACATGAGCTACTCCTAGAAC	asv.889_EE0528
16S	AGACGAGAAGACCCYdTGGAGCTT	GATCCAACATCGAGGTCGTAA	Vert-16S-eDNA-F1	Vert-16S-eDNA-R1	https://doi.org/10.1007/s12686-016-0550-y	Paired	NovaSeq6000	CGTAGATGTTCTTCATACCTCCGACATATTAGACATTATTGGAGGCGTTCGGCTTTAGTTTGTGTTATTACCCCTAACCACGCTTTACGCCGTTATTTGTCAACTTGGGCCTCTCGTATAACCGCGGTGGCTGGCACGAGTTTTACCGAC	asv.890_EE0528
16S	AGACGAGAAGACCCYdTGGAGCTT	GATCCAACATCGAGGTCGTAA	Vert-16S-eDNA-F1	Vert-16S-eDNA-R1	https://doi.org/10.1007/s12686-016-0550-y	Paired	NovaSeq6000	TAGACACTAAGACGGATCATGTTAATAAACCCTGCATAAAGGATTAAACAAGATGAACCCCGTCTGCATGTCTTTGGTTGGGGCGACCGCGGGGAAACAAATAACCCCCGTGTGGACTGGGAGAACTTCTCCTAAAAGCAAGAACCACAGTTCTAACTAACAGAACTTCTGACCTATAAGATCCGGCAGTGCCGATCAACGGACCGAGTTACCCTAGGGATAACAGCGCAATCCTCTTTGAGAGTCCATATCGATGAGAGGGT	asv.9_EE0526
16S	AGACGAGAAGACCCYdTGGAGCTT	GATCCAACATCGAGGTCGTAA	Vert-16S-eDNA-F1	Vert-16S-eDNA-R1	https://doi.org/10.1007/s12686-016-0550-y	Paired	NovaSeq6000	TAGACACTAAGACGAATCATGTTAAGTACCTCTAAATAAAGAACCAAACCGGATGAACCTCGCCCTATATGTCTTTGGTTGGGGCGACCGCGGGGAAATACAAAACCCCCACGTGGAATGGGAACACCCCTCCTACAACTCAGAGCTCCCGCTCTAATAAACAGAATTTCTGACCAATCAGATCCGGCGAAGCCGATCAACGGACCGAGTTACCCTAGGGATAACAGCGCAATCCCCTTCTAGAGCCCATATCGACAAGGGGGT	asv.93_EE0528
16S	AGACGAGAAGACCCYdTGGAGCTT	GATCCAACATCGAGGTCGTAA	Vert-16S-eDNA-F1	Vert-16S-eDNA-R1	https://doi.org/10.1007/s12686-016-0550-y	Paired	NovaSeq6000	TAATTTATTAATGCAAACAGTACCTAACAAACCCACAGGTCCTAAACTACCAAACCTGCATTAAAAATTTCGGTTGGGGCGACCTCGGAGCAGAACCCAACCTCCGAGCAGTACATGCTAAGACTTCACCAGTCAAAGCGAACTACTATACTCAATTGATCCAATAACTTGACCAACGGAACAAGTTACCCTAGGGATAACAGCGCAATCCTATTCTAGGGTCCATATCAACAATAGGGT	asv.97_EE0524
16S	AGACGAGAAGACCCYdTGGAGCTT	GATCCAACATCGAGGTCGTAA	Vert-16S-eDNA-F1	Vert-16S-eDNA-R1	https://doi.org/10.1007/s12686-016-0550-y	Paired	NovaSeq6000	TAGACACTAAGCCAGACTTTGTTAAGCACCCCTTTCAAAGGACTAAACTAATTGCAACCTGGCCTGATGTCTTTGGTTGGGGCGACCTCGGGGAAACAAAAAATCCCCGCGTGGAATGGAAGAACTCCTCTTCTAGAACCAAGAGCTACCGCTCAAATTGACAGAATATCTGACCAATTACAGATCCGGCTTTAACGCCGATCAACGGACCGAGTTACCCCAGGGATAACAGCGCAATCCTCTTTTAGAGCCCATATCGACAAGAGGGT	asv.176_EE0528
16S	AGACGAGAAGACCCYdTGGAGCTT	GATCCAACATCGAGGTCGTAA	Vert-16S-eDNA-F1	Vert-16S-eDNA-R1	https://doi.org/10.1007/s12686-016-0550-y	Paired	NovaSeq6000	TAGACACTAAGACGAATCATGTTAAGTACCTCTAAATAAAGAACCAAACCAGATGAACCTCGCCCTATATGTCTTTGGTTGGGGCGACCGCGGGGAAATACAAAACTCCCACGTGGAATGGGAACACCCCTCCTACAACTCAGAGCTCCCGCTCTAATAAACAGAATTTCTGACCAATCAGATCCGGCGAAGCCGATCAACGGACCGAGTTACCCTAGGGATAACAGCGCAATCCCCTTCTAGAGCCCATATCGACAAGGGGGT	asv.201_EE0526
16S	AGACGAGAAGACCCYdTGGAGCTT	GATCCAACATCGAGGTCGTAA	Vert-16S-eDNA-F1	Vert-16S-eDNA-R1	https://doi.org/10.1007/s12686-016-0550-y	Paired	NovaSeq6000	TACTGGAGACTTATATTGTTTTTTTCAATTTATGGGGTAGGTGTACTATTTAATCTTTTGGTGAGAACTAATTATGGGTGTAAGTTGGACAGTTTGATTGGGGCGATCGCCTTCTAAAGAGTAACGAAGGTGCACATAAGGTGAATACTGTAATAGAATAGAATAAAAGCTTGACAGTAAGAGTAATTCTCGAGCTGACACGGTGGGTAATAACCGTGGGTTATAGTGACCCGTTTGTTTAGGGTGGAATAACTAACGATCAATAAATAAAAGTTACCACGGGGATAACAGCGTAATCTCGTTTGAGAGTTCGTATCGATGACGATGT	asv.263_EE0528
16S	AGACGAGAAGACCCYdTGGAGCTT	GATCCAACATCGAGGTCGTAA	Vert-16S-eDNA-F1	Vert-16S-eDNA-R1	https://doi.org/10.1007/s12686-016-0550-y	Paired	NovaSeq6000	GTCGGTAAACTCGTGCCAGCAGCCGCGGTAATACGGAAGGTCCTAGCGTTGTTCGGAATTACTGGGCGTAAAGCGCATGTAGGCGGAACAAAAAGTTAGAAGTGAAATCCCTGGGCTCAACCTAGGAATTGCTTTTAAAACTTTTGTTCTGGAATTCAGGAGAGGAAAATGGAATTTCCAGTGTAGAGGTGAAATTCGTA	asv.335_EE0537
16S	AGACGAGAAGACCCYdTGGAGCTT	GATCCAACATCGAGGTCGTAA	Vert-16S-eDNA-F1	Vert-16S-eDNA-R1	https://doi.org/10.1007/s12686-016-0550-y	Paired	NovaSeq6000	GTCGGTAAAACTCGTGCCAGCAGCCGCGGTAATACGGAGGGTGCGAGCGTTAATCGGAATTACTGGGCGTAAAGCGCATGCAGGTGGTTTGTTAAGTCAGATGTGAAAGCCCGGGGCTCAACCTCGGAATAGCATTTGAAACTGGCAGACTAGAGTACTGTAGAGGGGGGTAGAATTTCAGGTGTAGCGGTGAAATGCGT	asv.355_EE0528
16S	AGACGAGAAGACCCYdTGGAGCTT	GATCCAACATCGAGGTCGTAA	Vert-16S-eDNA-F1	Vert-16S-eDNA-R1	https://doi.org/10.1007/s12686-016-0550-y	Paired	NovaSeq6000	GAGTTCAGACGTGTGCTCTTCCGATCTCATAGTGGGGTATCTAATCCCAGTTTGGGTCTTAGCTATTGTGTGTTCAGATATGTTAAAGCCACTTTCGTAGTCTATTTTGTGTCAACTGGAGTTTTTTACAACTCAGGTGAGTTTTAGCTTTATTGGGGAGGGGGTGATCTAAAACACTCTTTACGCCGGCTTCTATTGAC	asv.383_EE0539
16S	AGACGAGAAGACCCYdTGGAGCTT	GATCCAACATCGAGGTCGTAA	Vert-16S-eDNA-F1	Vert-16S-eDNA-R1	https://doi.org/10.1007/s12686-016-0550-y	Paired	NovaSeq6000	GGGTTGGTTAATTTCGTGCCAGCCACCGCGGTTATACGAAAGGCCCAAGTTGAAAAACATTCGGCGTAAAGGGTGGCTAAGGACCTATTTCAAACTAGAGCTGAATTTCTTCAAAGCTGTTATACGCTCATGAAAACTAGAAAATCAACCACGAAAGTGGCTCTAATCCCTCCTGACACCACGAAAGCTATGACACAAAC	asv.414_EE0528
16S	AGACGAGAAGACCCYdTGGAGCTT	GATCCAACATCGAGGTCGTAA	Vert-16S-eDNA-F1	Vert-16S-eDNA-R1	https://doi.org/10.1007/s12686-016-0550-y	Paired	NovaSeq6000	GGGTTGGTTAATTTCGTGCCAGCCGCGGTAATACGGAGGGGGTTAGCGTTGTTCGGAATTACTGGGCGTAAAGCGCGCGTAGGCGGACCAGAAAGTTGGGGGTGAAATCCCGGGGCTCAACCCCGGAACGGCCTCCAAAACTCCTGGTCTTGAGTTCGAGAGAGGTGAGTGGAATTCCGAGTGTAGAGGTGAAATTCGTA	asv.415_EE0526
16S	AGACGAGAAGACCCYdTGGAGCTT	GATCCAACATCGAGGTCGTAA	Vert-16S-eDNA-F1	Vert-16S-eDNA-R1	https://doi.org/10.1007/s12686-016-0550-y	Paired	NovaSeq6000	AGTGAGGTATCTAATCTCAGTTTGTGCCATAGCTTTCGTGGGATCAGGTTTGTAAAGTCACTTTCGTAGTTGAGCTTCTCCGTTTCGAACACGTTAAACGGCCTTGAAGGAGTTCGACTTTAGTCTTGGTTCACCTTAACCACGCTTTACGCCGGGAGTTGTCAACTTGGGCCTCTCGTATAACCGCGGTGGCTGGCACG	asv.431_EE0524
16S	AGACGAGAAGACCCYdTGGAGCTT	GATCCAACATCGAGGTCGTAA	Vert-16S-eDNA-F1	Vert-16S-eDNA-R1	https://doi.org/10.1007/s12686-016-0550-y	Paired	NovaSeq6000	AGTGAGGTATCTAATCTCAGTTTGTGCCCTGGCTTTCGTGGGTTCGGGGCGGGGTAAAGCCACTTTCGTGGTGGGGCTTCAAGTTCTCGGGGGCGTATAACAGCGCTGAGAATGTTCGGCTTTATTTTGTAATAACCCCTAACCACCCTTTACGCCGATTCCTGTCAACTTGGGCCTCTCGTATAACCGCGGTTGCTGGC	asv.441_EE0526
16S	AGACGAGAAGACCCYdTGGAGCTT	GATCCAACATCGAGGTCGTAA	Vert-16S-eDNA-F1	Vert-16S-eDNA-R1	https://doi.org/10.1007/s12686-016-0550-y	Paired	NovaSeq6000	AGTGAGGTATCTAATCTCAGTTTGTATCCTAGCTTTCGTGGGTTCAAAGGGGTTAAAGCTACTTTCGTGGGGGGACTTCTGGCTTTCGAGTACGTATAACAGTTAAGAAAGCATTTGGCTTTAGTTTATGTAATGATTTTAACCACTCTTTACGCCGATGGTTGTCAGCTTGGGCCTCTCGTATAACCGCGGTGGCTGGC	asv.446_EE0526
16S	AGACGAGAAGACCCYdTGGAGCTT	GATCCAACATCGAGGTCGTAA	Vert-16S-eDNA-F1	Vert-16S-eDNA-R1	https://doi.org/10.1007/s12686-016-0550-y	Paired	NovaSeq6000	AGTGAGGTATCTAATCTCAGTTTGTACCCTAGCTTTCGTGGGTTCAAGTGGGGTGAGGCTACTTTCGTAGTTGTTCTTCATGTCCTCGGGAGCGTATAACTGCTTTGAGGGTGTTCGGCCTCAGTTTAGGTGTTTGGGGTTTTGCCCACTCTTTACGCCGGGGCTTAACAACTTAGGTCTCTCGTATAACCGCGGTAGCT	asv.488_EE0526
16S	AGACGAGAAGACCCYdTGGAGCTT	GATCCAACATCGAGGTCGTAA	Vert-16S-eDNA-F1	Vert-16S-eDNA-R1	https://doi.org/10.1007/s12686-016-0550-y	Paired	NovaSeq6000	GGACTGGTCAATTTCGTGCCAGCCACCGCGGTTATACGGGAGGCCCAAGTTGACAAACCCTCGGCGTAAAGAGTGGTTAGATGAATGCAAACTAAAGCCGAATGTTCTCAAAGCTGTTATACGTTACTGAGTACTAGAAGTTCACCAACGAAAGTGGCTTTATTATTTTGAACCCACGAAAGCTAAGACACAAACTGAGA	asv.506_EE0528
16S	AGACGAGAAGACCCYdTGGAGCTT	GATCCAACATCGAGGTCGTAA	Vert-16S-eDNA-F1	Vert-16S-eDNA-R1	https://doi.org/10.1007/s12686-016-0550-y	Paired	NovaSeq6000	TAGACGCCGAGTCAGCCCTAGTCCAACACCCCTGTTCAAAGGGTTGAACGCTATAGGAGACCTGATCTAATGTCTTCGGTTGGGGCGACCCCGGGGAAAGAAAAACCCCCGTGTGGAATAGGAGTACTACACTCCCAAAACTAAGAGTCACCACTCAAAGTATCAGAAATTCTGACCAACTACGTGATCCAGCTTAAACG	asv.509_EE0526
16S	AGACGAGAAGACCCYdTGGAGCTT	GATCCAACATCGAGGTCGTAA	Vert-16S-eDNA-F1	Vert-16S-eDNA-R1	https://doi.org/10.1007/s12686-016-0550-y	Paired	NovaSeq6000	TAGACGCCGAGTCAGCCCTAGTCCAACACCCCTGTTCAAAGGGTTGAACGCTATAGGAGACCTGATCTAATGTCTTCGGTTGGGGCGACCCCGGGGAAAGAAAAACCCCCGTGTGGAATAGGAGTACTACACTCCCAAAACTAAGAGTCACCACTCAAAGTATCAGAAATTCTGACCAACTACGTGATCCAGCTTAAACG	asv.509_EE0528
16S	AGACGAGAAGACCCYdTGGAGCTT	GATCCAACATCGAGGTCGTAA	Vert-16S-eDNA-F1	Vert-16S-eDNA-R1	https://doi.org/10.1007/s12686-016-0550-y	Paired	NovaSeq6000	GGTACAGGATGAACAGTTTACCCTCCTTTAAGTAGTGCTATAGGTGACCATACAGGTCCTTCGGTAGATTTTGCAATTTTTAGTTTACATGTTGCTGGTATTTCTTCTATCTTAGGAGCTATTAATTTCATCACCACAATTTTTAATATGAGAGCTCCTTCTATGAATTTAGGTAACATGCCTTTATTTGTTTGGGCTGT	asv.511_EE0528
16S	AGACGAGAAGACCCYdTGGAGCTT	GATCCAACATCGAGGTCGTAA	Vert-16S-eDNA-F1	Vert-16S-eDNA-R1	https://doi.org/10.1007/s12686-016-0550-y	Paired	NovaSeq6000	GGTACAGGATGAACAGTTTACCCTCCTTTAAGTAGTGCTATAGGTGACCATACAGGTCCTTCGGTAGATTTTGCAATTTTTAGTTTACATGTTGCTGGTATTTCTTCTATCTTAGGAGCTATTAATTTCATCACCACAATTTTTAATATGAGAGCTCCTTCTATGAATTTAGGTAACATGCCTTTATTTGTTTGGGCTGT	asv.511_EE0526
16S	AGACGAGAAGACCCYdTGGAGCTT	GATCCAACATCGAGGTCGTAA	Vert-16S-eDNA-F1	Vert-16S-eDNA-R1	https://doi.org/10.1007/s12686-016-0550-y	Paired	NovaSeq6000	GTTGGTAAATCTCGTGCCAGCAGCCGCGGTAATACGAAAAGGGCAAACGTTAGTCAAAGTAATTGGGCGTAAAACATACGTAGGTGGAAAATTTAAGTTTATTTATAATTTAAAAGTTTATTTTTTAATAGTTTTAAGCTATTAATTTTCTAGAGTTTACTAAAAGGTTTTGGAATTTTAAAAGAAGTGGTAAAATACGT	asv.518_EE0528
16S	AGACGAGAAGACCCYdTGGAGCTT	GATCCAACATCGAGGTCGTAA	Vert-16S-eDNA-F1	Vert-16S-eDNA-R1	https://doi.org/10.1007/s12686-016-0550-y	Paired	NovaSeq6000	AGTGAGGTATCTAATCTCAGTTTGTTTCTCAGCTTTCGTGGGGTCAAAATTATTAAAGCCACTTTCGTGCAAGGGCTTCTTATCCTCGGGTGCGTATAACAGTTCTGAGGGAGTTCGGCTTTAGTTTAAATCTAATTTAACCACTCTTTACGCCGAATGCTATCAACTTGGGCCTCTCGTATAACCGCGGTGGCTGGCAC	asv.520_EE0526
16S	AGACGAGAAGACCCYdTGGAGCTT	GATCCAACATCGAGGTCGTAA	Vert-16S-eDNA-F1	Vert-16S-eDNA-R1	https://doi.org/10.1007/s12686-016-0550-y	Paired	NovaSeq6000	AGTGAGGTATCTAATCTCAGTTTGTTCCCTAGCTTTCGTGGGTTCAGAAGGGTTAAAGCCACTTTCGTAGAAGGGCTTCTGGCTCTCGGGAACGTATAACAGTTTTGAGAGTGTTCAGCTTTAGTTTTGGTTTTCTCTTAACCACTCTTTACGCCGATGGCTATCAACTTGGACCTCTCGTATAACCGCGGTGGCTGGCA	asv.529_EE0524
16S	AGACGAGAAGACCCYdTGGAGCTT	GATCCAACATCGAGGTCGTAA	Vert-16S-eDNA-F1	Vert-16S-eDNA-R1	https://doi.org/10.1007/s12686-016-0550-y	Paired	NovaSeq6000	AGTGAGGTATCTAATCTCAGTTTGTCCCTCAGCTTTCGTGGGGTCAGAAAAGTTAAAGCCACTTTCGTGGTGGGGCTTCTTGTCCTCGTAGCGTATAACAGCTTTGAGGGTATTCGGCTTTAGTGTACGGTCTTCCTAACCACTCTTTACGCCGGTGTCTAATCAACTCAGGCCTCTCGTATAACCGCGGTGGCTGGCAC	asv.552_EE0528
16S	AGACGAGAAGACCCYdTGGAGCTT	GATCCAACATCGAGGTCGTAA	Vert-16S-eDNA-F1	Vert-16S-eDNA-R1	https://doi.org/10.1007/s12686-016-0550-y	Paired	NovaSeq6000	GGGTTGGTTAATTTCGTGCCAGCCACCGCGGTTATACGAGAGGCCCAAGTTGATAAGCATCGGCGTAAAGAGTGGTTAAGACAGACATTAAACTAAAGCCGAATACCCTCACAGCTGTCATACGCAACACGAGGACTAGAAGCTCAACTACGAAAGTGGCTTTACATTATCTGAACCCACGAAAGCTAGGGTACAAACTG	asv.563_EE0526
16S	AGACGAGAAGACCCYdTGGAGCTT	GATCCAACATCGAGGTCGTAA	Vert-16S-eDNA-F1	Vert-16S-eDNA-R1	https://doi.org/10.1007/s12686-016-0550-y	Paired	NovaSeq6000	GGGTTGGTTAATTTCGTGCCAGCAGCCGCGGTAATACGAAAAAGGCAAACGTTATTCAAAATAATTGGGCGTAAAGGATACGTAAGTGGAAAATTAAATTTTAACTAAAAAACTAAACTTTATTTTTATCCAGTTAAAAAAGTAATTATCTAGAGTTTAAAAAACGATTTTGGAATTTTAAATGTAACAGTAAAATGTTT	asv.564_EE0526
16S	AGACGAGAAGACCCYdTGGAGCTT	GATCCAACATCGAGGTCGTAA	Vert-16S-eDNA-F1	Vert-16S-eDNA-R1	https://doi.org/10.1007/s12686-016-0550-y	Paired	NovaSeq6000	AGTGAGGTATCTAATCTCAGTTTGTTTCTTAGCTTTCGTGGGGTCAGGCTATTTTAAAGCTACTTTCGTGTTTGGGCTTCGTGACTTTCGGGGTGCGTATAACGGCTTAGAAGATCTTCGGCTTTATTATATATTTTCCTTAACCACCCTTTACGCCGCGAGTATCAACTAGGGCCTTTCGTATAACCGCGGTGGCTGGC	asv.565_EE0526
16S	AGACGAGAAGACCCYdTGGAGCTT	GATCCAACATCGAGGTCGTAA	Vert-16S-eDNA-F1	Vert-16S-eDNA-R1	https://doi.org/10.1007/s12686-016-0550-y	Paired	NovaSeq6000	TAGACACTAAGCCAGACTTTGTTAAGCACCCCTCCTAAAGGACTAAACTGATTGTAACCTGGCCTGATGTCTTTGGTTGGGGCGACCTCGGGGAAACAAAAAACCCCCGCGTGGAATGGAAGAACACTTCTTCTAGAACTAAGAGCTACCGCTCAAACTGACAGAATATCTGACCAATTACAGATCCGGCTCACGCCGAT	asv.567_EE0526
16S	AGACGAGAAGACCCYdTGGAGCTT	GATCCAACATCGAGGTCGTAA	Vert-16S-eDNA-F1	Vert-16S-eDNA-R1	https://doi.org/10.1007/s12686-016-0550-y	Paired	NovaSeq6000	AGTGGGGTATCTAATCCCAGTTTGTGTCCTAGCTTTCGTGGGTTCAAATGGGGTGGGGCTACTTTCGTAATTGTTCTTCATGTCCTCGGGAGCGTATAACTGCCTTGAGGATGTTCGGCCTCAGTTTAATGTTGTGTTTTTAACCACTCTTTACGCCGGGAGCTAACAACTTGGGTCTCTCGTATAACCGCGGTGGCTGG	asv.568_EE0526
16S	AGACGAGAAGACCCYdTGGAGCTT	GATCCAACATCGAGGTCGTAA	Vert-16S-eDNA-F1	Vert-16S-eDNA-R1	https://doi.org/10.1007/s12686-016-0550-y	Paired	NovaSeq6000	AGTGAGGTATCTAATCTCAGTTTGTGCCCTAACTTTCGTGGTCAAGAATGGTTAAAGCCACCTTCGTTGTTGGGCTTCCACTCCCCGGGGGCGTATGACTGCCTTGGGGGCGTTCGGCTTTAGTTCTTATATTTCATAGCCACTCTTTACGCCGGCATCTGTCAACTTGGGTTGCTCGTATAACCGCGGTGGCTGGCACG	asv.569_EE0528
16S	AGACGAGAAGACCCYdTGGAGCTT	GATCCAACATCGAGGTCGTAA	Vert-16S-eDNA-F1	Vert-16S-eDNA-R1	https://doi.org/10.1007/s12686-016-0550-y	Paired	NovaSeq6000	AGTGAGGTATCTAATCTCAGTTTGTACCCTGGCTTTCGTGGGTTCGGGGCGGGGTAAAGCCACTTTCGTGGTGGGGCTTCGAGTCCTCGAGAGCGTATAACAGCACTGAGAATCTTCGGCTTTATTTTATAATAACCCTTAACCACCCTTTACGCCGATTCCTATCAACTTGGGCCTCTCGTATAACCGCGGTTGCTGGC	asv.570_EE0528
16S	AGACGAGAAGACCCYdTGGAGCTT	GATCCAACATCGAGGTCGTAA	Vert-16S-eDNA-F1	Vert-16S-eDNA-R1	https://doi.org/10.1007/s12686-016-0550-y	Paired	NovaSeq6000	TCTTCTTTTAGCTGTTCCTGTTTTGGGTGGAGCTATCACTATGCTACTTACTGACCGTAACTTTGGAACTACATTTTTTGATCCAGCTGGTGGAGGTGACCCTGTTCTTTTCCAACACCTTTTCTGATTCTTTGGCCACCCCGAAGTCTA	asv.618_EE0526
16S	AGACGAGAAGACCCYdTGGAGCTT	GATCCAACATCGAGGTCGTAA	Vert-16S-eDNA-F1	Vert-16S-eDNA-R1	https://doi.org/10.1007/s12686-016-0550-y	Paired	NovaSeq6000	TCTACGCATTTCACCGCTACACCTGAAATTCTACCCCCCTCTACAGTACTCTAGTCTGCCAGTTTCAAATGCTATTCCGAGGTTGAGCCCCGGGCTTTCACATCTGACTTAACAAACCACCTGCATGCGCTTTACGCCCAGTAATTCCGA	asv.619_EE0528
16S	AGACGAGAAGACCCYdTGGAGCTT	GATCCAACATCGAGGTCGTAA	Vert-16S-eDNA-F1	Vert-16S-eDNA-R1	https://doi.org/10.1007/s12686-016-0550-y	Paired	NovaSeq6000	ATCGGAAGAGCGTCGTGTAGGGAAAGAGTGTGCCTTGCGGAGTGTAGATCTCGGTGGTCGCCGTATCATTAAAAAAAATTTTTTTCAAGCAGAAGACGGCATACTAGATTTGAGAGGATGTGACTGGAGTTCAGACGTGTGCTCTTCCGA	asv.642_YE-08
16S	AGACGAGAAGACCCYdTGGAGCTT	GATCCAACATCGAGGTCGTAA	Vert-16S-eDNA-F1	Vert-16S-eDNA-R1	https://doi.org/10.1007/s12686-016-0550-y	Paired	NovaSeq6000	ATTATTATTATCATTACCTGTATTTGCGGGTGCTATTACAATGTTATTAACAGATCGTAATTTTAACACAACTTTTTTTGATCCAGCTGGTGGTGGGGATCCTGTGTTATATCAACATTTATTTTGGTTCTTCGGCCACCCCGAAGTCTA	asv.648_EE0526
16S	AGACGAGAAGACCCYdTGGAGCTT	GATCCAACATCGAGGTCGTAA	Vert-16S-eDNA-F1	Vert-16S-eDNA-R1	https://doi.org/10.1007/s12686-016-0550-y	Paired	NovaSeq6000	GTGTTTTAGATCACCCCCTCCCCAATAAAGCTAAAACTCACCTGAGTTGTAAAAAACTCCAGTTGACACAAAATAGACTACGAAAGTGGCTTTAACATATCTGAACACACAATAGCTAAGACCCAAACTGGGATTAGATACCCCACTATG	asv.667_EE0537
16S	AGACGAGAAGACCCYdTGGAGCTT	GATCCAACATCGAGGTCGTAA	Vert-16S-eDNA-F1	Vert-16S-eDNA-R1	https://doi.org/10.1007/s12686-016-0550-y	Paired	NovaSeq6000	GTGTTTTAGATCACCCCCTCCCCAATAAAGCTAAAACTCACCTGAGTTGTAAAAAACTCCAGTTGACACAAAATAGACTACGAAAGTGGCTTTAACATATCTGAACACACAATAGCTAAGACCCAAACTGGGATTAGATACCCCACTATG	asv.667_YE-08
16S	AGACGAGAAGACCCYdTGGAGCTT	GATCCAACATCGAGGTCGTAA	Vert-16S-eDNA-F1	Vert-16S-eDNA-R1	https://doi.org/10.1007/s12686-016-0550-y	Paired	NovaSeq6000	CTTATTATTATTGTCTTTACCTGTATTGGCTGGAGCGATAACAATGTTATTGACTGATAGAAACTTTAACACCACCTTCTTTGATCCAGCGGGAGGAGGAGATCCTGTATTATATCAACACTTGTTTTGGTTCTTCGGCCATCCCGAGGT	asv.669_EE0526
16S	AGACGAGAAGACCCYdTGGAGCTT	GATCCAACATCGAGGTCGTAA	Vert-16S-eDNA-F1	Vert-16S-eDNA-R1	https://doi.org/10.1007/s12686-016-0550-y	Paired	NovaSeq6000	CGGTTAATAGCATTGTAATTGCTCCTGCGAGTACAGGTAATGAGAGAAGAAGTAAAAATGCTGTAATTAAAACACTCCATACAAATAATGGTAATCGGTGCATTAATAATCCAGGTCCACGCATATTAAAGATGGTTGTAATAAAATTGA	asv.703_EE0524
16S	AGACGAGAAGACCCYdTGGAGCTT	GATCCAACATCGAGGTCGTAA	Vert-16S-eDNA-F1	Vert-16S-eDNA-R1	https://doi.org/10.1007/s12686-016-0550-y	Paired	NovaSeq6000	GTCATCTATTTTTGTTGTAATTATGGCTTTTTACAGTTTAATTAGAATTTAACTCTATTTGATGTAGTGCTTTAACACGTTTTACGCCGTATTCCTGTTAGCTTGGGTTAATCGTATGACCGCGGTGGCTGGCACGAAATTTACCAACCC	asv.732_EE0524
16S	AGACGAGAAGACCCYdTGGAGCTT	GATCCAACATCGAGGTCGTAA	Vert-16S-eDNA-F1	Vert-16S-eDNA-R1	https://doi.org/10.1007/s12686-016-0550-y	Paired	NovaSeq6000	ATTATTACTATCATTACCTGTATTAGCAGGTGCAATTACAATGTTGCTAACTGATAGAAATTTTAACACAAGTTTTTTTGATCCAGCAGGAGGTGGTGATCCTATATTATATCAACATTTATTCTGATTTTTCGGCCACCCCGAAGTCTA	asv.757_EE0526
16S	AGACGAGAAGACCCYdTGGAGCTT	GATCCAACATCGAGGTCGTAA	Vert-16S-eDNA-F1	Vert-16S-eDNA-R1	https://doi.org/10.1007/s12686-016-0550-y	Paired	NovaSeq6000	ACTTCTATTATCACTGCCCGTACTAGCCGGAGCTATCACTATACTATTGACCGACCGAAACTTAAATACCGCATTTTTTGACCCTGCCGGGGGGGGTGACCCCGTATTATACCAGCACTTATTTTGATTTTTTGGCCACCCCGAAGTCTA	asv.766_EE0528
16S	AGACGAGAAGACCCYdTGGAGCTT	GATCCAACATCGAGGTCGTAA	Vert-16S-eDNA-F1	Vert-16S-eDNA-R1	https://doi.org/10.1007/s12686-016-0550-y	Paired	NovaSeq6000	GTGGTGGGGCTTCAAGTTCTCGGGGGCGTATAACAGCGCTGAGAATGTTCGGCTTTATTTTGTAATAACCCCTAACCACCCTTTACGCCGATTCCTGTCAACTTGGGCCTCTCGTATAACCGCGGTTGCTGGCACGAAATTTACCAACCC	asv.789_EE0526
16S	AGACGAGAAGACCCYdTGGAGCTT	GATCCAACATCGAGGTCGTAA	Vert-16S-eDNA-F1	Vert-16S-eDNA-R1	https://doi.org/10.1007/s12686-016-0550-y	Paired	NovaSeq6000	TTGTGCTGTTCTACTTATCATGGATAGAGGATTTGGAACAAGCTTCTATATCTCTGATATCTTCATTGATGGTAAAGCACTAGATCAAACGGGTGGTAGTCCAATACTCTTCCAGCACTTATTCTGATTCTTCGGCCACCCCGAAGTCTA	asv.814_EE0526
16S	AGACGAGAAGACCCYdTGGAGCTT	GATCCAACATCGAGGTCGTAA	Vert-16S-eDNA-F1	Vert-16S-eDNA-R1	https://doi.org/10.1007/s12686-016-0550-y	Paired	NovaSeq6000	TTATTATTATTAGCGGTTCCTATATTAGCTGGAGCAATAACTATGTTATTAACTGATAGAAATTTTAATACTTCATTTTTTGATCCTTCAGGGGGAGGTGATCCCATTTTATACCAACATTTATTTTGGTTCTTTGGCCACCCCGAAGTC	asv.823_EE0528
16S	AGACGAGAAGACCCYdTGGAGCTT	GATCCAACATCGAGGTCGTAA	Vert-16S-eDNA-F1	Vert-16S-eDNA-R1	https://doi.org/10.1007/s12686-016-0550-y	Paired	NovaSeq6000	TTTATTATTGTTATCATTACCTGTATTAGCAGGTGCGATTACTATGCTATTGACAGATCGTAACTTCAATACAACATTCTTTGATCCAGCTGGAGGAGGTGATCCTGTATTATATCAGCACTTATTCTGATTCTTTGGCCACCCCGAAGT	asv.848_EE0526
16S	AGACGAGAAGACCCYdTGGAGCTT	GATCCAACATCGAGGTCGTAA	Vert-16S-eDNA-F1	Vert-16S-eDNA-R1	https://doi.org/10.1007/s12686-016-0550-y	Paired	NovaSeq6000	TTACTAGTACTTGCTTTACCTGTACTTGCTGCTGGTATTACAATGCTATTAACTGATCGTAACTTAAATACTTCATTCTTTAAACCTGCTGGTGGTGGTGATCCTATTCTATTCCAACACCTATTCTGGTTCTTTGGCCCCCGAGGTCTA	asv.849_EE0528
16S	AGACGAGAAGACCCYdTGGAGCTT	GATCCAACATCGAGGTCGTAA	Vert-16S-eDNA-F1	Vert-16S-eDNA-R1	https://doi.org/10.1007/s12686-016-0550-y	Paired	NovaSeq6000	TTCGTGCAAGGGCTTCTTATCCTCGGGTGCGTATAACAGTTCTGAGGGAGTTCGGCTTTAGTTTAAATCTAATTTAACCACTCTTTACGCCGAATGCTATCAACTTGGGCCTCTCGTATAACCGCGGTGGCTGGCACGAGATTTACCAAC	asv.850_EE0528
16S	AGACGAGAAGACCCYdTGGAGCTT	GATCCAACATCGAGGTCGTAA	Vert-16S-eDNA-F1	Vert-16S-eDNA-R1	https://doi.org/10.1007/s12686-016-0550-y	Paired	NovaSeq6000	ATTATTATTATCATTACCAGTATTAGCAGGTGCTATTACTATGCTATTGACAGATCGTAACTTTAATACAACATTCTTCGATCCAGCCGGTGGTGGTGACCCTGTTTTATACCAGCATCTATTCTGGTTCTTCGGCCACCCCGAGGTCTA	asv.857_EE0528
16S	AGACGAGAAGACCCYdTGGAGCTT	GATCCAACATCGAGGTCGTAA	Vert-16S-eDNA-F1	Vert-16S-eDNA-R1	https://doi.org/10.1007/s12686-016-0550-y	Paired	NovaSeq6000	GTTAATAGCATTGTAATTGCTCCTGCAAGTACAGGTACAGCTAATAAAAGAAGTACAACAGTTACAAAGATACTTCATACGAATAGAGGCATTCGGTGAAGACTAATTCCTGGAGCTCGCATGTTCATTACAGTTGTAATGAAGTTTACT	asv.867_EE0528
16S	AGACGAGAAGACCCYdTGGAGCTT	GATCCAACATCGAGGTCGTAA	Vert-16S-eDNA-F1	Vert-16S-eDNA-R1	https://doi.org/10.1007/s12686-016-0550-y	Paired	NovaSeq6000	TTTATTATTATTATCATTACCAGTTTTAGCAGGAGCAATTACAATGCTATTAACTGATAGAAATTTTAATACTACCTTCTTTGACCCTGCAGGTGGAGGAGATCCTGTACTTTTCCAGCACTTATTCTGATTTTTTGGCCACCCCGAAGT	asv.869_EE0528
16S	AGACGAGAAGACCCYdTGGAGCTT	GATCCAACATCGAGGTCGTAA	Vert-16S-eDNA-F1	Vert-16S-eDNA-R1	https://doi.org/10.1007/s12686-016-0550-y	Paired	NovaSeq6000	CGTGGTGGGGCTTCTTGTCCTCGTAGCGTATAACAGCTTTGAGGGTATTCGGCTTTAGTGTACGGTCTTCCTAACCACTCTTTACGCCGGTGTCTAATCAACTCAGGCCTCTCGTATAACCGCGGTGGCTGGCACGAAATTTACCAACCC	asv.884_EE0528
16S	AGACGAGAAGACCCYdTGGAGCTT	GATCCAACATCGAGGTCGTAA	Vert-16S-eDNA-F1	Vert-16S-eDNA-R1	https://doi.org/10.1007/s12686-016-0550-y	Paired	NovaSeq6000	GTGGAACGGGCACTCACCCCCAAAGCCAGAGCCACAGCTCTAACAAACAGAATATCTGACCATCAAGATCCGGCAACGCCGATCAACGGACCCAGTTACCCTAGGGATAACAGCGCAATCCCCTTTTAGAGCCCATATCGACAAGGGGGT	asv.892_EE0524
16S	AGACGAGAAGACCCYdTGGAGCTT	GATCCAACATCGAGGTCGTAA	Vert-16S-eDNA-F1	Vert-16S-eDNA-R1	https://doi.org/10.1007/s12686-016-0550-y	Paired	NovaSeq6000	TCTACGCATTTCACCGCTACACTAGGAATTCCCTCTACCTCTACCACACTCAAGTCTAGCAGTTTCCACTGCTTTTCTGGGGTTGAGCCCCAGTCTTTAACAGCAGACTTACCAAACCACCTACAGACGCTTTATGCCCAGTGATTCCGG	asv.893_EE0524
16S	AGACGAGAAGACCCYdTGGAGCTT	GATCCAACATCGAGGTCGTAA	Vert-16S-eDNA-F1	Vert-16S-eDNA-R1	https://doi.org/10.1007/s12686-016-0550-y	Paired	NovaSeq6000	AGTTAATAACATAGTAATAGCTCCTGCTAAAACTGGTAATGATAATAATAATAAAAATACAGTTACTAATACTGATCATACAAATAAAGGAATTTTATGCATAAACATTCCAGGTGCTCTCATATTGAATATAGTTACAATAAAATTTAT	asv.894_EE0524
16S	AGACGAGAAGACCCYdTGGAGCTT	GATCCAACATCGAGGTCGTAA	Vert-16S-eDNA-F1	Vert-16S-eDNA-R1	https://doi.org/10.1007/s12686-016-0550-y	Paired	NovaSeq6000	CGTGATTGTGCTTCTAATTCCCCGCGGGCGTATAACAGCTGGGGGGGTATTCGGCTTTAGTTGTTGAGTCCTTAACCACGCTTTACGCCGATGTCTATCAACTTGGGCCTCTCGTATAACCGCGGTGGCTGGCACGAAATTGACCAGTCC	asv.897_EE0524
16S	AGACGAGAAGACCCYdTGGAGCTT	GATCCAACATCGAGGTCGTAA	Vert-16S-eDNA-F1	Vert-16S-eDNA-R1	https://doi.org/10.1007/s12686-016-0550-y	Paired	NovaSeq6000	TTTCACTATTAATCATCCTTCACGTAGGTTGAATCCCCCTGTTGCCTGCGCCGCACGTTGCAAACATCCTTCATTTGATTTGCGAAATTATTCCCCACAGAAAAGCCAAACGGCATCCACATGCAAAACCTGAAGAGTGACGGGCGGTGT	asv.898_EE0526
16S	AGACGAGAAGACCCYdTGGAGCTT	GATCCAACATCGAGGTCGTAA	Vert-16S-eDNA-F1	Vert-16S-eDNA-R1	https://doi.org/10.1007/s12686-016-0550-y	Paired	NovaSeq6000	AGTTGGGCTTCCGCCCCCCGGTTCACATTTGACCGTCCTGGGAGGGGTCGACTTTAGTTTAAGTTTAATTCCTAACCACCCTTTACGCCGTAATCTATCAACTTGGGCCACCCGTTTAACCGCGGCGGCTGGCACGAAATTAACCAACCC	asv.902_EE0526
16S	AGACGAGAAGACCCYdTGGAGCTT	GATCCAACATCGAGGTCGTAA	Vert-16S-eDNA-F1	Vert-16S-eDNA-R1	https://doi.org/10.1007/s12686-016-0550-y	Paired	NovaSeq6000	CCTACTTCTCTTATCACTACCTGTACTAGCAGGGGCCATTACAATACTACTAACAGATCGAAACGTTAATACATCATTTTTCGACCCTAGTGGGGGAGGAGACCCAATTCTATATCAACACCTATTTTGGTTCTTCGGCCATCCCGAAGT	asv.908_EE0528
16S	AGACGAGAAGACCCYdTGGAGCTT	GATCCAACATCGAGGTCGTAA	Vert-16S-eDNA-F1	Vert-16S-eDNA-R1	https://doi.org/10.1007/s12686-016-0550-y	Paired	NovaSeq6000	TCATAGTTTATTTTATTTCAGCCCGGGTTTTATACAACTGAGATGAAGCTTAGCTTTATTAAGGATAGACCTAAAACACTCTTTATGCTGAGTTCTATTAGCTCAGGTTAATTGTATGGCTGCGGTGGCTGGCACGAAATTAACCAACCC	asv.909_EE0528
16S	AGACGAGAAGACCCYdTGGAGCTT	GATCCAACATCGAGGTCGTAA	Vert-16S-eDNA-F1	Vert-16S-eDNA-R1	https://doi.org/10.1007/s12686-016-0550-y	Paired	NovaSeq6000	CGTTGTTGGGCTTCCACTCCCCGGGGGCGTATGACTGCCTTGGGGGCGTTCGGCTTTAGTTCTTATATTTCATAGCCACTCTTTACGCCGGCATCTGTCAACTTGGGTTGCTCGTATAACCGCGGTGGCTGGCACGAAATTAACCAACCC	asv.910_EE0528
16S	AGACGAGAAGACCCYdTGGAGCTT	GATCCAACATCGAGGTCGTAA	Vert-16S-eDNA-F1	Vert-16S-eDNA-R1	https://doi.org/10.1007/s12686-016-0550-y	Paired	NovaSeq6000	GCTATATTATTATTGCTATCTTTACCTGTATTAGCTGGAGCTATCACTATGTTACTATTGGACAGGAATGTAAATACTTCTTTCTTTGATTCAGCGGCAGGTGGAGATCCTGTGCTTTACCAACATTTATTTTGGTTTTTCGGAGGTCTA	asv.911_EE0528
16S	AGACGAGAAGACCCYdTGGAGCTT	GATCCAACATCGAGGTCGTAA	Vert-16S-eDNA-F1	Vert-16S-eDNA-R1	https://doi.org/10.1007/s12686-016-0550-y	Paired	NovaSeq6000	CTGATATCTACGCATTCCACCGCTCCACCAGAAATTCCACTCACCCCTCTAGCACTCTAGTCTGACAGTATTGAGAGCCATTCCTCGGTTAGGCCGAGGGCTTTCACACCCAACTTGTCAAACCGCCTACGGGCCCTTTATGCCCAGTGA	asv.912_EE0528
16S	AGACGAGAAGACCCYdTGGAGCTT	GATCCAACATCGAGGTCGTAA	Vert-16S-eDNA-F1	Vert-16S-eDNA-R1	https://doi.org/10.1007/s12686-016-0550-y	Paired	NovaSeq6000	TAATTTATTAATGCAAACAGTACCTAACAAACCCACAGGTCCTAAACTACCAAACCTGCATTAAAAATTTCGGTTAGGGCGACCTCGGAGCAGAACCCAACCTCCGAGCAGTACATGCTAAGACTTCACCAGTCAAAGCGAACTACTATACTCAATTGATCCAATAACTTGACCAACGGAACAAGTTACCCTAGGGATAACAGCGCAATCCTATTCTAGAGTCCATATCAACAATAGGGT	asv.140_EE0524
16S	AGACGAGAAGACCCYdTGGAGCTT	GATCCAACATCGAGGTCGTAA	Vert-16S-eDNA-F1	Vert-16S-eDNA-R1	https://doi.org/10.1007/s12686-016-0550-y	Paired	NovaSeq6000	TACTGAGGGCTTAGAATTTTATATAAGCGGGACAGTTTTGTTGGGGCGACAGTTTTTTAAAAAGTAACAAAAACGAACTATGGCTTAGCTTCACCCTGAAAAATTTTTTAAGGGACATTTTTGGTGTGTTTTATGATCCGTTGTTTGGAATGAAAAAAACAACGAAAACAAATAAAAGTTACCCTGGGGATAACAGCGCAATAACGTTTGAGAGTTAATCAACGACGGTGT	asv.267_EE0526
16S	AGACGAGAAGACCCYdTGGAGCTT	GATCCAACATCGAGGTCGTAA	Vert-16S-eDNA-F1	Vert-16S-eDNA-R1	https://doi.org/10.1007/s12686-016-0550-y	Paired	NovaSeq6000	TAGACGCCCACCAATCACGAAAAGCAGGTCTCCCTCAACAGACTTCCAAACAACGTGATACTGGCACAAACGTCTTCGGTTGGGGCGACCGCGGGAGAGAAAAAAGCTCCCGAGAGGATTGGGGCTACCCTAAAACCAAGAGCTACACCTCTAAGTCACAAAACATTTGACCAAAAATGATCCGGCTACATGCCGATTAACGAACCAAGTTACCCTAGGGATAACAGCGCAATCCCTTCCCAGAGTCCATATCGACGAAGGGGT	asv.308_EE0528
16S	AGACGAGAAGACCCYdTGGAGCTT	GATCCAACATCGAGGTCGTAA	Vert-16S-eDNA-F1	Vert-16S-eDNA-R1	https://doi.org/10.1007/s12686-016-0550-y	Paired	NovaSeq6000	TAGTTCAAAGCTTTACTAGTTAGGTGGGGAGCTTTAGTTGGGGCAACTGTTTATAATGTTAAACATAAATATTTGATTATATAATTGGAGTTTTGTTGTTGACCTATAATAGTATAATCATTTGAAAAAGTTACCTTAGGGATAACAGCGTAATTTTTTTTGAGAGTACTTATTGACAAGGAAGTTTACGACCTCGATGTTGGATC	asv.313_EE0526
16S	AGACGAGAAGACCCYdTGGAGCTT	GATCCAACATCGAGGTCGTAA	Vert-16S-eDNA-F1	Vert-16S-eDNA-R1	https://doi.org/10.1007/s12686-016-0550-y	Paired	NovaSeq6000	TAGACACCAAAGCAGACCATGTTAATCACCCCTAAATAAAGGACCAAACAATATTGAACCCTGCCCTAATGTCCTTGGTTGGGGCGACCACGGGGTAACAGAAAACCCCCGCGCGGAACAGAAACATTGTTTCCAGAACCAAGAGTACCCACTCTAAGTAACAAGACCTACTTGACCTTTGAGATCCGGCACTTAGCCGATCAACGGACCGAGTTACCCTAGGGATAACAGCGCAATCTTCTTCGAGAGTTCATATCGACGAGAGGGT	asv.316_EE0526
16S	AGACGAGAAGACCCYdTGGAGCTT	GATCCAACATCGAGGTCGTAA	Vert-16S-eDNA-F1	Vert-16S-eDNA-R1	https://doi.org/10.1007/s12686-016-0550-y	Paired	NovaSeq6000	CAGACACAAAAATAGACTACGTTAATACCCTCCCCTAACCGAGACTAAACCAAGTAGCCCACTATTTTTTTGTCTTTGGCTGGGGCGACCGCGGGGAAACAAACAACCCCCACGTGGACCGGGAGAACTTCTCCTAAAAGCAAGAACCGCAGTTCTAACTAACAGAACTTCTGACCTTTAAGATCCGGCTAGTGCCGATCAACGGACCGAGTTACCCTAGGGATAACAGCGCAATCCCCTTTGAGAGCCCATATCGATGAGGGGGT	asv.318_EE0528
16S	AGACGAGAAGACCCYdTGGAGCTT	GATCCAACATCGAGGTCGTAA	Vert-16S-eDNA-F1	Vert-16S-eDNA-R1	https://doi.org/10.1007/s12686-016-0550-y	Paired	NovaSeq6000	AGTGAGGTATCTAATCTCAGTTTGTGCCCTAGCTTTCGTGGGTTCAGTTAGTTTAAAGCCACTTTCGTGATTGGGCTTCTGACCTTCGGGTGCGTATAACAGCTTTGAAGGTGTTTGGCTTTAGTAAAGTATAGTACTTAACCACTCTTTACGCCGATTGTCTGTCAACTTGGGTCTCTCGTATAACCGCGGTGGCTGGC	asv.353_EE0528
16S	AGACGAGAAGACCCYdTGGAGCTT	GATCCAACATCGAGGTCGTAA	Vert-16S-eDNA-F1	Vert-16S-eDNA-R1	https://doi.org/10.1007/s12686-016-0550-y	Paired	NovaSeq6000	GGGTTGGTAAATTTCGTGCCAGCCACCGCGGTCACACGATTAACCCAAGTCAATAGAAGCCGGCGTAAAGAGTGTTTTAGATCACCCCCTCCCCAATAAAGCTAAAACTCACCTGAGTTGTAAAAAACTCCAGTTGACACAAAATAGACTACGAAAGTGGCTTTAACATATCTGAACACACAATAGCTAAGACCCAAACT	asv.377_EE0539
16S	AGACGAGAAGACCCYdTGGAGCTT	GATCCAACATCGAGGTCGTAA	Vert-16S-eDNA-F1	Vert-16S-eDNA-R1	https://doi.org/10.1007/s12686-016-0550-y	Paired	NovaSeq6000	GAGTTCAGACGTGTGCTCTTCCGATCTCATAGTGGGGTATCTAATCCCAGTTTGGGTCTTAGCTATTGTGTGTTCAGATATGTTAAAGCCACTTTCGTAGTCTATTTTGTGTCAACTGGAGTTTTTTACAACTCAGGTGAGTTTTAGCTTTATTGGGGAGGGGGTGATCTAAAACACTCTTTACGCCGGCTTCTATTGAC	asv.383_EE0537
16S	AGACGAGAAGACCCYdTGGAGCTT	GATCCAACATCGAGGTCGTAA	Vert-16S-eDNA-F1	Vert-16S-eDNA-R1	https://doi.org/10.1007/s12686-016-0550-y	Paired	NovaSeq6000	GGGTTGGTTAATTTCGTGCCAGCCGCGGTAATACGGAGGGTGCGAGCGTTAATCGGAATTACTGGGCGTAAAGCGCATGCAGGTGGTTTGTTAAGTCAGATGTGAAAGCCCGGGGCTCAACCTCGGAATAGCATTTGAAACTGGCAGACTAGAGTACTGTAGAGGGGGGTAGAATTTCAGGTGTAGCGGTGAAATGCGTA	asv.393_EE0539
16S	AGACGAGAAGACCCYdTGGAGCTT	GATCCAACATCGAGGTCGTAA	Vert-16S-eDNA-F1	Vert-16S-eDNA-R1	https://doi.org/10.1007/s12686-016-0550-y	Paired	NovaSeq6000	AGTGAGGTATCTAATCTCAGTTTGGGTCTTAGTTATTGTGTTTTCAGGATATTAAAGCCACTTTTGTAGTTTATTTTATTTCAGCTGGAGTTTTTTTACAACTTAGATGGAGTTTATCTTTATTGAGGGTAGATCTTAAACACTCTTTATGCCAAGATCTATTAGCTTGGGTTAATCATATAACCACAGTGGCTGGCACG	asv.407_EE0526
16S	AGACGAGAAGACCCYdTGGAGCTT	GATCCAACATCGAGGTCGTAA	Vert-16S-eDNA-F1	Vert-16S-eDNA-R1	https://doi.org/10.1007/s12686-016-0550-y	Paired	NovaSeq6000	GGGTTGGTAAATTTCGTGCCAGCAGCCGCGGTAATACGAAGGGGGCGAGCGTTGTTCGGAATTACTGGGCGTAAAGGGAGCGCAGGCGGTTCATTAAGTTAGGCGTGAAAGCCCCGGGCTCAACCTGGGAACTGCGCTTAATACTGATGAACTAGAAAACAGGAGAGGGTAGTGGAATTTCCAGTGTAGAGGTGAAATTC	asv.421_EE0528
16S	AGACGAGAAGACCCYdTGGAGCTT	GATCCAACATCGAGGTCGTAA	Vert-16S-eDNA-F1	Vert-16S-eDNA-R1	https://doi.org/10.1007/s12686-016-0550-y	Paired	NovaSeq6000	GGAACAGGATGAACTGTTTATCCTCCACTTTCAAGTGGTACTTCTCATTCTGGTGGAGCGGTTGACCTAGCTATCTTTAGTTTACACCTTTCAGGAGCTTCATCAATCTTGGGAGCAATTAATTTTATATGTACCATTTTTAATATGCGAGTAAAAAGTTTGTCATTTCACAACTTACCTCTTTTTGTTTGGGCTGTTTT	asv.433_EE0526
16S	AGACGAGAAGACCCYdTGGAGCTT	GATCCAACATCGAGGTCGTAA	Vert-16S-eDNA-F1	Vert-16S-eDNA-R1	https://doi.org/10.1007/s12686-016-0550-y	Paired	NovaSeq6000	AGTGAGGTATCTAATCTCAGTTTGTGGCATAGCTTTCGTGGGTTCAGGGTTTTAAAGTCACTTTCGTGGTTGATTTTCGTACTTTCATATGCGTATAACAGCTCGGAGGTCGTTCTTCTTTAGTTTTGGTTTCTCTTAACCACTCTTTACGCCGAAGGCCATCTACTTGGGTCTCTCGTATAACCGCGGTGGCTGGCACG	asv.460_EE0528
16S	AGACGAGAAGACCCYdTGGAGCTT	GATCCAACATCGAGGTCGTAA	Vert-16S-eDNA-F1	Vert-16S-eDNA-R1	https://doi.org/10.1007/s12686-016-0550-y	Paired	NovaSeq6000	GGTACAGGATGAACAGTTTACCCTCCGTTAGCGATTTCACAAGGTGTTGGGGTTGATTTTGCTATATTTAGTTTACATTTAGCCGGTGTTTCATCATTGATGGGTGCTATTAATTTTATTACTACAATATTTAATATGCGAATGCCTGGTCAAGTGCTATATTTTTTACCGTTGTTTGTTTGAGCTGTGTTAGTTACAGC	asv.467_EE0526
16S	AGACGAGAAGACCCYdTGGAGCTT	GATCCAACATCGAGGTCGTAA	Vert-16S-eDNA-F1	Vert-16S-eDNA-R1	https://doi.org/10.1007/s12686-016-0550-y	Paired	NovaSeq6000	GTCGGTAAAACTCGTGCCAGCAGCCGCGGTAAGACGAACCGTACGAACGTTATTCGGAATTACTGGGCTTAAGGGTGCGTAGGCTGCACGGAAAGTTGGGTGTGAAAGCCCTCAGCTCAACTGAGGAATTGCATCCAAAACTGCCGTGCTAGAGGGAGACAGAGGTGAGCGGAACTCAAGGTGGAGCGGTGAAATGCGTT	asv.504_EE0524
16S	AGACGAGAAGACCCYdTGGAGCTT	GATCCAACATCGAGGTCGTAA	Vert-16S-eDNA-F1	Vert-16S-eDNA-R1	https://doi.org/10.1007/s12686-016-0550-y	Paired	NovaSeq6000	GTCGGTAAAACTCGTGCCAGCAGCCGCGGTAAGACGAACCGTACGAACGTTATTCGGAATTACTGGGCTTAAGGGTGCGTAGGCTGCACGGAAAGTTGGGTGTGAAAGCCCTCAGCTCAACTGAGGAATTGCATCCAAAACTGCCGTGCTAGAGGGAGACAGAGGTGAGCGGAACTCAAGGTGGAGCGGTGAAATGCGTT	asv.504_EE0528
16S	AGACGAGAAGACCCYdTGGAGCTT	GATCCAACATCGAGGTCGTAA	Vert-16S-eDNA-F1	Vert-16S-eDNA-R1	https://doi.org/10.1007/s12686-016-0550-y	Paired	NovaSeq6000	GTCGGTAAAACTCGTGCCAGCAGCCGCGGTAAGACGGAAAGGGTTGGTGTTATTCAGATTGATTGGGCGTAAAGGATACGTAGGCGGAAAATTAACTAGTGGCTTAAATATAAGAATTCAACTCTTACTAGGCCGTTAAAGTAATTTTCTTGAGTCTAAAGGAAGACTATAGAATTTCAAGCGTAACGGTAAAATGTGTT	asv.510_EE0528
16S	AGACGAGAAGACCCYdTGGAGCTT	GATCCAACATCGAGGTCGTAA	Vert-16S-eDNA-F1	Vert-16S-eDNA-R1	https://doi.org/10.1007/s12686-016-0550-y	Paired	NovaSeq6000	GTTGGTAAATCTCGTGCCAGCAGCCGCGGTAATACGAAAAGGGCAAACGTTAGTCAAAGTAATTGGGCGTAAAACATACGTAGGTGGAAAATTTAAGTTTATTTATAATTTAAAAGTTTATTTTTTAATAGTTTTAAGCTATTAATTTTCTAGAGTTTACTAAAAGGTTTTGGAATTTTAAAAGAAGTGGTAAAATACGT	asv.518_EE0526
16S	AGACGAGAAGACCCYdTGGAGCTT	GATCCAACATCGAGGTCGTAA	Vert-16S-eDNA-F1	Vert-16S-eDNA-R1	https://doi.org/10.1007/s12686-016-0550-y	Paired	NovaSeq6000	AGTGAGGTATCTAATCTCAGTTTGTTTCTCAGCTTTCGTGGGGTCAAAATTATTAAAGCCACTTTCGTGCAAGGGCTTCTTATCCTCGGGTGCGTATAACAGTTCTGAGGGAGTTCGGCTTTAGTTTAAATCTAATTTAACCACTCTTTACGCCGAATGCTATCAACTTGGGCCTCTCGTATAACCGCGGTGGCTGGCAC	asv.520_EE0528
16S	AGACGAGAAGACCCYdTGGAGCTT	GATCCAACATCGAGGTCGTAA	Vert-16S-eDNA-F1	Vert-16S-eDNA-R1	https://doi.org/10.1007/s12686-016-0550-y	Paired	NovaSeq6000	GTCGGTAAAACTCGTGCCAGCAGCCGCGGTAATACGTAAATGGCGAGCGTTATCCGGATTTACTGGGCATAAAGAGCATGTAGGTGGTTGTTTAAGTCAGATGTTAAAGGCTACAGCCTAACTGTAGTACGCATTTGAAACTGGATGACTTGAGATCAAGAGAGGGAAGCGGAACTCACGGTGTAGCGGTGAAATGCGTA	asv.571_EE0524
16S	AGACGAGAAGACCCYdTGGAGCTT	GATCCAACATCGAGGTCGTAA	Vert-16S-eDNA-F1	Vert-16S-eDNA-R1	https://doi.org/10.1007/s12686-016-0550-y	Paired	NovaSeq6000	GTTGGTAAATCTCGTGCCAGCAGCCGCGGTAATACGAAGGGAACTAGCGTGATTCGGAATGACTGGGCGTAAAGGGTACGTAGGAGGCCTACCAAGTTTTCTTCTAAATCTCATGTTAACATGATCATAGGGGAAAAAACTAGTAGGCTTTGAGTCTAGGAGAGGATTATGGAATTTCTGGTGGAGGGCTAATATCCAAA	asv.572_EE0526
16S	AGACGAGAAGACCCYdTGGAGCTT	GATCCAACATCGAGGTCGTAA	Vert-16S-eDNA-F1	Vert-16S-eDNA-R1	https://doi.org/10.1007/s12686-016-0550-y	Paired	NovaSeq6000	AGTGAGGTATCTAATCTCAGTTTGTATCTCAGCTCTCGTGGATTCAGAATGTATAAAGCTACTTTCGCATATGAGCTTCTTACCTTCGAAAGCGTATAACAGCTCGGAAGATGTTCGGCTTTAATTTAATTTTGTTCTTAACCACCCTTTACGCCGACTTCTAACAACTTGGGCCTCCCGTATAACCGCGGTGGCTGGCA	asv.577_EE0526
16S	AGACGAGAAGACCCYdTGGAGCTT	GATCCAACATCGAGGTCGTAA	Vert-16S-eDNA-F1	Vert-16S-eDNA-R1	https://doi.org/10.1007/s12686-016-0550-y	Paired	NovaSeq6000	GGAACAGGATGAACTGTTTATCCCCCTTTAAGTGATATAGCATATCAATCTGGTCCTTCAGTAGATTTTGCTATATTTAGTTTACATTTAGCGGGTATTTCATCAATATTAGGTTCAATTAATTTTATGACTACTATTTTTAATATGAGATCTCCTTCTATGAGTCTTACAAATATGCCTTTATTTGCTTGGGCAGTTTT	asv.578_EE0528
16S	AGACGAGAAGACCCYdTGGAGCTT	GATCCAACATCGAGGTCGTAA	Vert-16S-eDNA-F1	Vert-16S-eDNA-R1	https://doi.org/10.1007/s12686-016-0550-y	Paired	NovaSeq6000	GCTCCCGCTAGAACGGGGAGTGACAAGAGTAAAAGAATAGCAGTGAGCAATACAGATCAAGGGAAAAGAGGTATTTGATCAAGTTTTATCCCAAGACATCGTAAGTTTGCAAGAGTGCTAATAAAGTTGACCGCTCCTAACAAAGAGGAAATTCCTGCCAAATGTAAAGAGAAGATCGTCAGGTCTACGGACGCCCCGGG	asv.579_EE0528
16S	AGACGAGAAGACCCYdTGGAGCTT	GATCCAACATCGAGGTCGTAA	Vert-16S-eDNA-F1	Vert-16S-eDNA-R1	https://doi.org/10.1007/s12686-016-0550-y	Paired	NovaSeq6000	AAGAAAAAAGACTAACTACGTTAAGAATAAACCAATTAAACTAAGTAGAAACTAGTCTAGAATCTTTGGTTGGGGCGACCACGGAAGAAAACAAAGCTCCCATGAGGACCGGGCTACTAACCTAAAACCAAGAAAGACATTTCTAAGTCTCAGAATATCTGACCACCACCGATCCGGCCCAAGCCGATCAACGAAACAAG	asv.580_EE0528
16S	AGACGAGAAGACCCYdTGGAGCTT	GATCCAACATCGAGGTCGTAA	Vert-16S-eDNA-F1	Vert-16S-eDNA-R1	https://doi.org/10.1007/s12686-016-0550-y	Paired	NovaSeq6000	CAGACAACATGTGGACCATGTTAATAAACCTTACTCAACAAGAACAAACCAATTGGAACCCACCTTAATGTCTTTGGTTGGGGCGACCGCGGGGTAATAAAAAACCCCCATGTGGAAAGAGAGAACCTTCTCTTATAACTAAGACTGACAAGTCTAAGTACCAGAATATCTGACCAAAAATGATCCGGCAAAGCCGATCA	asv.581_EE0528
16S	AGACGAGAAGACCCYdTGGAGCTT	GATCCAACATCGAGGTCGTAA	Vert-16S-eDNA-F1	Vert-16S-eDNA-R1	https://doi.org/10.1007/s12686-016-0550-y	Paired	NovaSeq6000	ATCGGAAGAGCGTCGTGTAGGGAAAGAGTGTGCCTTGCGGAGTGTAGATCTCGGTGGTCGCCGTATCATTAAAAAAAATTTTTTTCAAGCAGAAGACGGCATACTAGATTTGAGAGGATGTGACTGGAGTTCAGACGTGTGCTCTTCCGA	asv.642_EE0541
16S	AGACGAGAAGACCCYdTGGAGCTT	GATCCAACATCGAGGTCGTAA	Vert-16S-eDNA-F1	Vert-16S-eDNA-R1	https://doi.org/10.1007/s12686-016-0550-y	Paired	NovaSeq6000	GTAACGGGGCTTCGAATCTTCGGGGGCGTATAACAGCGTTGAAGATATTCGGCTTTATTTTATAGGGATCCCTAACCACCCTTTACGCCGGTGCCTATCAACTTGGGCCTCTCGTATAACCGCGGTGGCTGGCACGAAATTTACCAACCC	asv.676_EE0526
16S	AGACGAGAAGACCCYdTGGAGCTT	GATCCAACATCGAGGTCGTAA	Vert-16S-eDNA-F1	Vert-16S-eDNA-R1	https://doi.org/10.1007/s12686-016-0550-y	Paired	NovaSeq6000	CGTGATTGGGCTTCTGATCTTCGGGTGCGTATAACAGCTTTGAAGGTGTTTGGCTTTAGTGAAATATGTTACTTAACCACTCTTTACGCCGATTGTCTGTCAACTTGGGTCTCTCGTATAACCGCGGTGGCTGGCACGAGATTTACCAAC	asv.696_EE0526
16S	AGACGAGAAGACCCYdTGGAGCTT	GATCCAACATCGAGGTCGTAA	Vert-16S-eDNA-F1	Vert-16S-eDNA-R1	https://doi.org/10.1007/s12686-016-0550-y	Paired	NovaSeq6000	TGTAGTTTATTTTATTTCAGCTGGAGTTTTTTTACAACTTAGATGGAGTTTATCTTTATTGAGGGTAGATCTTAAACACTCTTTATGCCAAGATCTATTAGCTTGGGTTAATCATATAACCACAGTGGCTGGCACGAAATTTACCAACCC	asv.727_EE0526
16S	AGACGAGAAGACCCYdTGGAGCTT	GATCCAACATCGAGGTCGTAA	Vert-16S-eDNA-F1	Vert-16S-eDNA-R1	https://doi.org/10.1007/s12686-016-0550-y	Paired	NovaSeq6000	GTGGTGGGGCTTCGAGTTCTCGGGAGCGTATAACAGCGTTGAGAATGTTCGGCTTTATTTTGTAAAAACCCTTAACCACCCTTTACGCCGATTCCTGTCAACTTGGGCCTCTCGTATAACCGCGGTTGCTGGCACGAAATTAACCAACCC	asv.738_EE0528
16S	AGACGAGAAGACCCYdTGGAGCTT	GATCCAACATCGAGGTCGTAA	Vert-16S-eDNA-F1	Vert-16S-eDNA-R1	https://doi.org/10.1007/s12686-016-0550-y	Paired	NovaSeq6000	TCTATTATTATTGTCTCTACCAGTGCTAGCAGGTGCTATTACAATGTTATTAACTGATAGAAATTTCAACACTACATTCTTTGATCCTGCGGGTGGAGGTGATCCTGTATTGTACCAGCATTTATTCTGATTTTTCGGCCACCCCGAGGT	asv.750_EE0524
16S	AGACGAGAAGACCCYdTGGAGCTT	GATCCAACATCGAGGTCGTAA	Vert-16S-eDNA-F1	Vert-16S-eDNA-R1	https://doi.org/10.1007/s12686-016-0550-y	Paired	NovaSeq6000	CGTAGTTGAGCTTCTCCGTTTCGAACACGTTAAACGGCCTTGAAGGAGTTCGACTTTAGTCTTGGTTCACCTTAACCACGCTTTACGCCGGGAGTTGTCAACTTGGGCCTCTCGTATAACCGCGGTGGCTGGCACGAAATTTACCAACCC	asv.754_EE0524
16S	AGACGAGAAGACCCYdTGGAGCTT	GATCCAACATCGAGGTCGTAA	Vert-16S-eDNA-F1	Vert-16S-eDNA-R1	https://doi.org/10.1007/s12686-016-0550-y	Paired	NovaSeq6000	GATCGGGCTTCTTACCTTCGGGAAACGTATAACAGTATAGAAGGCGTTCGGCTTTAGTATTGGGATCATCTTAACCACGCTTTACGCCGGTGTCTAACAGCTTGGGCTCACTCGTATAACCGCGGTGGCTGGCACGAAATTAACCAACCC	asv.755_EE0526
16S	AGACGAGAAGACCCYdTGGAGCTT	GATCCAACATCGAGGTCGTAA	Vert-16S-eDNA-F1	Vert-16S-eDNA-R1	https://doi.org/10.1007/s12686-016-0550-y	Paired	NovaSeq6000	TCTACGCATTTCACCGCTACACCGGGAATTCTACCTTCCTCTCCTGCACTCTAGCCTGACAGTTCCGGATGCCGTTCCCAGGTTGAGCCCGGGGCTTTCACAACCGGCTTATCAAGCCGCCTACGCGCGCTTTACGCCCAGTAATTCCGA	asv.759_EE0524
16S	AGACGAGAAGACCCYdTGGAGCTT	GATCCAACATCGAGGTCGTAA	Vert-16S-eDNA-F1	Vert-16S-eDNA-R1	https://doi.org/10.1007/s12686-016-0550-y	Paired	NovaSeq6000	TCTACGAATTTCACCTCTACACTCGGAGTTCCACTCACCTCTCTCGAACTCAAGACTGACAGTATCAAAGGCAGTTCCGAGGTTGAGCCTCGGGATTTCACCCCTAACTTATCAATCCGCCTACGCGCGCTTTACGCCCAGTGATTCCGA	asv.761_EE0526
16S	AGACGAGAAGACCCYdTGGAGCTT	GATCCAACATCGAGGTCGTAA	Vert-16S-eDNA-F1	Vert-16S-eDNA-R1	https://doi.org/10.1007/s12686-016-0550-y	Paired	NovaSeq6000	CAGACACTAAAACAGCTCATGTTAAGAACCCTCACAAAAGAGACCAAACTAGATGACTCCTGTCCTAATGTCTTTGGTTGGGGCGACCACGGGGTAACAAAAAACCCCCGCGCGGAACAGAAACACTGTTTCCAGAACCAAGAGCACCCGCTCTAAGTAACAAGACCCACTTGACCTTTGAGATCCGGCACAAGCCGATCAACGGACCGAGTTACCCTAGGGATAACAGCGCAATCTTCTTCGAGAGTTCATATCGACGAGAAGGT	asv.80_EE0528
16S	AGACGAGAAGACCCYdTGGAGCTT	GATCCAACATCGAGGTCGTAA	Vert-16S-eDNA-F1	Vert-16S-eDNA-R1	https://doi.org/10.1007/s12686-016-0550-y	Paired	NovaSeq6000	CAGTTAGTAACATGGTAATAGCACCTGCTAACACTGGTAGAGATAACAGTAATAAAATTGCAGTGATGAAAACAGCCCAAACGAATAAAGGTAATTTATGAAATGGAAGACTTTCAGTTCTCATATTGACAATTGTACAAATAAAATTAA	asv.838_EE0526
16S	AGACGAGAAGACCCYdTGGAGCTT	GATCCAACATCGAGGTCGTAA	Vert-16S-eDNA-F1	Vert-16S-eDNA-R1	https://doi.org/10.1007/s12686-016-0550-y	Paired	NovaSeq6000	TTTATTATTGTTATCATTACCTGTATTAGCAGGTGCGATTACTATGCTATTGACAGATCGTAACTTCAATACAACATTCTTTGATCCAGCTGGAGGAGGTGATCCTGTATTATATCAGCACTTATTCTGATTCTTTGGCCACCCCGAAGT	asv.848_EE0528
16S	AGACGAGAAGACCCYdTGGAGCTT	GATCCAACATCGAGGTCGTAA	Vert-16S-eDNA-F1	Vert-16S-eDNA-R1	https://doi.org/10.1007/s12686-016-0550-y	Paired	NovaSeq6000	TTACTAGTACTTGCTTTACCTGTACTTGCTGCTGGTATTACAATGCTATTAACTGATCGTAACTTAAATACTTCATTCTTTAAACCTGCTGGTGGTGGTGATCCTATTCTATTCCAACACCTATTCTGGTTCTTTGGCCCCCGAGGTCTA	asv.849_EE0526
16S	AGACGAGAAGACCCYdTGGAGCTT	GATCCAACATCGAGGTCGTAA	Vert-16S-eDNA-F1	Vert-16S-eDNA-R1	https://doi.org/10.1007/s12686-016-0550-y	Paired	NovaSeq6000	TTCGTGCAAGGGCTTCTTATCCTCGGGTGCGTATAACAGTTCTGAGGGAGTTCGGCTTTAGTTTAAATCTAATTTAACCACTCTTTACGCCGAATGCTATCAACTTGGGCCTCTCGTATAACCGCGGTGGCTGGCACGAGATTTACCAAC	asv.850_EE0526
16S	AGACGAGAAGACCCYdTGGAGCTT	GATCCAACATCGAGGTCGTAA	Vert-16S-eDNA-F1	Vert-16S-eDNA-R1	https://doi.org/10.1007/s12686-016-0550-y	Paired	NovaSeq6000	CAGTTAATAACATGGTAATAGCACCTGCTAATACTGGTAAAGATAGTAATAATAGAATCGCAGTAATGAAAACAGCCCAAACAAATAAAGGCAGCTTATGGAACGGAAGGCTTTCAGTTCTCATATTAACAATGGTACAAATAAAATTAA	asv.868_EE0526
16S	AGACGAGAAGACCCYdTGGAGCTT	GATCCAACATCGAGGTCGTAA	Vert-16S-eDNA-F1	Vert-16S-eDNA-R1	https://doi.org/10.1007/s12686-016-0550-y	Paired	NovaSeq6000	TTTTATTACTATTAGCAGTCCCTGTTTTAGCAGGAGCAATAACTATGTTATTAACGGACAGAAATTTTAATACTTCTTTTTTTGATCTGTCGGGAGGAGGTGATCCTGTTTTATATCAACATTTATTTTGGTTCTTCGGCCACCCGAAGT	asv.877_EE0526
16S	AGACGAGAAGACCCYdTGGAGCTT	GATCCAACATCGAGGTCGTAA	Vert-16S-eDNA-F1	Vert-16S-eDNA-R1	https://doi.org/10.1007/s12686-016-0550-y	Paired	NovaSeq6000	CCTGTTATTGCTGTCACTGCCAGTATTAGCGGGAGCGATCACGATGCTCCTTACAGACCGTAATTTCAATACGACTTTCTTCGATCCTGCTGGTGGAGGTGATCCCGTATTGTATCAACATTTGTTCTGATTCTTTGGCCACCCCGAGGT	asv.880_EE0526
16S	AGACGAGAAGACCCYdTGGAGCTT	GATCCAACATCGAGGTCGTAA	Vert-16S-eDNA-F1	Vert-16S-eDNA-R1	https://doi.org/10.1007/s12686-016-0550-y	Paired	NovaSeq6000	CTACAAGTTTTACCTCTCCATATGAAATTCCACTCTTCCGTATAAAACTCTAAGTAAAGCAGTATTATAAATTAGTTCAAAGTTGAGCTTTGAGATTTGATTTATAACTTACTATACAGCCTACAGACACTTTACGCCCAATCATTTTGG	asv.899_EE0528
16S	AGACGAGAAGACCCYdTGGAGCTT	GATCCAACATCGAGGTCGTAA	Vert-16S-eDNA-F1	Vert-16S-eDNA-R1	https://doi.org/10.1007/s12686-016-0550-y	Paired	NovaSeq6000	CTTACTTTTGTTAGCTGTTCCTGTTTTAGCTGGAGCAATTACAATGCTTCTAACTGATAGAAACTTTGGTACAACATTCTTTAATCCTGCTGGTGGTGGAGATCCAGTTCTTTTCCAACACTTATTTTGGTTTTTCGGCCACCCCGAGGT	asv.900_EE0526
16S	AGACGAGAAGACCCYdTGGAGCTT	GATCCAACATCGAGGTCGTAA	Vert-16S-eDNA-F1	Vert-16S-eDNA-R1	https://doi.org/10.1007/s12686-016-0550-y	Paired	NovaSeq6000	CTACTTTTACTTTCTCTTCCAGTATTAGCAGGTGCTATTACCATGTTATTAACTGATAGAAATTTTAATACGACCTTTTTCGATCCAGCAGGTGGAGGAGATCCTGTATTGTACCAGCATTTATTTTGATTTTTTGGCCACCCCGAAGTC	asv.901_EE0526
16S	AGACGAGAAGACCCYdTGGAGCTT	GATCCAACATCGAGGTCGTAA	Vert-16S-eDNA-F1	Vert-16S-eDNA-R1	https://doi.org/10.1007/s12686-016-0550-y	Paired	NovaSeq6000	AGCTGCATTATTATTAATCTTCGATAGAACTTTTGGAACAAGCTTCTATTTATCTGATATCTACATTGCAGGTGAGGCATTAGATGCTACAGGTGGTTCTCCTTTATTATTCCAACACTTATTTTGATTTTTTGGCCACCCCGAAGTCTA	asv.905_EE0528
16S	AGACGAGAAGACCCYdTGGAGCTT	GATCCAACATCGAGGTCGTAA	Vert-16S-eDNA-F1	Vert-16S-eDNA-R1	https://doi.org/10.1007/s12686-016-0550-y	Paired	NovaSeq6000	TCTACGCATTTCACCGCTACACCTGAAATTCTACCCCCCTCTCAAGGACTCTAGCCAAGCAGTATCAAATGCAATTCCCAGGTTAAGCCCGGGGCTTTCACATCTGACTGACTTGGCCGCCTGCATGCGCTTTACGCCCAGTAATTCCGA	asv.907_EE0531
16S	AGACGAGAAGACCCYdTGGAGCTT	GATCCAACATCGAGGTCGTAA	Vert-16S-eDNA-F1	Vert-16S-eDNA-R1	https://doi.org/10.1007/s12686-016-0550-y	Paired	NovaSeq6000	ATATTATTATTAACATTACCAATTTTATCTGGTGCATTAATAATGTTAATAGCTGATCTACATTTTAATTCATTATTTTTTGATATTATTTTTAGTGGAGATCCTATATTTTATCAACATTTATTTTGATTTTTCGGCCACCCCGAATCT	asv.914_EE0524
16S	AGACGAGAAGACCCYdTGGAGCTT	GATCCAACATCGAGGTCGTAA	Vert-16S-eDNA-F1	Vert-16S-eDNA-R1	https://doi.org/10.1007/s12686-016-0550-y	Paired	NovaSeq6000	TCTGCGCATTTCACCGCTACACTAGGAATTCCCCGCTCCCCTACCGCACTCTAGTCACAGCAGTATCGGGTGGCGTCTCTGGGTTGAGCCCAGAGTTTTCACACCCGACTTACTGAACCGCCTACGAGCTCTTTACGCCCAATAAATCCG	asv.915_EE0524
16S	AGACGAGAAGACCCYdTGGAGCTT	GATCCAACATCGAGGTCGTAA	Vert-16S-eDNA-F1	Vert-16S-eDNA-R1	https://doi.org/10.1007/s12686-016-0550-y	Paired	NovaSeq6000	GCATATGAGCTTCTTACCTTCGAAAGCGTATAACAGCTCGGAAGATGTTCGGCTTTAATTTAATTTTGTTCTTAACCACCCTTTACGCCGACTTCTAACAACTTGGGCCTCCCGTATAACCGCGGTGGCTGGCACGAAATTGACCAGTCC	asv.923_EE0526
16S	AGACGAGAAGACCCYdTGGAGCTT	GATCCAACATCGAGGTCGTAA	Vert-16S-eDNA-F1	Vert-16S-eDNA-R1	https://doi.org/10.1007/s12686-016-0550-y	Paired	NovaSeq6000	CCGTCAGAAGCATAGTAATGGCTCCTGCCAAGACAGGAAGAGAAAGTAATAGTAGTACAGCTGTTACTAATACGGCTCAAACGAATAGTGGTAGTTTGTGCATTGTCATCCCAGGACATCTCATATTAATAATAGTTGTAATAAAGTTGC	asv.924_EE0528
16S	AGACGAGAAGACCCYdTGGAGCTT	GATCCAACATCGAGGTCGTAA	Vert-16S-eDNA-F1	Vert-16S-eDNA-R1	https://doi.org/10.1007/s12686-016-0550-y	Paired	NovaSeq6000	CTACGGGGCTTATCCCTAAACATGGAATTCTACTCTTCTGAACAAAACTCAAGTAAAGTAGTATTATAAGCTGTTCTAAAGTTGAGCTTTAGGATTTAACAAATAACTTACAGTACAGTCTACGGACTCTTTACGCCCAGTCATTTCGGA	asv.925_EE0528
16S	AGACGAGAAGACCCYdTGGAGCTT	GATCCAACATCGAGGTCGTAA	Vert-16S-eDNA-F1	Vert-16S-eDNA-R1	https://doi.org/10.1007/s12686-016-0550-y	Paired	NovaSeq6000	TAGACAAAAAATGGCCCCTGTATATAGACCTTAAAAAGTTAAAACAAAAGGCACCCCATTCTTATGTCTTTGGTTGGGGCGACCGCGGGGAAATATAAAACCCCCATGTGGTATTTGAAAATACTTCTTTAAACCTAGAGTGGCAACTCAAAGGAACAGAAATTCTGACCTAATATGACCCGGCACATTTCTGCCGATCAACGAAACTAGTTACCCCAGGGATAACAGCGCAATCCTCTCCCAGAGTCCATATCGACAAGAGGGT	asv.126_EE0526
16S	AGACGAGAAGACCCYdTGGAGCTT	GATCCAACATCGAGGTCGTAA	Vert-16S-eDNA-F1	Vert-16S-eDNA-R1	https://doi.org/10.1007/s12686-016-0550-y	Paired	NovaSeq6000	TAGACACTAAGACGAATCATGTTAAGTACCTCTAAATAAAGAACTAAACCAGATGAACCTCGCCCTATATGTCTTTGGTTGGGGCGACCGCGGGGAAATACAAAACCCCCACGTGGAATGGGAACACCCCTCCTACAACTCAGAGCTCCCGCTCTAATAAACAGAATTTCTGACCAATCAGATCCGGCGAAGCCGATCAACGGACCGAGTTACCCTAGGGATAACAGCGCAATCCCCTTCTAGAGCCCATATCGACAAGGGGGT	asv.163_EE0528
16S	AGACGAGAAGACCCYdTGGAGCTT	GATCCAACATCGAGGTCGTAA	Vert-16S-eDNA-F1	Vert-16S-eDNA-R1	https://doi.org/10.1007/s12686-016-0550-y	Paired	NovaSeq6000	TAGACAATAAGTAGTGCCTGTAAAGACTTAACAACGCTAAAACAAAAGGTATATCTATTTTGATGTCTTCGGTTGGGGCGACCGCGGGGAAACAAAAAACCCCCACGTGGAATATGAACCTCTTCTTTCAACCAAGAGAGCCATCTCTAAGTACCAGAACATCTGACCTTCTTGACCCGGCACTCGCCGATCAACGAAACCAGTTACCCCAGGGATAACAGCGCAATCCCCTCCCCGAGCCCATATCGACGAGGGGGT	asv.276_EE0526
16S	AGACGAGAAGACCCYdTGGAGCTT	GATCCAACATCGAGGTCGTAA	Vert-16S-eDNA-F1	Vert-16S-eDNA-R1	https://doi.org/10.1007/s12686-016-0550-y	Paired	NovaSeq6000	TAGTTCAAAGCTTTACTAGTTAGGTGGGGAGCTTTAGTTGGGGCAACTGTTTATAATGTTAAACATAAATATTTGATTATATAATTGGAGTTTTGTTGTTGACCTATAATAGTATAATCATTTGAAAAAGTTACCTTAGGGATAACAGCGTAATTTTTTTTGAGAGTACTTATTGACAAGGAAGTTTACGACCTCGATGTTGGATC	asv.313_EE0528
16S	AGACGAGAAGACCCYdTGGAGCTT	GATCCAACATCGAGGTCGTAA	Vert-16S-eDNA-F1	Vert-16S-eDNA-R1	https://doi.org/10.1007/s12686-016-0550-y	Paired	NovaSeq6000	TGGACACCAAGGCAGATCATGTTAAGAACCACTACGTTAAGAGACAAAACAAGATGAACACTGCCCACATGTCTTTGGTTGGGGCGACCACGGGGCAACAAAAAACCCCCGCGCGGAACAGAAACACTGTTTCCAGAACCAAGAGCACCCGCTCTAAGTAACAAGACCCACTTGACCTTTGAGATCCGGCACAAGCCGATCAACGGACCGAGTTACCCTAGGGATAACAGCGCAATCTTCTTCGAGAGCTCATATCGACGAGAAGGT	asv.321_EE0528
16S	AGACGAGAAGACCCYdTGGAGCTT	GATCCAACATCGAGGTCGTAA	Vert-16S-eDNA-F1	Vert-16S-eDNA-R1	https://doi.org/10.1007/s12686-016-0550-y	Paired	NovaSeq6000	AAATTAAATTAAAGGCTAATTAATATTAATATATAAGATGCTTTATAATATTTTAGTTGGGGCGACCGAGGATAAGACAAATCATCCTTTTAAATATTATATCTTTCAATGATGATCTCATGGCTAAAAGACTAAGTTACCACAGGGATAACAGCATAATTTCTTTTTATAAGTTCAAATTGAAAAAGAAGCTTACGACCTCGATGTTGGATC	asv.322_EE0528
16S	AGACGAGAAGACCCYdTGGAGCTT	GATCCAACATCGAGGTCGTAA	Vert-16S-eDNA-F1	Vert-16S-eDNA-R1	https://doi.org/10.1007/s12686-016-0550-y	Paired	NovaSeq6000	TAGACACCAAAGTAGACCACGTTAAACATCCCTAAACAAAGGACTAAACCAAATGGGCCCCTACTCTAATGCCTTTGGTTGGGGCGACCGCGGGGAAACAAACAACCCCCATGTGGACCGGGAGAACTTCTCCTAAAAGCAAGAACCGCAGTTCTAACTAACAGAACTTCTGACCTTTAAGATCCGGCTAGTGCCGATCAACGGACCGAGTTACCCTAGGGATAACAGCGCAATCCCCTTTGAGAGCCCATATCGATGAGGGGGT	asv.323_EE0528
16S	AGACGAGAAGACCCYdTGGAGCTT	GATCCAACATCGAGGTCGTAA	Vert-16S-eDNA-F1	Vert-16S-eDNA-R1	https://doi.org/10.1007/s12686-016-0550-y	Paired	NovaSeq6000	TAGACACTAAAACAGCCCATGTTAAGAACCCTCACATAAGAGGCCAAACTAGATGGCCCCTGTCCTAATGTCTTTGGTTGGGGCGACCACGGGGAGTACAAAACCCCCACGTGGAACAAGAACTCCATCTTTAAACTGAGAGCTACACCTCTAAGGAACAGAATCTCTGACCAGAATGATCCGGCGGCAACCCCGCCGATCAACGGAACTAGTTACCCCAGGGATAACAGCGCAATCCTCTCCCAGAGCCCATATCGACGAGGGGGT	asv.324_EE0528
16S	AGACGAGAAGACCCYdTGGAGCTT	GATCCAACATCGAGGTCGTAA	Vert-16S-eDNA-F1	Vert-16S-eDNA-R1	https://doi.org/10.1007/s12686-016-0550-y	Paired	NovaSeq6000	TAGACCAAAAATAGCGCTTGTAAAGAAAACTAAATGTAGAAACAGAAAGCCTGTCTATTTTATGTGCCTTCGGTTGGGGCGACCACGGAGAAATAAAAAACCCCCGCGTGGAACAGGGATACTACCCCCACAATTACGAGCTTCCGCTCTATCAAACAGAACCTCTGACCAGTCAGATCCGGCAATGCCGACCAACGGACCAAGTTACCCTAGGGATAACAGCGCAATCCCCTTTTAGAGCCCATATCGACAAGGGGGT	asv.325_EE0528
16S	AGACGAGAAGACCCYdTGGAGCTT	GATCCAACATCGAGGTCGTAA	Vert-16S-eDNA-F1	Vert-16S-eDNA-R1	https://doi.org/10.1007/s12686-016-0550-y	Paired	NovaSeq6000	GTTGGTAAATCTCGTGCCAGCAGCCGCGGTAATACGGAGGGTGCGAGCGTTAATCGGAATTACTGGGCGTAAAGCGCATGCAGGTGGTTTGTTAAGTCAGATGTGAAAGCCCGGGGCTCAACCTCGGAATAGCATTTGAAACTGGCAGACTAGAGTACTGTAGAGGGGGTAGAATTTCAGGTGTAGCGGTGAAATGCGTA	asv.349_EE0526
16S	AGACGAGAAGACCCYdTGGAGCTT	GATCCAACATCGAGGTCGTAA	Vert-16S-eDNA-F1	Vert-16S-eDNA-R1	https://doi.org/10.1007/s12686-016-0550-y	Paired	NovaSeq6000	GTCGGTAAAACTCGTGCCAGCAGCCGCGGTAATACGGAGGGTGCGAGCGTTAATCGGAATTACTGGGCGTAAAGCGCATGCAGGTGGTTTGTTAAGTCAGATGTGAAAGCCCGGGGCTCAACCTCGGAATAGCATTTGAAACTGGCAGACTAGAGTACTGTAGAGGGGGGTAGAATTTCAGGTGTAGCGGTGAAATGCGT	asv.355_EE0531
16S	AGACGAGAAGACCCYdTGGAGCTT	GATCCAACATCGAGGTCGTAA	Vert-16S-eDNA-F1	Vert-16S-eDNA-R1	https://doi.org/10.1007/s12686-016-0550-y	Paired	NovaSeq6000	GGGTTGGTAAATTTCGTGCCAGCCACCGCGGTCACACGATTAACCCAAGTCAATAGAAGCCGGCGTAAAGAGTGTTTTAGATCACCCCCTCCCCAATAAAGCTAAAACTCACCTGAGTTGTAAAAAACTCCAGTTGACACAAAATAGACTACGAAAGTGGCTTTAACATATCTGAACACACAATAGCTAAGACCCAAACT	asv.377_YE-08
16S	AGACGAGAAGACCCYdTGGAGCTT	GATCCAACATCGAGGTCGTAA	Vert-16S-eDNA-F1	Vert-16S-eDNA-R1	https://doi.org/10.1007/s12686-016-0550-y	Paired	NovaSeq6000	AGTGAGGTATCTAATCTCAGTTTGTTTCACAGCTTTCGTGGGGTCAGAAAATTTAAAGCCACTTTCGTAGTTGGGCTTCATACCTCCGAGCGCGTATAACGGTCTTGGGGGCGTTCGACTTTAGTTGTATTGGGGTAACTTAACCACTCTTTACGCCGATGGCTGTCAGCTTGGACCTCTCGTATAACCGCGGTGGCTGG	asv.384_EE0528
16S	AGACGAGAAGACCCYdTGGAGCTT	GATCCAACATCGAGGTCGTAA	Vert-16S-eDNA-F1	Vert-16S-eDNA-R1	https://doi.org/10.1007/s12686-016-0550-y	Paired	NovaSeq6000	GTTGGTAAATCTCGTGCCAGCAGCCGCGGTAATACGTATGTCGCAAGCGTTATCCGGAATTATTGGGCGTAAAGCGCGTCTAGGCGGCCTTCTAAGTCTGATGTGAAAATGCGGGGCTCAACTCCGTATTGCGTTGGAAACTGGAAGGCTAGAGTATCAGAGAGGTGGGCGGAACTACAAGTGTAGAGGTGAAATTCGTA	asv.417_EE0528
16S	AGACGAGAAGACCCYdTGGAGCTT	GATCCAACATCGAGGTCGTAA	Vert-16S-eDNA-F1	Vert-16S-eDNA-R1	https://doi.org/10.1007/s12686-016-0550-y	Paired	NovaSeq6000	AGTGAGGTATCTAATCTCAGTTTGGGTCTTAGCTATAGTGTATCAGCTGCAGTAGGGTTACTTTCGTCATCTATTTTTGTTGTAATTATGGCTTTTTACAGTTTAATTAGAATTTAACTCTATTTGATGTAGTGCTTTAACACGTTTTACGCCGTATTCCTGTTAGCTTGGGTTAATCGTATGACCGCGGTGGCTGGCAC	asv.423_EE0524
16S	AGACGAGAAGACCCYdTGGAGCTT	GATCCAACATCGAGGTCGTAA	Vert-16S-eDNA-F1	Vert-16S-eDNA-R1	https://doi.org/10.1007/s12686-016-0550-y	Paired	NovaSeq6000	AGTGAGGTATCTAATCTCAGTTTGTACCCTAGCTTTCGTGGGTTCAGATATAGTTAAAGCTACTTTCGTGATCGGGCTTCTTACCTTCGGGAAACGTATAACAGTATAGAAGGCGTTCGGCTTTAGTATTGGGATCATCTTAACCACGCTTTACGCCGGTGTCTAACAGCTTGGGCTCACTCGTATAACCGCGGTGGCTG	asv.443_EE0526
16S	AGACGAGAAGACCCYdTGGAGCTT	GATCCAACATCGAGGTCGTAA	Vert-16S-eDNA-F1	Vert-16S-eDNA-R1	https://doi.org/10.1007/s12686-016-0550-y	Paired	NovaSeq6000	GTTGGTAAATCTCGTGCCAGCAACCGCGGTTATACGAGAGGCCCAAGTTGATAGGATTCGGCGTAAAGGGTGGTTAAGGGTTACTAAAAAATAAAGCCGAACGTTCTCAATGCTGTTATACGCTCCCGAGATACTCGAAGCCCCACCACGAAAGTGGCTTTACCCCACCCCGAACCCACGAAAGCCAGGGTACAAACTGG	asv.461_EE0526
16S	AGACGAGAAGACCCYdTGGAGCTT	GATCCAACATCGAGGTCGTAA	Vert-16S-eDNA-F1	Vert-16S-eDNA-R1	https://doi.org/10.1007/s12686-016-0550-y	Paired	NovaSeq6000	GTCGGTAAAACTCGTGCCAGCAGCCGCGGTAAGACGAACCGTACGAACGTTATTCGGAATTACTGGGCTTAAGGGTGCGTAGGCTGCACGGAAAGTTGGGTGTGAAAGCCCTCAGCTCAACTGAGGAATTGCATCCAAAACTGCCGTGCTAGAGGGAGACAGAGGTGAGCGGAACTCAAGGTGGAGCGGTGAAATGCGTT	asv.504_EE0526
16S	AGACGAGAAGACCCYdTGGAGCTT	GATCCAACATCGAGGTCGTAA	Vert-16S-eDNA-F1	Vert-16S-eDNA-R1	https://doi.org/10.1007/s12686-016-0550-y	Paired	NovaSeq6000	GTCGGAAAACTCGTGCCAGCAGCCGCGGTAATACGGAGGGTGCGAGCGTTAATCGGAATTACTGGGCGTAAAGCGCATGCAGGCGGCCAAGTCAGTCAGGTGTGAAAGCCCCGGGCTTAACCTGGGAATTGCATTTGATACTGCTTGGCTAGAGTCCTTGAGAGGGGGGTAGAATTTCAGGTGTAGCGGTGAAATGCGTA	asv.505_EE0526
16S	AGACGAGAAGACCCYdTGGAGCTT	GATCCAACATCGAGGTCGTAA	Vert-16S-eDNA-F1	Vert-16S-eDNA-R1	https://doi.org/10.1007/s12686-016-0550-y	Paired	NovaSeq6000	GTTGGTAAATCTCGTGCCAGCAGCCGCGGTAATACGGAGGGTGCAAGCGTTAATCGGAGTTACTGGGCGTAAAGCGCGCGTAGGCGGTTTTTAAGTCGGATGTGAAAGCCCCGGGCTCAACCTGGGAACTGCATCCGATACTGGATCACTAGAATGCGGGAGAGGGAGGTAGAATTCCATGTGTAGCAGTGAAATGCGTA	asv.516_EE0524
16S	AGACGAGAAGACCCYdTGGAGCTT	GATCCAACATCGAGGTCGTAA	Vert-16S-eDNA-F1	Vert-16S-eDNA-R1	https://doi.org/10.1007/s12686-016-0550-y	Paired	NovaSeq6000	GGGTTGGTTAATTTCGTGCCAGCCACCGCGGTTATACGAGAGACCCAAGTTGTTAGACACCGGCGTAAAGAGTGGTTAAGTACTATTACTTACTAAAGCCGAACACCTTCAAAGCTGTTATATGCACCTGAAGATAGGAAGTTCAACCACGAAAGTGGCTTTATACTTACTGAACCCACGAAAGCTAGGGCACAAACTGG	asv.551_EE0528
16S	AGACGAGAAGACCCYdTGGAGCTT	GATCCAACATCGAGGTCGTAA	Vert-16S-eDNA-F1	Vert-16S-eDNA-R1	https://doi.org/10.1007/s12686-016-0550-y	Paired	NovaSeq6000	GGGTTGGTTAATTTCGTGCCAGCCACCGCGGTTATACGAGAGACCCAAGTTGTTAGACACCGGCGTAAAGAGTGGTTAAGTACTATTACTTACTAAAGCCGAACACCTTCAAAGCTGTTATATGCACCTGAAGATAGGAAGTTCAACCACGAAAGTGGCTTTATACTTACTGAACCCACGAAAGCTAGGGCACAAACTGG	asv.551_EE0526
16S	AGACGAGAAGACCCYdTGGAGCTT	GATCCAACATCGAGGTCGTAA	Vert-16S-eDNA-F1	Vert-16S-eDNA-R1	https://doi.org/10.1007/s12686-016-0550-y	Paired	NovaSeq6000	AGTGAGGTATCTAATCTCAGTTTGTGCCTTAGCTGTTGTGTCCTCAGGACATTAAAGTCCCTTTCGTAGTATATTTTATTTCAGCTGGAGATTTTTACGATTTAGATAGAGCTTAACTTTGTTGACTGAAGACCTTAAACACTCTTTATGCCGAGTTTTATTAGCTTGGGTTAATCGTATGGCCGCGGTGGCTGGCACGA	asv.562_EE0524
16S	AGACGAGAAGACCCYdTGGAGCTT	GATCCAACATCGAGGTCGTAA	Vert-16S-eDNA-F1	Vert-16S-eDNA-R1	https://doi.org/10.1007/s12686-016-0550-y	Paired	NovaSeq6000	CAGACGCTAAATCAGCCCTAGTCCAACACCTCTGCCCAAAGAGTTGAACGCTGTAGGAGACCTGATCTTATGTCTTCGGTTGGGGTGACCCCGGGGAAAAAAGAAACCCCCGCGTGGAATAGGAGTACTACACTCCCAAATCTAAGAGCCACCACTCAAAGCATCAGTAATTCTGACCAACTTCATGATCCGGCTTAACG	asv.566_EE0528
16S	AGACGAGAAGACCCYdTGGAGCTT	GATCCAACATCGAGGTCGTAA	Vert-16S-eDNA-F1	Vert-16S-eDNA-R1	https://doi.org/10.1007/s12686-016-0550-y	Paired	NovaSeq6000	CCTGTTAATATAGGTAATACAAATAGAAGTAAAGAAGAGGTGATTAAGAGTGAGTAAATAAATAATGGAATGAGTTTAAATGTGAGAGAATATGATTTTAAATTAATGGAAGTTATATAAAAGTTTAATGATGTTAGAATAGAAGAGATACCGGATAATAATAAACCTATAATAAGATAATATAAAGAACTAGGAGAAAG	asv.574_EE0528
16S	AGACGAGAAGACCCYdTGGAGCTT	GATCCAACATCGAGGTCGTAA	Vert-16S-eDNA-F1	Vert-16S-eDNA-R1	https://doi.org/10.1007/s12686-016-0550-y	Paired	NovaSeq6000	TTACCAAAGAGTCGCCTTCGCCACAGGTGTTCCTCCATATATCTACGGGGCTTATCCCTAAACATGGAATTCTACTCTTCTGAACAAAACTCAAGTAAAGTAGTATTATAAGCTGTTCTAAAGTTGAGCTTTAGGATTTAACAAATAACTTACAGTACAGTCTACGGACTCTTTACGCCCAGTCATTTCGGATAACGCTT	asv.575_EE0528
16S	AGACGAGAAGACCCYdTGGAGCTT	GATCCAACATCGAGGTCGTAA	Vert-16S-eDNA-F1	Vert-16S-eDNA-R1	https://doi.org/10.1007/s12686-016-0550-y	Paired	NovaSeq6000	AGTGAGGTATCTAATCTCAGTTTGTTTCACAGCTTTCGTGGGGTCAGGAATTTTAAAGCTACTTTCGTAGGGGTGCTTCTTATCCTCGAGTACGTATAACAGTTTTGAGGGGTTTTCGGCTTTAGTTGTATATTAACTTAACCACTCTTTACGCCGAATGCTTATCAACTCGGGCCTCTCGTATAACCGCGGTGGCTGGC	asv.576_EE0526
16S	AGACGAGAAGACCCYdTGGAGCTT	GATCCAACATCGAGGTCGTAA	Vert-16S-eDNA-F1	Vert-16S-eDNA-R1	https://doi.org/10.1007/s12686-016-0550-y	Paired	NovaSeq6000	GTCGGTAAAACTCGTGCCAGCAGCCGCGGTAATACGGAGGGTGCAAGCGTTGTCCGGAATCACTGGGTGTAAGGGTGTGTAGGCGGAGCTGTAAGTCAGAGGTGAAACCCTACGGCTCAACCGTAGAACCGCCTTTGATACTGCAGCCCTTGAGTATCGGAGAGGTTGCTGGAATTCGTGGTGTAGCGGTGAAATGCGTA	asv.582_EE0524
16S	AGACGAGAAGACCCYdTGGAGCTT	GATCCAACATCGAGGTCGTAA	Vert-16S-eDNA-F1	Vert-16S-eDNA-R1	https://doi.org/10.1007/s12686-016-0550-y	Paired	NovaSeq6000	AGTGGGGTATCTAATTCCAGTTTGTGCCCTAGCTCTCGTGGGTTCGGGTAAGGTTAAAGCCACCTTCGTGGTGGGGTTTCATGCTCTCGGATGCGTATAACGGCCCTGAGGGCGTTCAGCTTTAGTTCTGGGATTCCCTAACCACTCTTTACGCCGTTGACCATCCACTTGGGCTAACACTCGTATGACCGCGGTGGCTG	asv.583_EE0526
16S	AGACGAGAAGACCCYdTGGAGCTT	GATCCAACATCGAGGTCGTAA	Vert-16S-eDNA-F1	Vert-16S-eDNA-R1	https://doi.org/10.1007/s12686-016-0550-y	Paired	NovaSeq6000	GTCGGTAAAACTCGTGCCAGCCACTGTGGCCATACAATGAACCCAAGCTATACAATTAACCCAAGCTAATAGAACTCAGCGTAAAGAGTGTTTAAGATCTGCCCTCAATAAAGCTAAACTCCATTTAAGTTGTAAAAAACTTAGGCTGAAATAAAACATACTACGAATGTGGCTTTAATATCCTGAAGACACGACAGCTA	asv.585_EE0526
16S	AGACGAGAAGACCCYdTGGAGCTT	GATCCAACATCGAGGTCGTAA	Vert-16S-eDNA-F1	Vert-16S-eDNA-R1	https://doi.org/10.1007/s12686-016-0550-y	Paired	NovaSeq6000	GTTGGTAAATCTCGTGCCAGCAGCCGCGGTAAAACGAGAAGGGCAAACGTTATTCGGATTTATTGGGCGTAAAGCATGTGTAAGTTGAATATTAACTTTTGATTCAAATCTTAAATTTTATGTTTAAGTCAATCATAAAAATAATATTCTCGAGTTTAAGCGAAGATTATGGAACTCTAAATGTAGCAGTAAAATGTACT	asv.586_EE0526
16S	AGACGAGAAGACCCYdTGGAGCTT	GATCCAACATCGAGGTCGTAA	Vert-16S-eDNA-F1	Vert-16S-eDNA-R1	https://doi.org/10.1007/s12686-016-0550-y	Paired	NovaSeq6000	GGAACTGGTTGAACTGTATATCCCCCACAAGCAATTTTAGAAGGAACACCAGGTTCAGGCATGGGAATACTTCTAATGCTTATATCTTTATCGTTATTCGTAATTGGTTTTACAATGGGTGGTTTAAATTATTTAATTACTGTTTTACAAGCTCGTACTAGAGGAATGACTTTAATGAGAATGCCATTAACAGTTTGGGG	asv.587_EE0526
16S	AGACGAGAAGACCCYdTGGAGCTT	GATCCAACATCGAGGTCGTAA	Vert-16S-eDNA-F1	Vert-16S-eDNA-R1	https://doi.org/10.1007/s12686-016-0550-y	Paired	NovaSeq6000	AGTGAGGTATCTAATCTCAGTTTGTACCCTAGCTTTCGTGGGGTCATAGGTTTTAAAGCCACTTTCGTAGAGGGGCTTCCTGTCTTCGTAAGCTTATGACAGCTTTGAAGATGTTTGGCTTTAGTAAAAAGGCTATTAACCACCCTTTACGCCGAGTTCTGTCAGCTTGGGCCCGCTCGTATAACCGCGGTGGCTGGCAC	asv.588_EE0526
16S	AGACGAGAAGACCCYdTGGAGCTT	GATCCAACATCGAGGTCGTAA	Vert-16S-eDNA-F1	Vert-16S-eDNA-R1	https://doi.org/10.1007/s12686-016-0550-y	Paired	NovaSeq6000	GTCGGTAAAACTCGTGCCAGCCACCGCGGTTATACGAGAGGCCCAAGTTGATAGACTCCGGCGTAAAGAGTGGTTAAGACACATCTACTAAAACTAAAGCCGAACGCCCTCAGGGCTGTTATACGCTCCCGAAGGTAAGAAGTTCAATCACGAAAGTGGCTTTATATCAGCTGAACCCACGAAAGCTATGACACAAACTG	asv.589_EE0526
16S	AGACGAGAAGACCCYdTGGAGCTT	GATCCAACATCGAGGTCGTAA	Vert-16S-eDNA-F1	Vert-16S-eDNA-R1	https://doi.org/10.1007/s12686-016-0550-y	Paired	NovaSeq6000	AGTGAGGTATCTAATCTCAGTTTGTGCCTTAGCTTTCGTGGGTTCAGAAATAATAGAGCCACTTTCGTTGTTGTGCTTCTTACTCTCGGGTGCGTATAACAGCCTTGAGGGCGTTCGGCTCTAATTTGTTGTACTTTTCCTAACCACTCTTTACGCCGGCGTCTGTCAGCTTGGGCCTCTCGTATAACCGCGGTGGCTGG	asv.590_EE0526
16S	AGACGAGAAGACCCYdTGGAGCTT	GATCCAACATCGAGGTCGTAA	Vert-16S-eDNA-F1	Vert-16S-eDNA-R1	https://doi.org/10.1007/s12686-016-0550-y	Paired	NovaSeq6000	GCGCCGGCTAAGACGGGGAGGGAAAGAACAAGGAGAAGGGCGGTAATAACTAAGGCTCAGACAAATAGTGGGATTCGTTCGGCTAAAAGGGTGTCGGGGCGTATATTATAAACAGTAGTTAGGAAATTAAGGGAGCCGAGAATTGAGGATGCCCCTGCAAGATGTAGGGAGAAGATAGCGAGGTCTACAGAGGGGCCGCT	asv.591_EE0528
16S	AGACGAGAAGACCCYdTGGAGCTT	GATCCAACATCGAGGTCGTAA	Vert-16S-eDNA-F1	Vert-16S-eDNA-R1	https://doi.org/10.1007/s12686-016-0550-y	Paired	NovaSeq6000	GTAACAGCTCCAGCTAAAACAGGCAAAGCAAACAATAAAAGCGCTGACGTAACTAAAATACTTCATGTATACATAGGTACTTTTTGAAGATGCCTTGATCGTCTATTAAGTATAGTACATATAAAATTCATTGAACTTAATAATGAAGATATTCCTATTAAATGTATGCTTACGATTAAGAAATCTACAGCTGCTGTTGA	asv.592_EE0528
16S	AGACGAGAAGACCCYdTGGAGCTT	GATCCAACATCGAGGTCGTAA	Vert-16S-eDNA-F1	Vert-16S-eDNA-R1	https://doi.org/10.1007/s12686-016-0550-y	Paired	NovaSeq6000	GGAACAGGTTGAACTGTTTATCCTCCTCTTAGTGCTAATGAAGGTATAGCAGCTGATATGGCTATATTTAGTTTACATGTTGCAGGTGCATCTTCAATACTTGGTGCAATTAATTTTATAGTTACAATATTTAATATGAGAACTCCTGGGATGACTATGCATAAAATGCCTTTATTTGTATGGTCTATTTTAGTTACTGC	asv.593_EE0528
16S	AGACGAGAAGACCCYdTGGAGCTT	GATCCAACATCGAGGTCGTAA	Vert-16S-eDNA-F1	Vert-16S-eDNA-R1	https://doi.org/10.1007/s12686-016-0550-y	Paired	NovaSeq6000	AGTGAGGTATCTAATCTCAGTTTGTATCTTAGCTTTCGTGGATTCAATTCAATAAAGCCACTTTCGTAGTGGGACTTCTATTTTCCGAGAACGTATAACAGTTTAGGAAAAATTCGGCTTTAATTTGACTAATAATTAACCACGCTTTACGCCGAGGGTCTGTCAGCTTGGGCCTCTCGTATAACCGCGGTGGCTGGCAC	asv.594_EE0528
16S	AGACGAGAAGACCCYdTGGAGCTT	GATCCAACATCGAGGTCGTAA	Vert-16S-eDNA-F1	Vert-16S-eDNA-R1	https://doi.org/10.1007/s12686-016-0550-y	Paired	NovaSeq6000	GTCGGTAAAACTCGTGCCAGCAGCCGCGGTTATACGAGAGGGGCAAGTGTTATTCAAAATTATTGGGCGTAAAGGGTACGTAGGTGGAAAAATAAGTTAAAAATAAAAAATTTAGGCTTAACCTTAATATCGTTTTTAAAACTATTTTTCTAGAGTAAAGTAGAGGATAGTAGAATTTCTAATGTAACGATGGAATGTTT	asv.595_EE0528
16S	AGACGAGAAGACCCYdTGGAGCTT	GATCCAACATCGAGGTCGTAA	Vert-16S-eDNA-F1	Vert-16S-eDNA-R1	https://doi.org/10.1007/s12686-016-0550-y	Paired	NovaSeq6000	TCTACGAATTTCACCTCTACACTGGAAATTCCATTTTCCTCTCCTGAATTCCAGAACAAAAGTTTTAAAAGCAATTCCTAGGTTGAGCCCAGGGATTTCACTTCTAACTTTTTGTTCCGCCTACATGCGCTTTACGCCCAGTAATTCCGA	asv.613_EE0537
16S	AGACGAGAAGACCCYdTGGAGCTT	GATCCAACATCGAGGTCGTAA	Vert-16S-eDNA-F1	Vert-16S-eDNA-R1	https://doi.org/10.1007/s12686-016-0550-y	Paired	NovaSeq6000	GTGTTTTAGATCACCCCCTCCCCAATAAAGCTAAAACTCACCTGAGTTGTAAAAAACTCCAGTTGACACAAAATAGACTACGAAAGTGGCTTTAACATATCTGAACACACAATAGCTAAGACCCAAACTGGGATTAGATACCCCACTATG	asv.667_EE0541
16S	AGACGAGAAGACCCYdTGGAGCTT	GATCCAACATCGAGGTCGTAA	Vert-16S-eDNA-F1	Vert-16S-eDNA-R1	https://doi.org/10.1007/s12686-016-0550-y	Paired	NovaSeq6000	TTTCGTTGGGGGTCTTCCTGCCTTCGGGTACGTATAACGGCCTTGAAGGTGTTCGGCTTTAGTTTATGTTGTATTAACCACTCTTTACGCCGGTTTTTGTCAACTTGGGCCTCTCGTATAACCGCGGTGGCTGGCACGAGATTTACCAAC	asv.695_EE0528
16S	AGACGAGAAGACCCYdTGGAGCTT	GATCCAACATCGAGGTCGTAA	Vert-16S-eDNA-F1	Vert-16S-eDNA-R1	https://doi.org/10.1007/s12686-016-0550-y	Paired	NovaSeq6000	GTATTTGGGCTTCGTGACTTTCGGGGTGCGTATAACGGCTTAGAAGATCTTTGGCTTTATTGTGTGTTACCCTTAACCACCCTTTACGCCGTGAGTATCAACTAGGGTCTTTCGTATAACCGCGGTGGCTGGCACGAAATTTACCAACCC	asv.712_EE0526
16S	AGACGAGAAGACCCYdTGGAGCTT	GATCCAACATCGAGGTCGTAA	Vert-16S-eDNA-F1	Vert-16S-eDNA-R1	https://doi.org/10.1007/s12686-016-0550-y	Paired	NovaSeq6000	TCTACGAATTTCACCTCTACACTCGGAATTCCACTCACCTCTCTCGAACTCTAGACTAGCAGTTTTGGAGGCAGTTCCGGGGTTGAGCCCCGGGATTTCACCCCCAACTTTCTAATCCGCCTACGCGCGCTTTACGCCCAGTAATTCCGA	asv.722_EE0528
16S	AGACGAGAAGACCCYdTGGAGCTT	GATCCAACATCGAGGTCGTAA	Vert-16S-eDNA-F1	Vert-16S-eDNA-R1	https://doi.org/10.1007/s12686-016-0550-y	Paired	NovaSeq6000	GTGGTTAAGGGTTACTAAAAAATAAAGCCGAACGTTCTCAATGCTGTTATACGCTCCCGAGATACTCGAAGCCCCACCACGAAAGTGGCTTTACCCCACCCCGAACCCACGAAAGCCAGGGTACAAACTGGGATTAGATACCCCACTATG	asv.772_EE0526
16S	AGACGAGAAGACCCYdTGGAGCTT	GATCCAACATCGAGGTCGTAA	Vert-16S-eDNA-F1	Vert-16S-eDNA-R1	https://doi.org/10.1007/s12686-016-0550-y	Paired	NovaSeq6000	TATAAGAGCTTCTTAACCTCGAGTACGTATAACAGTTTTGAGGGGCATTCGGCTTTAGTTTAATATAAACTTAACCACTCTTTACGCCGAGTACTTATCAACTTGGGCCTCTCGTATAACCGCGGTGGCTGGCACGAAATTAACCAACCC	asv.779_EE0528
16S	AGACGAGAAGACCCYdTGGAGCTT	GATCCAACATCGAGGTCGTAA	Vert-16S-eDNA-F1	Vert-16S-eDNA-R1	https://doi.org/10.1007/s12686-016-0550-y	Paired	NovaSeq6000	CGTGGTTGATTTTCGTACTTTCATATGCGTATAACAGCTCGGAGGTCGTTCTTCTTTAGTTTTGGTTTCTCTTAACCACTCTTTACGCCGAAGGCCATCTACTTGGGTCTCTCGTATAACCGCGGTGGCTGGCACGAAATTAACCAACCC	asv.799_EE0528
16S	AGACGAGAAGACCCYdTGGAGCTT	GATCCAACATCGAGGTCGTAA	Vert-16S-eDNA-F1	Vert-16S-eDNA-R1	https://doi.org/10.1007/s12686-016-0550-y	Paired	NovaSeq6000	GTTACTTTTAGCGCTTCCTGTATTGGCGGGTGCTATTACTATATTGCTTACAGATCGAAATCTTAATACTTCCTTCTTTGATCCAAGAGGGGGAGGAGATCCTGTATTATTTTCTCATCTTTTTTGATTCTTCGGCCACCCCGAGGTCTA	asv.801_EE0526
16S	AGACGAGAAGACCCYdTGGAGCTT	GATCCAACATCGAGGTCGTAA	Vert-16S-eDNA-F1	Vert-16S-eDNA-R1	https://doi.org/10.1007/s12686-016-0550-y	Paired	NovaSeq6000	CTATTGCTTCTAGCTCTACCTGTTCTAGCTGGTGCAATTACTATGCTACTAACTGATCGAAACTTCAATACTAGTTTCTTTGATCCAGCAGGAGGAGGAGATCCAATTCTATTCCAGCACTTGTTCTGGTTCTTCGGCCACCCCGAAGTC	asv.822_EE0537
16S	AGACGAGAAGACCCYdTGGAGCTT	GATCCAACATCGAGGTCGTAA	Vert-16S-eDNA-F1	Vert-16S-eDNA-R1	https://doi.org/10.1007/s12686-016-0550-y	Paired	NovaSeq6000	ATTATTATTATCATTACCAGTATTAGCAGGTGCTATTACTATGCTATTGACAGATCGTAACTTTAATACAACATTCTTCGATCCAGCCGGTGGTGGTGACCCTGTTTTATACCAGCATCTATTCTGGTTCTTCGGCCACCCCGAGGTCTA	asv.857_EE0526
16S	AGACGAGAAGACCCYdTGGAGCTT	GATCCAACATCGAGGTCGTAA	Vert-16S-eDNA-F1	Vert-16S-eDNA-R1	https://doi.org/10.1007/s12686-016-0550-y	Paired	NovaSeq6000	CAGTTAATAACATGGTAATAGCACCTGCTAATACTGGTAAAGATAGTAATAATAGAATCGCAGTAATGAAAACAGCCCAAACAAATAAAGGCAGCTTATGGAACGGAAGGCTTTCAGTTCTCATATTAACAATGGTACAAATAAAATTAA	asv.868_EE0528
16S	AGACGAGAAGACCCYdTGGAGCTT	GATCCAACATCGAGGTCGTAA	Vert-16S-eDNA-F1	Vert-16S-eDNA-R1	https://doi.org/10.1007/s12686-016-0550-y	Paired	NovaSeq6000	CCCCCCCCCCCCCCCCCCCCCCCCCCCCCCCCCCCCCCCCCCCCCCCCCCCCCCCCCCCCCCCCCCCCCCCCCCCCCCCCCCCCCCCCCCCCCCCCCCCCCCCCCCCCCCCCCCCCCCCCCCCCCCCCCCCCCCCCCCCCCCCCCCCCCC	asv.891_EE0524
16S	AGACGAGAAGACCCYdTGGAGCTT	GATCCAACATCGAGGTCGTAA	Vert-16S-eDNA-F1	Vert-16S-eDNA-R1	https://doi.org/10.1007/s12686-016-0550-y	Paired	NovaSeq6000	TTTCGTAGTATATTTTATTTCAGCTGGAGATTTTTACGATTTAGATAGAGCTTAACTTTGTTGACTGAAGACCTTAAACACTCTTTATGCCGAGTTTTATTAGCTTGGGTTAATCGTATGGCCGCGGTGGCTGGCACGAGATTTACCAAC	asv.896_EE0524
16S	AGACGAGAAGACCCYdTGGAGCTT	GATCCAACATCGAGGTCGTAA	Vert-16S-eDNA-F1	Vert-16S-eDNA-R1	https://doi.org/10.1007/s12686-016-0550-y	Paired	NovaSeq6000	GTGTGGTTAAGGATTAAACTAAACTAAAGCCGAATACTTTCAGAGCTGTTATACGCAAATGAAAGATTGAAGCCCAACCACGAAAGTGGCTTTAACAGCCCTGACGCCACGGAAGCTACGGGACAAACTGGGATTAGATACCCCACTATG	asv.903_EE0528
16S	AGACGAGAAGACCCYdTGGAGCTT	GATCCAACATCGAGGTCGTAA	Vert-16S-eDNA-F1	Vert-16S-eDNA-R1	https://doi.org/10.1007/s12686-016-0550-y	Paired	NovaSeq6000	ACTTTTATTGTCTTTACCAGTTCTAGCAGGAGCTATTACAATGCTTTTAACAGATCGTAACTTTAATACGTCATTCTTCGACCCTAATGGTGGAGGTGATCCAGTATTGTATCAACACTTGTTTTGATTCTTCGGCCACCCCGAGGTCTA	asv.904_EE0528
16S	AGACGAGAAGACCCYdTGGAGCTT	GATCCAACATCGAGGTCGTAA	Vert-16S-eDNA-F1	Vert-16S-eDNA-R1	https://doi.org/10.1007/s12686-016-0550-y	Paired	NovaSeq6000	TGCAGCATTGCTCTTGGTTTTTGACAGAAGTTTAGGTACTTCATTCTACCTTTCAGACATTTTTATTGCTGGAGAAGCACTAGATGCTACGGGTGGTAGCCCACTTTTATATCAACACCTGTTTTGGTTTTTCGGCCACCCCGAAGTCTA	asv.906_EE0528
16S	AGACGAGAAGACCCYdTGGAGCTT	GATCCAACATCGAGGTCGTAA	Vert-16S-eDNA-F1	Vert-16S-eDNA-R1	https://doi.org/10.1007/s12686-016-0550-y	Paired	NovaSeq6000	GTGGTTAAGTTACCCCAATACAACTAAAGTCGAACGCCCCCAAGACCGTTATACGCGCTCGGAGGTATGAAGCCCAACTACGAAAGTGGCTTTAAATTTTCTGACCCCACGAAAGCTGTGAAACAAACTGGGATTAGATACCCCACTATG	asv.916_EE0524
16S	AGACGAGAAGACCCYdTGGAGCTT	GATCCAACATCGAGGTCGTAA	Vert-16S-eDNA-F1	Vert-16S-eDNA-R1	https://doi.org/10.1007/s12686-016-0550-y	Paired	NovaSeq6000	TTTTACTTTTGTTGTCGTTACCTGTTTTAGCAGGTGCGATCACGATGTTGCTCACAGATCGAAACTTTAACACATCTTTCTTCGATCCAAACGGTGGAGGTGACCCCGTGCTCTACCAACATCTGTTTTGATTCTTCGGCCACCCCGAAG	asv.917_EE0526
16S	AGACGAGAAGACCCYdTGGAGCTT	GATCCAACATCGAGGTCGTAA	Vert-16S-eDNA-F1	Vert-16S-eDNA-R1	https://doi.org/10.1007/s12686-016-0550-y	Paired	NovaSeq6000	CAGTTAATAGCATTGTAATTGCTCCTGCTAAAACTGGTAATGATAATAATAATAAAATGGCGGTAATAAAAACAGCCCAAACAAATAACGGAAGCTTGTGAAATGGTAAACTTTCAGTTCTCATGTTTACAATTGTACAAATGAAATTAA	asv.919_EE0528
16S	AGACGAGAAGACCCYdTGGAGCTT	GATCCAACATCGAGGTCGTAA	Vert-16S-eDNA-F1	Vert-16S-eDNA-R1	https://doi.org/10.1007/s12686-016-0550-y	Paired	NovaSeq6000	GATCAGTAAGTAACATTGTTATAGCTCCAGCTAATACGGGAACAGCAAGTAAAAGTAAGAAAGCCGTTACAAATATTGACCAAACAAATAGTGGGATACGGTACATACTTTGACCAGGATTGCGCATATTTAAGATCGTTGATATAAAGT	asv.920_EE0526
16S	AGACGAGAAGACCCYdTGGAGCTT	GATCCAACATCGAGGTCGTAA	Vert-16S-eDNA-F1	Vert-16S-eDNA-R1	https://doi.org/10.1007/s12686-016-0550-y	Paired	NovaSeq6000	TCTACGCATTTCACCGCTTCACTGGAAATTCCCTCTACTTCGACTGTACTCAAGCCTAGCAGTTTCTGCTGCAGTTTTAAAGTTAAGCTTTAACCTTTATCAACAGACTTGTTAGGCAACCTACAGACGCTTTACGCCCAATAATTCCGG	asv.922_EE0526
16S	AGACGAGAAGACCCYdTGGAGCTT	GATCCAACATCGAGGTCGTAA	Vert-16S-eDNA-F1	Vert-16S-eDNA-R1	https://doi.org/10.1007/s12686-016-0550-y	Paired	NovaSeq6000	TTTATTAGTAATATCTTTACCTGTTTTAGCTGGAGGTATTACAATGTTATTAACTGATCGTAACTTTAATACAAGTTTTTATGATCCAGCAGGGGGAGGAGATCCTATATTATATCAACATTTATTTTGGTTTTTTGGCCACCCCGAAGT	asv.926_EE0524
16S	AGACGAGAAGACCCYdTGGAGCTT	GATCCAACATCGAGGTCGTAA	Vert-16S-eDNA-F1	Vert-16S-eDNA-R1	https://doi.org/10.1007/s12686-016-0550-y	Paired	NovaSeq6000	TCGTCACATTGTATCGTTCCTGGGAGAGTTCCAAATCCATCTTCTTTGCTCAAGAAATTGTTGCCTCCATTCCCCTTCTAGGTTGGTCTAAAACTGAAGAATGAAGGATCAAACCTTTCCGTCTTTCCCTGCTTAACACCGATTTCTTCT	asv.927_EE0524
16S	AGACGAGAAGACCCYdTGGAGCTT	GATCCAACATCGAGGTCGTAA	Vert-16S-eDNA-F1	Vert-16S-eDNA-R1	https://doi.org/10.1007/s12686-016-0550-y	Paired	NovaSeq6000	CTAATATCAACGCATTTCACCGCTCCACTAGGAGTTCCACTCTCCCCTACCGCTCTCAAGAAATACAGTTTCAAATGCAATTCCATAGGTGAGCTATGAGCTTTCACATTTGACTTATACTCCCGCCTACGTACGCTTTAAGCCCAGTGA	asv.929_EE0524
16S	AGACGAGAAGACCCYdTGGAGCTT	GATCCAACATCGAGGTCGTAA	Vert-16S-eDNA-F1	Vert-16S-eDNA-R1	https://doi.org/10.1007/s12686-016-0550-y	Paired	NovaSeq6000	TTAGTCATCCCAATAATTGAAAGGGTAGTGTCCGACGGGAACGAGAAGACACAAGCTGGGTCACCAGAAGGAGCGGAAGAAGCTGCAAACTTCCGAGACTCCTATCTTTACGTGCGCGCGCGCAAGAACGTTGGGAGACGCGTCTGGCTA	asv.930_EE0526
16S	AGACGAGAAGACCCYdTGGAGCTT	GATCCAACATCGAGGTCGTAA	Vert-16S-eDNA-F1	Vert-16S-eDNA-R1	https://doi.org/10.1007/s12686-016-0550-y	Paired	NovaSeq6000	ACACTTACCATGCAACTCATTGTTGAATTCCATCATGGTAAGCCGTTCGGACGTGCAATCAACACAGGCATGTCCAAATTTTGTTCCAGTCAAAGCAGTTCCGGTACACTCTTTTGATCGTGTTCGTGCGGTAAGAGTGACGGGCGGTGT	asv.932_EE0526
16S	AGACGAGAAGACCCYdTGGAGCTT	GATCCAACATCGAGGTCGTAA	Vert-16S-eDNA-F1	Vert-16S-eDNA-R1	https://doi.org/10.1007/s12686-016-0550-y	Paired	NovaSeq6000	ATAGCAACAGCCCCGCCCATTGCAGTCGAACTCCCCCACATCAATGGGGTTTCCCCCGCATGCGAGTCTCTGAGTGTAAAAGACAGTGTGCCACATGAGAATAATGTCATTGGGTAGCGTGGAGGGAAATTCCCTTACATCAGCTGGGTC	asv.933_EE0526
16S	AGACGAGAAGACCCYdTGGAGCTT	GATCCAACATCGAGGTCGTAA	Vert-16S-eDNA-F1	Vert-16S-eDNA-R1	https://doi.org/10.1007/s12686-016-0550-y	Paired	NovaSeq6000	TTCGTAGAGGGGCTTCCTGTCTTCGTAAGCTTATGACAGCTTTGAAGATGTTTGGCTTTAGTAAAAAGGCTATTAACCACCCTTTACGCCGAGTTCTGTCAGCTTGGGCCCGCTCGTATAACCGCGGTGGCTGGCACGAGATTTACCAAC	asv.934_EE0526
16S	AGACGAGAAGACCCYdTGGAGCTT	GATCCAACATCGAGGTCGTAA	Vert-16S-eDNA-F1	Vert-16S-eDNA-R1	https://doi.org/10.1007/s12686-016-0550-y	Paired	NovaSeq6000	CTGTTAATAACATTGTAATCGCACCCGCAAGAACTGGTAACGATAACAATAATAAGAAAGCAGTAATTAACACAGCCCAAACCATTAATGGTAAACGGTGCATGGTCATACCAGGTGCACGCATGTTAAAAATGGTAGTAATGAAGTTAA	asv.936_EE0526
16S	AGACGAGAAGACCCYdTGGAGCTT	GATCCAACATCGAGGTCGTAA	Vert-16S-eDNA-F1	Vert-16S-eDNA-R1	https://doi.org/10.1007/s12686-016-0550-y	Paired	NovaSeq6000	CAGTTAATAACATAGTAATAGCACCCGCTAGTACTGGTAGAGATAATAACAGTAAAATTGCAGTAATGAAGACAGCCCAAACAAAAAGAGGTAACTTGTGGAATGGAAGACTCTCAGTTCTCATATTAACAATTGTACAAATGAAATTGA	asv.939_EE0526
16S	AGACGAGAAGACCCYdTGGAGCTT	GATCCAACATCGAGGTCGTAA	Vert-16S-eDNA-F1	Vert-16S-eDNA-R1	https://doi.org/10.1007/s12686-016-0550-y	Paired	NovaSeq6000	TTTTATTATTGTTATCTTTACCAGTTTTAGCTGGAGCAATTACTATGCTTTTAACTGATCGTAACTTTAATACCACCTTTTTTGACCAGCCGGTGGTGGTGATCCAGTTTTATATCAGCATCTTTTCTGATTCTTCGGCCACCCCGAAGT	asv.941_EE0528
16S	AGACGAGAAGACCCYdTGGAGCTT	GATCCAACATCGAGGTCGTAA	Vert-16S-eDNA-F1	Vert-16S-eDNA-R1	https://doi.org/10.1007/s12686-016-0550-y	Paired	NovaSeq6000	TCTCCGTGTTGTTTCTCGACCACGAGTCTGACTACCCAAGCGTTCTCGACGAATGTGCTAGCCAAAATAAAGCGCTAGAGTGCAAGCAAGAAGCACGGAAGAGATTCAGCCCAGGGAGGGAGGAAGGGGAAGCCCGGTCGAGCCGTGCCG	asv.942_EE0528
16S	AGACGAGAAGACCCYdTGGAGCTT	GATCCAACATCGAGGTCGTAA	Vert-16S-eDNA-F1	Vert-16S-eDNA-R1	https://doi.org/10.1007/s12686-016-0550-y	Paired	NovaSeq6000	TTTGCTTTTACTTTCTTTACCTGTTTTAGCTGGTGCTATAACAATGTTACTAACAGATAGAAACTTCAACACTTCATTCTTTGATCCAAATGGTGGAGGTGATCCTGTATTGTACCAGCACTTGTTCTGATTTTTCGGCCACCCCGAGGT	asv.943_EE0528
16S	AGACGAGAAGACCCYdTGGAGCTT	GATCCAACATCGAGGTCGTAA	Vert-16S-eDNA-F1	Vert-16S-eDNA-R1	https://doi.org/10.1007/s12686-016-0550-y	Paired	NovaSeq6000	TAGACACTAAAACAGCCCATGTTAAGAACCCTCACATAAGAGGCCAAACTAGATGGCCCCTGTCCTAATGTCTTTGGTTGGGGCGACCACGGGGTAACAGAAAACCCCCGCGCGGAACAGAAACATTGTTTCCAAAACCAAGAGTACCCACTCTAAGTAACAAGACCTACTTGACCTTTGAGATCCGGCACTTAGCCGATCAACGGACCGAGTTACCCTAGGGATAACAGCGCAATCTTCTTCGAGAGTTCATATCGACGAGAGGGT	asv.123_EE0526
16S	AGACGAGAAGACCCYdTGGAGCTT	GATCCAACATCGAGGTCGTAA	Vert-16S-eDNA-F1	Vert-16S-eDNA-R1	https://doi.org/10.1007/s12686-016-0550-y	Paired	NovaSeq6000	TAATTTATTAATGCAAACAGTACCTAACAAACCCACAGGTCCTAAACTACGAAACCTGCATTAAAAATTTCGGTTGGGGCGACCTCGGAGCAGAACCCAACCTCCGAGCAGTACATGCTAAGACTTCACCAGTCAAAGCGAACTACTATACTCAATTGATCCAATAACTTGACCAACGGAACAAGTTACCCTAGGGATAACAGCGCAATCCTATTCTAGAGTCCATATCAACAATAGGGT	asv.153_EE0526
16S	AGACGAGAAGACCCYdTGGAGCTT	GATCCAACATCGAGGTCGTAA	Vert-16S-eDNA-F1	Vert-16S-eDNA-R1	https://doi.org/10.1007/s12686-016-0550-y	Paired	NovaSeq6000	TAGACAATAAGTAGTGCCTGTAAAGACTTAACAACGCTAAAACAAAAGGTATATCTATTTTGATGTCTTCGGTTGGGGCGACCGCGGGGAAACAAAAAACCCCCACGTGGAATATGAACTTCTTCTTTCAACCAAGAGAGCCATCTCTAAGTACCAGAACATCTGACCTTCTTGACCCGGCACTCGCCGATCAACGAAACCAGTTACCCCAGGGATAACAGCGCAATCCCCTCCCAGAGCCCATATCGACGAGGGGGT	asv.169_EE0528
16S	AGACGAGAAGACCCYdTGGAGCTT	GATCCAACATCGAGGTCGTAA	Vert-16S-eDNA-F1	Vert-16S-eDNA-R1	https://doi.org/10.1007/s12686-016-0550-y	Paired	NovaSeq6000	TAGACACCAAAGCAGACCATGCTAATCACCCCTAAACAAAGGACTAAACAATATTGAACCCTGCCCTAATGTCTTCGGTTGGGGCGACCACGGAGAAATAAAAAACCCCCGCGTGGAACAGGGATACTATCCCCACAATCACGAGCCTCCGCTCTACTAAACAGAACCTCTGACCAACCAGATCCGGCAATGCCGACCAACGGACCAAGTTACCCTAGGGATAACAGCGCAATCCCCTTTTAGAGCCCATATCGACAAGGGGGT	asv.181_EE0526
16S	AGACGAGAAGACCCYdTGGAGCTT	GATCCAACATCGAGGTCGTAA	Vert-16S-eDNA-F1	Vert-16S-eDNA-R1	https://doi.org/10.1007/s12686-016-0550-y	Paired	NovaSeq6000	TAGACCAAAAATAGCGCTTGTAAAGAAAACTAAATGTAAAAACAGAAAGCCTGTCTATTTTATGTGTCTTCGGTTGTGGCGACCGCGGGGTAGCAATAAAACCCCCATGTGGAAAATGAACACCCTTCTTTAAGCCGAGAGTGACAGCTCAAAGTAACAGAACATCTGACCTAAATTGACCCGGACTAACCGATCAACGAAAACAGTTACCCCAGGGATAACAGCGCAATCCTCTTCCAGAGCCCATATCGACAAGAGGGT	asv.211_EE0528
16S	AGACGAGAAGACCCYdTGGAGCTT	GATCCAACATCGAGGTCGTAA	Vert-16S-eDNA-F1	Vert-16S-eDNA-R1	https://doi.org/10.1007/s12686-016-0550-y	Paired	NovaSeq6000	TAGACACTAAGCCAGATCACGTCAAATACCCCCACTAAAGAATCGAACTTACTGCAACCTGGCCTGATGTCTTTGGTTGGGGCGACCTCGGGGAAGCAAAAAACCCCCGCGTGGAATGGAAGAACTCTGCTTCCAGAACCAAGAGCCACCGCTCAAATTAACAGAATTTCTGACCAATTACAGATCCGGCTCAACGCCGATCAACGGACCGAGTTACCCCAGGGATAACAGCGCAATCCTCTTTTAGAGCCCATATCGACAAGAGGGT	asv.212_EE0526
16S	AGACGAGAAGACCCYdTGGAGCTT	GATCCAACATCGAGGTCGTAA	Vert-16S-eDNA-F1	Vert-16S-eDNA-R1	https://doi.org/10.1007/s12686-016-0550-y	Paired	NovaSeq6000	TAGACACCAAGGCAGGTCATGTTAAGAACCACTAAGCTAAAAGACAAAACAAGATGAACACTGCCCACATGTCTTTGGTTGGGGCGACCGTGGGGAAACAAACAACCCCCATGTGGACCGGGAGAACTTCTCCTAAAAGCAAGAACCGCAGTTCTAACTAACAGAACTTCTGACCTTTAAGATCCGGCTTACGCCGATCAACGGGCCGAGTTACCCTAGGGATAACAGCGCAATCCCCTTTGAGAGCCCATATCGATGAGGGGGT	asv.235_EE0528
16S	AGACGAGAAGACCCYdTGGAGCTT	GATCCAACATCGAGGTCGTAA	Vert-16S-eDNA-F1	Vert-16S-eDNA-R1	https://doi.org/10.1007/s12686-016-0550-y	Paired	NovaSeq6000	TAGACCAAAAATAGCGCTTGTAAAGAAAACTAAATGTAAAAACAGAAAGCCTGTCTATTTTATGTGTCTTCGGTTGGGGCGACCGCGGGGTAGCAATAAAACCCCCATGTGGAAAATGAATACCCTTCTTTAAGCCGAGAGTGACAGCTCAAAGTAACAGAACATCTGACCTAAATTGACCCGGACTAACCGATCAACGAAAACAGTTACCCCAGGGATAACAGCGCAATCCTCTTCCAGAGCCCATATCGACAAGAGGGT	asv.241_EE0528
16S	AGACGAGAAGACCCYdTGGAGCTT	GATCCAACATCGAGGTCGTAA	Vert-16S-eDNA-F1	Vert-16S-eDNA-R1	https://doi.org/10.1007/s12686-016-0550-y	Paired	NovaSeq6000	TAGTCTACCTTGTAAAAGGTTTGCGAGGGCGACTTTGGTTGGGGCAACTGGTATTCTTGTTAGACATTACCTTGGTAGATTACCTTGAAGTTGTAGTGATCTTAAAGGTTTGAATCATAAGAAAAAGTTACCTTAGGGATAACAGCGTAATTTTTCTTGAGAGTTCTTATTAACAGAAGAGTTTACGACCTCGATGTTGGATC	asv.291_EE0528
16S	AGACGAGAAGACCCYdTGGAGCTT	GATCCAACATCGAGGTCGTAA	Vert-16S-eDNA-F1	Vert-16S-eDNA-R1	https://doi.org/10.1007/s12686-016-0550-y	Paired	NovaSeq6000	TAGACACCAAAGCAGACCATGTTAATCACCCCTAAATAAAGGACCAAACAATATTGAACCCTGCCCTAATGTCCTTGGTTGGGGCGACCACGGGGTAACAGAAAACCCCCGCGCGGAACAGAAACATTGTTTCCAGAACCAAGAGTACCCACTCTAAGTAACAAGACCTACTTGACCTTTGAGATCCGGCACTTAGCCGATCAACGGACCGAGTTACCCTAGGGATAACAGCGCAATCTTCTTCGAGAGTTCATATCGACGAGAGGGT	asv.316_EE0528
16S	AGACGAGAAGACCCYdTGGAGCTT	GATCCAACATCGAGGTCGTAA	Vert-16S-eDNA-F1	Vert-16S-eDNA-R1	https://doi.org/10.1007/s12686-016-0550-y	Paired	NovaSeq6000	GGTAAATCTCGTGCCAGCCACCGCGGTCACACGATTAACCCAAGTCAATAGAAGCCGGCGTAAAGAGTGTTTTAGATCACCCCCTCCCCAATAAAGCTAAAACTCACCTGAGTTGTAAAAAACTCCAGTTGACACAAAATAGACTACGAAAGTGGCTTTAACATATCTGAACACACAATAGCTAAGACCCAAACTGGGATTAGATACCCCACTATG	asv.317_EE0526
16S	AGACGAGAAGACCCYdTGGAGCTT	GATCCAACATCGAGGTCGTAA	Vert-16S-eDNA-F1	Vert-16S-eDNA-R1	https://doi.org/10.1007/s12686-016-0550-y	Paired	NovaSeq6000	TAGACGCTAGAACAGATCATATGAATTACTCCCATAAAATAAGTAACAACTAGTGAATTCTATTCCCCTGTCTTCGGTTGGGGCGACCATGGGGAAAAAAAACCCCCCACGTGGACCAGGAGCTGAAATACTCCCACAACCATGAGCCACACCTCTAATGCACAAAACCTTTGACCTTTAGATCCGGCAAAGCCGATTAACGGACCAAGTTACCCTAGGGATAACAGCGCAATCCCCTTTAAGAGTCCCTATCGACAAGGGGGT	asv.319_EE0528
16S	AGACGAGAAGACCCYdTGGAGCTT	GATCCAACATCGAGGTCGTAA	Vert-16S-eDNA-F1	Vert-16S-eDNA-R1	https://doi.org/10.1007/s12686-016-0550-y	Paired	NovaSeq6000	CAGACAAAAGAACAGACTATGTCAAAGCCCCCAGACAAGGAAAAGAACCAATTAGACCCTGTCCTAATGTCTTTGGTTGGGGCGACCGCGGGGTAGCAATAAAACCCCCATGTGGAAAATGAACACCCTTCTTTAAGCCGAGAGTGACAGCTCAAAGTAACAGAACATCTGACCTAAATTGACCCGGGCTAACCGATCAACGAAACCAGTTACCCCAGGGATAACAGCGCAATCCTCTTCCAGAGCCCATATCGACAAGAGGGT	asv.320_EE0528
16S	AGACGAGAAGACCCYdTGGAGCTT	GATCCAACATCGAGGTCGTAA	Vert-16S-eDNA-F1	Vert-16S-eDNA-R1	https://doi.org/10.1007/s12686-016-0550-y	Paired	NovaSeq6000	TAGACACTAAGCCAGACTTTGTTAAGCACCCCTTTCAAAGGACTAAACTAATTGCAACCTGGCCTGATGTCTCTGGTTGGGGCGACCGCGGGGAAATACAAAACCCCCATGTGGAATGGGAATACCTCTCCTACAACCCAGAGCTCCCGCTCTAATTAACAGAAATTCTGACCAGTCAGATCCGGCTAACGCCGATCAACGGACCGAGTTACCCTAGGGATAACAGCGCAATCCCCTTTTAGAGCCCATATCGACAAGGGGGT	asv.326_EE0526
16S	AGACGAGAAGACCCYdTGGAGCTT	GATCCAACATCGAGGTCGTAA	Vert-16S-eDNA-F1	Vert-16S-eDNA-R1	https://doi.org/10.1007/s12686-016-0550-y	Paired	NovaSeq6000	TAGACAAAAGCAGGCCATGTTAAGCACCCTTATATAAAAGACAAAACTCGATGCTTTCTGCCCTATGTCTTTGGTTGGGGCGACCGCGGGGGAACAAATAACCCCCGTGTGGACTGGGAGAACTTCTCCTAAAAGCAAGAACTACAGTTCTAACTAACAGAACTTCTGACCTATATGATCCGGCAATGCCGATCAACGGACCGAGTTACCCTAGGGATAACAGCGCAATCCTCTTTGAGAGTTCATATCGATGAGTGGGT	asv.327_EE0526
16S	AGACGAGAAGACCCYdTGGAGCTT	GATCCAACATCGAGGTCGTAA	Vert-16S-eDNA-F1	Vert-16S-eDNA-R1	https://doi.org/10.1007/s12686-016-0550-y	Paired	NovaSeq6000	GGTAAATCTCGTGCCAGCCACCGCGGTTATACGAGAGGCCCGAGCTGACAGACCCTCGGCGTAAAGAGTGGTTAAAATAAACATTAAACTAAAGCGGAACACTCTCAAAACTGTTATACGTACTTGAGAATAAGAAGCCCCCCTACGAAAGTAGCTTTATTTCATTGAAGCCACGAGAGCTAAGGTACAAACTAGGATTAGATACCCCACTATG	asv.328_EE0526
16S	AGACGAGAAGACCCYdTGGAGCTT	GATCCAACATCGAGGTCGTAA	Vert-16S-eDNA-F1	Vert-16S-eDNA-R1	https://doi.org/10.1007/s12686-016-0550-y	Paired	NovaSeq6000	TAGACCAAAAATAGCGCTTGTAAAGAAAACTAAATGTAAAAACAGAAAGCCTGTCTATTTTATGTGTCTTTGGTTGGGGCGACCGCGGGGAAATATAAAACCCCCATGTGGCATTTGAAAATACTTCTTTAAACCTAGAGTGGCAACTCAAAGGAACAGAAATTCTGACCTAATATGACCCGGCACATTTCTGCCGATCAACGAAACTAGTTACCCCAGGGATAACAGCGCAATCCTCTCCCAGAGTCCATATCGACAAGAGGGT	asv.329_EE0528
16S	AGACGAGAAGACCCYdTGGAGCTT	GATCCAACATCGAGGTCGTAA	Vert-16S-eDNA-F1	Vert-16S-eDNA-R1	https://doi.org/10.1007/s12686-016-0550-y	Paired	NovaSeq6000	TAGACACTAAGCCAGACTTTGTTAAGCACCCCTTTCAAAGGACTAAACTAATTGCAACCTGGCCTGATGTCTTTGGTTGGGGCGACCACGGAGTAACAAAAAACCCCCGCGCGGAACAGAAACACTGTTTCCAGAACCAAGAGCACCCGCTCTAAGTAACAAGACCCACTTGACCTTTGAGATCCGGCACAAGCCGATCAACGGACCGAGTTACCCTAGGGATAACAGCGCAATCTTCTTCGAGAGCTCATATCGACGAGAAGGT	asv.330_EE0528
16S	AGACGAGAAGACCCYdTGGAGCTT	GATCCAACATCGAGGTCGTAA	Vert-16S-eDNA-F1	Vert-16S-eDNA-R1	https://doi.org/10.1007/s12686-016-0550-y	Paired	NovaSeq6000	TAGACAAAAACTGGAACCTGTAGGAACTCTTCAAAACAAATACAAGGAATACCCAAAATTATGTCCTTGGTTGGGGCGACCACGGGGGATAAAAAGCCCCCACGAGGACTAGGGAAAATTTCCTAAAACCAAGAGCTACAGCTCTAAGCAACAGAATATCTGACCTAAAAGATCCGGCAAAGCCGATCGACGAATCCAGTTACCCCAGGGATAACAGCGCAATCTTCTTCAAGAGCCCTTATCGACAAGAAGGT	asv.331_EE0528
16S	AGACGAGAAGACCCYdTGGAGCTT	GATCCAACATCGAGGTCGTAA	Vert-16S-eDNA-F1	Vert-16S-eDNA-R1	https://doi.org/10.1007/s12686-016-0550-y	Paired	NovaSeq6000	TAGACTTCGGAACAGGTCATGTCAATTACCTCCCTAAACAAGTAATAACTATTGAACCTCTGTCTCCTGTCTTTGGTTGGGGCGACCGCGGAGTAACACCTAACCTCCATGAGGACTGGGGCCTTTGCTCTACAACTAAGAGTGACAACTCTAAATAACAGAAAATCTGACCAAAATTGATCCGGCCCTGCCGATCAACGAACCCAGTTACCCCAGGGATAACAGCGCAATCCTCTTCTAGAGCCCATATCGACAAGGGGGT	asv.332_EE0528
16S	AGACGAGAAGACCCYdTGGAGCTT	GATCCAACATCGAGGTCGTAA	Vert-16S-eDNA-F1	Vert-16S-eDNA-R1	https://doi.org/10.1007/s12686-016-0550-y	Paired	NovaSeq6000	TAGACGAAGGAGGAAGCCCTTGTTAAAAAGCCTTCATAATAGGCTTTAACCCACGGGATTTTCCCTTTATGTCTTTGGTTGAGGCGACCGCGGGGAATACAAAACCCCCACGTGGAACAAGAACTCCATCTTTAAACTGAGAGCTACACCTCTAAGGAACAGAATCTCTGACCAGAATGATCCGGCGGCAACCCCGCCGATCAACGGAACTAGTTACCCCAGGGATAACAGCGCAATCCTCTCCCAGAGCCCATATCGACGAGGGGGT	asv.333_EE0528
16S	AGACGAGAAGACCCYdTGGAGCTT	GATCCAACATCGAGGTCGTAA	Vert-16S-eDNA-F1	Vert-16S-eDNA-R1	https://doi.org/10.1007/s12686-016-0550-y	Paired	NovaSeq6000	AGTGAGGTATCTAATCTCAGTTTGTTTCCTAGCTTTCGTGGATTCAGAAGGGTTAAAGCCACTTTCGTAGGGGGGCTTCATGCTCTCGGGAACGTATAACAGTTTTGAGAGTGTTCAGCTTTAGTTTTGGTTTTCTCTTAACCACTCTTTACGCCGATGGCTATCAACTTGGACCTCTCGTATAACCGCGGTGGCTGGCA	asv.351_EE0528
16S	AGACGAGAAGACCCYdTGGAGCTT	GATCCAACATCGAGGTCGTAA	Vert-16S-eDNA-F1	Vert-16S-eDNA-R1	https://doi.org/10.1007/s12686-016-0550-y	Paired	NovaSeq6000	GTCGGTAAAACTCGTGCCAGCAGCCGCGGTAATACGGAGGGTGCGAGCGTTAATCGGAATTACTGGGCGTAAAGCGCATGCAGGTGGTTTGTTAAGTCAGATGTGAAAGCCCGGGGCTCAACCTCGGAATAGCATTTGAAACTGGCAGACTAGAGTACTGTAGAGGGGGGTAGAATTTCAGGTGTAGCGGTGAAATGCGT	asv.355_EE0526
16S	AGACGAGAAGACCCYdTGGAGCTT	GATCCAACATCGAGGTCGTAA	Vert-16S-eDNA-F1	Vert-16S-eDNA-R1	https://doi.org/10.1007/s12686-016-0550-y	Paired	NovaSeq6000	GTCGGTAAACTCGTGCCAGCAGCCGCGGTAATACGAAAGGTGCAAGCGTTAATCGGAATTACTGGGCGTAAAGCGCGCGTAGGCGGCTTGGTAAGTTGGATGTGAAAGCCCCGGGCTCAACCTGGGAACTGCATCCAAAACTGCCTAGCTAGAGTATGGTAGAGGATGGCGGAATTTCCTGTGTAGCGGTGAAATGCGTA	asv.370_EE0526
16S	AGACGAGAAGACCCYdTGGAGCTT	GATCCAACATCGAGGTCGTAA	Vert-16S-eDNA-F1	Vert-16S-eDNA-R1	https://doi.org/10.1007/s12686-016-0550-y	Paired	NovaSeq6000	TAGACACCAGGGCAGGTCATGTTAAGAACCCCTATGTTAAAAGACAAAACAAGATGAACACTGCCCACATGTCTTTGGTTGGGGCGACCGCGGGGAAACAAACAACCCCCATGTGGACCGGGAGAACTTCTCCTAAAAGCAAGAACCGCAGTTCTAACTAACAGAACTTCTGACCTTTAAGATCCGGCTAGTGCCGATCA	asv.413_EE0526
16S	AGACGAGAAGACCCYdTGGAGCTT	GATCCAACATCGAGGTCGTAA	Vert-16S-eDNA-F1	Vert-16S-eDNA-R1	https://doi.org/10.1007/s12686-016-0550-y	Paired	NovaSeq6000	GGGTTGGTTAATTTCGTGCCAGCCGCGGTAATACGGAGGGGGTTAGCGTTGTTCGGAATTACTGGGCGTAAAGCGCGCGTAGGCGGACCAGAAAGTTGGGGGTGAAATCCCGGGGCTCAACCCCGGAACGGCCTCCAAAACTCCTGGTCTTGAGTTCGAGAGAGGTGAGTGGAATTCCGAGTGTAGAGGTGAAATTCGTA	asv.415_EE0528
16S	AGACGAGAAGACCCYdTGGAGCTT	GATCCAACATCGAGGTCGTAA	Vert-16S-eDNA-F1	Vert-16S-eDNA-R1	https://doi.org/10.1007/s12686-016-0550-y	Paired	NovaSeq6000	GGGTTGGTAAATTTCGTGCCAGCCGCGGTAAGACGGAGGATGCAAGTGTTATCCGGAATCACTGGGCGTAAAGCGTCTGTAGGTGGCTTAACAAGTCAACTGTTAAATCTTGAAGCTCAACTTCGAAATCGCAGTCGAAACTGTTAGGCTAGAGTATAGTAGGGGTAAAGGGAATTTCCAGTGGAGCGGTGAAATGCGTA	asv.418_EE0524
16S	AGACGAGAAGACCCYdTGGAGCTT	GATCCAACATCGAGGTCGTAA	Vert-16S-eDNA-F1	Vert-16S-eDNA-R1	https://doi.org/10.1007/s12686-016-0550-y	Paired	NovaSeq6000	GGGTTGGTAAATTTCGTGCCAGCAGCCGCGGTAATACGAAGGGGGCGAGCGTTGTTCGGAATTACTGGGCGTAAAGGGAGCGCAGGCGGTTCATTAAGTTAGGCGTGAAAGCCCCGGGCTCAACCTGGGAACTGCGCTTAATACTGATGAACTAGAAAACAGGAGAGGGTAGTGGAATTTCCAGTGTAGAGGTGAAATTC	asv.421_EE0526
16S	AGACGAGAAGACCCYdTGGAGCTT	GATCCAACATCGAGGTCGTAA	Vert-16S-eDNA-F1	Vert-16S-eDNA-R1	https://doi.org/10.1007/s12686-016-0550-y	Paired	NovaSeq6000	AGTGAGGTATCTAATCTCAGTTTGAGCCTCAGTTTTCGTGGAATCAGATTTAGTAAAGTCACTTTCGTAGTTGGGCTTCCACCTCCCGGTGCACATTTGACCGTCCTGGAAGGGGTCGACTTTAGTTTGTGATGTTTCTCCTAACCACTCTTTACGCCGCAGCCTATCAACTTGGGTCACACGTTTAACCGCGGCGGCTG	asv.435_EE0526
16S	AGACGAGAAGACCCYdTGGAGCTT	GATCCAACATCGAGGTCGTAA	Vert-16S-eDNA-F1	Vert-16S-eDNA-R1	https://doi.org/10.1007/s12686-016-0550-y	Paired	NovaSeq6000	AGTGAGGTATCTAATCTCAGTTTGTTTCACAGCTTTCGTGGGTTCAGGAAATTAAAGCTACTTTCGTATAAGAGCTTCTTAACCTCGAGTACGTATAACAGTTTTGAGGGGCATTCGGCTTTAGTTTAATATAAACTTAACCACTCTTTACGCCGAGTACTTATCAACTTGGGCCTCTCGTATAACCGCGGTGGCTGGCA	asv.448_EE0528
16S	AGACGAGAAGACCCYdTGGAGCTT	GATCCAACATCGAGGTCGTAA	Vert-16S-eDNA-F1	Vert-16S-eDNA-R1	https://doi.org/10.1007/s12686-016-0550-y	Paired	NovaSeq6000	AGTGAGGTATCTAATCTCAGTTTGTGCCCTAGCTTTCGTGGGTTCAGTTAACATAAAGCCACTTTCGTAGTTGGGCTTCTTACCTTCGGGTGCGTATGACAGCTTTGAAGGTGTTCGGCTCTAGTTGAATGAGTTTCCCTAACCACTCTTTACGCCGGTGTCTAACAACTTGGGTCTCTCGTATAACCGCGGTGGCTGGC	asv.468_EE0526
16S	AGACGAGAAGACCCYdTGGAGCTT	GATCCAACATCGAGGTCGTAA	Vert-16S-eDNA-F1	Vert-16S-eDNA-R1	https://doi.org/10.1007/s12686-016-0550-y	Paired	NovaSeq6000	AGTGAGGTATCTAATCTCAGTTTGTGCCCTAGCTTTCGTGGGGTCAAATGTGTAAAGCCACTTTCGTGGTTGGGCTTCTTGCTCTCATGAACGTATAACAGTTATGAGGATATTTGGCTTTAGTTTTTCTAGCATTTTAACCACTCTTTACGCCGGAGGCCATCTACTTGGGTTCCTCGTATAACCGCGGTGGCTGGCAC	asv.483_EE0526
16S	AGACGAGAAGACCCYdTGGAGCTT	GATCCAACATCGAGGTCGTAA	Vert-16S-eDNA-F1	Vert-16S-eDNA-R1	https://doi.org/10.1007/s12686-016-0550-y	Paired	NovaSeq6000	AGTGAGGTATCTAATCTCAGTTTGTTCCACAGCTTTCGTGGGGTCAAAAATATTAAAGCTACTTTCGTAAGGGTGCTTCTTACCCTCGGATACGTATAACAGTTCTGAGGGAGTTTCGGCTTTAGTTTAAAATCAATTTAACCACTCTTTACGCCGAAAGCCTGTCAACTTGGGTCCCTCGTATAACCGCGGTGGCTGGC	asv.491_EE0528
16S	AGACGAGAAGACCCYdTGGAGCTT	GATCCAACATCGAGGTCGTAA	Vert-16S-eDNA-F1	Vert-16S-eDNA-R1	https://doi.org/10.1007/s12686-016-0550-y	Paired	NovaSeq6000	AGTGAGGTATCTAATCTCAGTTTGGGTCCTAGCTATCGTGTGTCAGGATTATTAGAGTCACTTTCGTGGGTTATTTTATTTTAACTAGGGCTTTTTACAGCTTAGTTATAATTTAACTCTATTGTGATTTTTTTTTTCTTAAACACTCTTTACGCCGTGGATCTATTAATTTGGGTTAATCGTATGACCGCGGTGGCTGG	asv.515_EE0526
16S	AGACGAGAAGACCCYdTGGAGCTT	GATCCAACATCGAGGTCGTAA	Vert-16S-eDNA-F1	Vert-16S-eDNA-R1	https://doi.org/10.1007/s12686-016-0550-y	Paired	NovaSeq6000	AGTGAGGTATCTAATCTCAGTTTGTTCCCTAGCTTTCGTGGGTTCAGAAGGGTTAAAGCCACTTTCGTAGAAGGGCTTCTGGCTCTCGGGAACGTATAACAGTTTTGAGAGTGTTCAGCTTTAGTTTTGGTTTTCTCTTAACCACTCTTTACGCCGATGGCTATCAACTTGGACCTCTCGTATAACCGCGGTGGCTGGCA	asv.529_EE0528
16S	AGACGAGAAGACCCYdTGGAGCTT	GATCCAACATCGAGGTCGTAA	Vert-16S-eDNA-F1	Vert-16S-eDNA-R1	https://doi.org/10.1007/s12686-016-0550-y	Paired	NovaSeq6000	AGTGAGGTATCTAATCTCAGTTTGTGCCTTAGCTGTTGTGTCCTCAGGACATTAAAGTCCCTTTCGTAGTATATTTTATTTCAGCTGGAGATTTTTACGATTTAGATAGAGCTTAACTTTGTTGACTGAAGACCTTAAACACTCTTTATGCCGAGTTTTATTAGCTTGGGTTAATCGTATGGCCGCGGTGGCTGGCACGA	asv.562_EE0528
16S	AGACGAGAAGACCCYdTGGAGCTT	GATCCAACATCGAGGTCGTAA	Vert-16S-eDNA-F1	Vert-16S-eDNA-R1	https://doi.org/10.1007/s12686-016-0550-y	Paired	NovaSeq6000	CAGACGCTAAATCAGCCCTAGTCCAACACCTCTGCCCAAAGAGTTGAACGCTGTAGGAGACCTGATCTTATGTCTTCGGTTGGGGTGACCCCGGGGAAAAAAGAAACCCCCGCGTGGAATAGGAGTACTACACTCCCAAATCTAAGAGCCACCACTCAAAGCATCAGTAATTCTGACCAACTTCATGATCCGGCTTAACG	asv.566_EE0526
16S	AGACGAGAAGACCCYdTGGAGCTT	GATCCAACATCGAGGTCGTAA	Vert-16S-eDNA-F1	Vert-16S-eDNA-R1	https://doi.org/10.1007/s12686-016-0550-y	Paired	NovaSeq6000	TAGACACTAAGAGAGCCTACGTCAAACATTCCTCACAAAGACCTAAACTAAGTTTAATCCTCTCCTAATGTCTTCGGTTGGGGCGACCCTGGGGAGATAAAGAACCCCCATGCGGACTGGAAATATTTTCTAGAACCAAGAGCTACCGCTCTAAGAAGCAGAACTTCTGACCAAAAGATCCGGCAAAGCCGATCAACGGA	asv.573_EE0526
16S	AGACGAGAAGACCCYdTGGAGCTT	GATCCAACATCGAGGTCGTAA	Vert-16S-eDNA-F1	Vert-16S-eDNA-R1	https://doi.org/10.1007/s12686-016-0550-y	Paired	NovaSeq6000	TAGACACTAAGAGAGCCTACGTCAAACATTCCTCACAAAGACCTAAACTAAGTTTAATCCTCTCCTAATGTCTTCGGTTGGGGCGACCCTGGGGAGATAAAGAACCCCCATGCGGACTGGAAATATTTTCTAGAACCAAGAGCTACCGCTCTAAGAAGCAGAACTTCTGACCAAAAGATCCGGCAAAGCCGATCAACGGA	asv.573_EE0528
16S	AGACGAGAAGACCCYdTGGAGCTT	GATCCAACATCGAGGTCGTAA	Vert-16S-eDNA-F1	Vert-16S-eDNA-R1	https://doi.org/10.1007/s12686-016-0550-y	Paired	NovaSeq6000	AGTGAGGTATCTAATCTCCGTTTGGGTCTTAGCTGTTGCATCTTCAGGATATTAAAGGCACATTCATAGTATATTTTATTTCAGCTGGAGTTTTTTACAACTTAGACGGAGTTTAGCTTTATTGAGGGCAGACCTTAAGCACTGTTTTCACCAAGTTCAATTAGCTTGGGTTAATCGTATGGCTGCGGTGGCTGGCACGA	asv.584_EE0526
16S	AGACGAGAAGACCCYdTGGAGCTT	GATCCAACATCGAGGTCGTAA	Vert-16S-eDNA-F1	Vert-16S-eDNA-R1	https://doi.org/10.1007/s12686-016-0550-y	Paired	NovaSeq6000	GTCGTAAAACTCGTGCCAGCAGCCGCGGTAATACGGAGGGTGCAAGCGTTGTTCGGAATTATTGGGCGTAAAGCGTGCGTAGGCGGACTGTTAAGTCTGATGTGAAATCCCGCGGCTCAACCGCGGACGTGCATTGGATACTGGCAATCTTGAGTCCCGGAGAGGAGAGCGGAATTCCTAGTGTAGAGGTGAAATTCGTA	asv.596_EE0524
16S	AGACGAGAAGACCCYdTGGAGCTT	GATCCAACATCGAGGTCGTAA	Vert-16S-eDNA-F1	Vert-16S-eDNA-R1	https://doi.org/10.1007/s12686-016-0550-y	Paired	NovaSeq6000	GACAGGATGAACAGTTTATCCCCCTCTTGCTAGCATTCAGTTCCACTCTGGTGGTGCTGTAGATTGTGCAATTTTTGTTCTTCACGTAGCAGGAGCTTCTTCTATTCTTGGAGCTATTAACTTCATTACTACTGTAATGAACATGCGAGCTCCAGGTATTAGCCTTCACCGAATGCCTCTATTCGTATGAAGTATCCTTG	asv.597_EE0526
16S	AGACGAGAAGACCCYdTGGAGCTT	GATCCAACATCGAGGTCGTAA	Vert-16S-eDNA-F1	Vert-16S-eDNA-R1	https://doi.org/10.1007/s12686-016-0550-y	Paired	NovaSeq6000	GTTGGTAAATCTCGTGCCAGCAGCCGCGGTTATACGTGAGGGGCAAATGTTACTCAACTTGATTGGGCGTAAAGTGTTTGTAGGTGGCCATATTAGTTATTACTTAAATAATAGTACACAACATTATTAATGAAATAAGACAGTTTGGCTAGAGTTTTTTAGAGGTAAATGGAATTTTTAAAGTACAACTGAAATAGGGA	asv.598_EE0526
16S	AGACGAGAAGACCCYdTGGAGCTT	GATCCAACATCGAGGTCGTAA	Vert-16S-eDNA-F1	Vert-16S-eDNA-R1	https://doi.org/10.1007/s12686-016-0550-y	Paired	NovaSeq6000	GGAACAGGTTGAACTGTATACCCTCCATTAGCTAGTGTAGCGGCACACTCAGGACCATCTGTTGATTTAGCTATCTTCAGTCTACACTTAGCTGGAGCATCTTCTATTTTAGGAGCTGTTAACTTTATTACTACTATTATTAACATGCGTCCACCAGGACTAACAATGCACGAATTACCTTTATTCGTATGGTCTGTGTT	asv.599_EE0526
16S	AGACGAGAAGACCCYdTGGAGCTT	GATCCAACATCGAGGTCGTAA	Vert-16S-eDNA-F1	Vert-16S-eDNA-R1	https://doi.org/10.1007/s12686-016-0550-y	Paired	NovaSeq6000	GTTGGTAAATCTCGTGCCAGCAGCCGCGGTAAAACGAGAAGGGCTGACGTTATTCGGATTTATTGGGCGTAAAGTATGTGTAGGTTGAATATCAACTTTTGATTCAAAGCTTAGATTTTATGTTTAAATCAATCAAAAAAATGATATTCTTGAGTCTAAATGAAGATTACAGAATTCTAAATGTAACGGTAAAATGTATT	asv.602_EE0526
16S	AGACGAGAAGACCCYdTGGAGCTT	GATCCAACATCGAGGTCGTAA	Vert-16S-eDNA-F1	Vert-16S-eDNA-R1	https://doi.org/10.1007/s12686-016-0550-y	Paired	NovaSeq6000	AGTGAGGTATCTAATCTCAGTTTGTTCCCTAGCTTTCGTGGGTTCAAAGAGGTTAAAGCCACTTTCGCGGTTGTTCTTCATGTCTTCGAGTGCGTTGTACAACTTTGGAGATGTTCGGCTTTAGTAGTCGTGGGTTTATTAACCACTCTTTACGCCGGTAACTGTCAGCTTGGGCCTCTCGTATAACCGCGGTGGCTGGC	asv.603_EE0526
16S	AGACGAGAAGACCCYdTGGAGCTT	GATCCAACATCGAGGTCGTAA	Vert-16S-eDNA-F1	Vert-16S-eDNA-R1	https://doi.org/10.1007/s12686-016-0550-y	Paired	NovaSeq6000	GGACTGGTCAATTTCGTGCCAGCCACCGCGGTTATACGAGAGGCCCAAGTTGACAAAAACCGGCGTAAAGCGTGGTTAATAAAAAATAAACTAAAGCCGAACATCTTCAAAGCTGTTATACGCACCCGAAGACAGGAAGACCCTCAACGAAAGTGGCTTTAACCATTATGACCCCACGGAAGCTAGGACACAAACTGGGA	asv.604_EE0526
16S	AGACGAGAAGACCCYdTGGAGCTT	GATCCAACATCGAGGTCGTAA	Vert-16S-eDNA-F1	Vert-16S-eDNA-R1	https://doi.org/10.1007/s12686-016-0550-y	Paired	NovaSeq6000	GCACCTGCTAATACTGGTAATGATAAAAGTAATAGTACGGCTGTAATTAATACAGACCACACAAAAAGTGGTAATTTATGCATAGACATACCAGGACTACGCATATTAATTATTGTAGTTATGAAATTAATAGCACCTAAAATAGAAGATGTTCCACCTAAGTGTAAACTAAATATCGCAAGGTCTACAGAAGGCCCTGA	asv.605_EE0528
16S	AGACGAGAAGACCCYdTGGAGCTT	GATCCAACATCGAGGTCGTAA	Vert-16S-eDNA-F1	Vert-16S-eDNA-R1	https://doi.org/10.1007/s12686-016-0550-y	Paired	NovaSeq6000	ATCGCTCCAGCCAATACAGGTAAAGACAATAATAATAAGAAAGCTGTAATTAAAACAGCCCAAACAAAAAGAGGTAAGTTGTGAAATGACAAACTTTTTACTCGCATATTAAAAATGGTACATATAAAATTAATTGCTCCCAAGATTGATGAAGCTCCTGAAAGGTGTAAACTAAAGATAGCTAGGTCAACCGCTCCACC	asv.606_EE0528
16S	AGACGAGAAGACCCYdTGGAGCTT	GATCCAACATCGAGGTCGTAA	Vert-16S-eDNA-F1	Vert-16S-eDNA-R1	https://doi.org/10.1007/s12686-016-0550-y	Paired	NovaSeq6000	ATTTTAGTAAATTGTTTACACCTTTGGAGTTCCTTTTAATATTTTTCTATTTCAGTGGTACTTTAAAAATTCCATCTACCTCAAAATAAACTCTAGCCAATTTGTATTGTTACATTTTTAACATTGAGTGTTAAGTTTTAAGTAACAACAAAAAAAGCAACCTACAAACACTTTACGCCCAATAAAGTTGGATAACATTT	asv.607_EE0528
16S	AGACGAGAAGACCCYdTGGAGCTT	GATCCAACATCGAGGTCGTAA	Vert-16S-eDNA-F1	Vert-16S-eDNA-R1	https://doi.org/10.1007/s12686-016-0550-y	Paired	NovaSeq6000	CAGACCCGGATTTAGTTATGTAAAATATTCTCAATAAAAATAAACTTAATAATTTAATTTTAGGGTCTTAGGTTGGGGCGACCACGGAGTAAAATATACCCTCCACGAAGAAGGGGCCTTATAGCCCTGAAACTACGACAAGCCTGTCTAAGCAACAGAATTTCTGACTTTATTAGATCCGACCCACAAGTCGACTAACG	asv.608_EE0528
16S	AGACGAGAAGACCCYdTGGAGCTT	GATCCAACATCGAGGTCGTAA	Vert-16S-eDNA-F1	Vert-16S-eDNA-R1	https://doi.org/10.1007/s12686-016-0550-y	Paired	NovaSeq6000	AGTAAGGTATCTAATCTCAGTTTGTTTCTTAGCTTTCGTGGGTTCGTACAAATAGAGCTACTTTCGCCGTTGGGCCTTGGGTTCTCAAAGCGTGTTAAACAGCCTGGAGACTATTTGGCTCTAGGATAATAAATGAAGTAACCACGCTTTGTGCCGGGAGTAATCAATTTGGGCCTCTGGTATAACCGCGGTGGCTGGCA	asv.609_EE0528
16S	AGACGAGAAGACCCYdTGGAGCTT	GATCCAACATCGAGGTCGTAA	Vert-16S-eDNA-F1	Vert-16S-eDNA-R1	https://doi.org/10.1007/s12686-016-0550-y	Paired	NovaSeq6000	GCCCCGGCTAAAACTGGGAGTGAAAGAAGTAAGAGAATTACTGTAATATTTACTGCTCAAACAAATAGTGGAATGCGTTCTAGACGAAGGCCTTTTCATCGTATGTTTGCAACGGTAGTAATAAAATTAATAGCCCCAAGAATTGATGAAACCCCCGCCAAATGAAGGGAGAAGATTGCTAAGTCTACAGATGGACCAGC	asv.610_EE0528
16S	AGACGAGAAGACCCYdTGGAGCTT	GATCCAACATCGAGGTCGTAA	Vert-16S-eDNA-F1	Vert-16S-eDNA-R1	https://doi.org/10.1007/s12686-016-0550-y	Paired	NovaSeq6000	GGGTTGGTAAATTTCGTGCCAGCCGCGGTAATACGGAGGGTGCAAGCGTTAATCGGAATTACTGGGCGTAAAGCGCGCGTAGGCGGTTTGTTAAGCTAGATGTGAAAGCCCAGGGCTCAACCTTGGAACTGCATTTAGAACTGGCAGGCTAGAGTACAGTAGAGGATAGTGGAATTTCTTGTGTAGCGGTGAAATGCGTA	asv.611_EE0528
16S	AGACGAGAAGACCCYdTGGAGCTT	GATCCAACATCGAGGTCGTAA	Vert-16S-eDNA-F1	Vert-16S-eDNA-R1	https://doi.org/10.1007/s12686-016-0550-y	Paired	NovaSeq6000	GTCGGTAAACTCGTGCCAGCAGCCGCGGTAATACGAAGGTGGCAAGCGTTGTTCGGAATCACTGGGCTTAAAGCGCACGCAGGTGGAATGGCAAGTGTCTTGTGAAAGCCCCCGGCTTAACCGGGGAATTGCTCGGCAGACTGCCATTCTTGAGGTAAATAGGGGTGCATGGAACTCTTGGTGGAGCGGTGGAATGCGTA	asv.612_EE0539
16S	AGACGAGAAGACCCYdTGGAGCTT	GATCCAACATCGAGGTCGTAA	Vert-16S-eDNA-F1	Vert-16S-eDNA-R1	https://doi.org/10.1007/s12686-016-0550-y	Paired	NovaSeq6000	ATCGGAAGAGCGTCGTGTAGGGAAAGAGTGTGCCTTGCGGAGTGTAGATCTCGGTGGTCGCCGTATCATTAAAAAAAATTTTTTTCAAGCAGAAGACGGCATACTAGATTTGAGAGGATGTGACTGGAGTTCAGACGTGTGCTCTTCCGA	asv.642_EE0537
16S	AGACGAGAAGACCCYdTGGAGCTT	GATCCAACATCGAGGTCGTAA	Vert-16S-eDNA-F1	Vert-16S-eDNA-R1	https://doi.org/10.1007/s12686-016-0550-y	Paired	NovaSeq6000	ATCGGAAGAGCGTCGTGTAGGGAAAGAGTGTGCCTTGCGGAGTGTAGATCTCGGTGGTCGCCGTATCATTAAAAAAAATTTTTTTCAAGCAGAAGACGGCATACTAGATTTGAGAGGATGTGACTGGAGTTCAGACGTGTGCTCTTCCGA	asv.642_EE0528
16S	AGACGAGAAGACCCYdTGGAGCTT	GATCCAACATCGAGGTCGTAA	Vert-16S-eDNA-F1	Vert-16S-eDNA-R1	https://doi.org/10.1007/s12686-016-0550-y	Paired	NovaSeq6000	ATCGGAAGAGCGTCGTGTAGGGAAAGAGTGTGCCTTGCGGAGTGTAGATCTCGGTGGTCGCCGTATCATTAAAAAAAATTTTTTTCAAGCAGAAGACGGCATACTAGATTTGAGAGGATGTGACTGGAGTTCAGACGTGTGCTCTTCCGA	asv.642_EE0524
16S	AGACGAGAAGACCCYdTGGAGCTT	GATCCAACATCGAGGTCGTAA	Vert-16S-eDNA-F1	Vert-16S-eDNA-R1	https://doi.org/10.1007/s12686-016-0550-y	Paired	NovaSeq6000	CTTATTATTATTGTCTTTACCTGTATTGGCTGGAGCGATAACAATGTTATTGACTGATAGAAACTTTAACACCACCTTCTTTGATCCAGCGGGAGGAGGAGATCCTGTATTATATCAACACTTGTTTTGGTTCTTCGGCCATCCCGAGGT	asv.669_EE0524
16S	AGACGAGAAGACCCYdTGGAGCTT	GATCCAACATCGAGGTCGTAA	Vert-16S-eDNA-F1	Vert-16S-eDNA-R1	https://doi.org/10.1007/s12686-016-0550-y	Paired	NovaSeq6000	TCGTTGGGGGTCTTCCTGCCTTCGGGTACGTATAACGGCCTTGAAGGTGTTCGGCTTTAGTTTATGTTGTATTAACCACTCTTTACGCCGGTTTTTGTCAACTTGGGCCTCTCGTATAACCGCGGTGGCTGGCACGAAATTTACCAACCC	asv.681_EE0526
16S	AGACGAGAAGACCCYdTGGAGCTT	GATCCAACATCGAGGTCGTAA	Vert-16S-eDNA-F1	Vert-16S-eDNA-R1	https://doi.org/10.1007/s12686-016-0550-y	Paired	NovaSeq6000	GTTGGGCTTCATACCTCCGAGAACGTATAACGGTTTTGGGGGCGTTCGGCTTTAGTGTTATTAGGGCTAACTTAACCACTCTTTACGCCGATAACTATCAACTTGGGCCTCTCGTATAACCGCGGTGGCTGGCACGAAATTTACCAACCC	asv.686_EE0524
16S	AGACGAGAAGACCCYdTGGAGCTT	GATCCAACATCGAGGTCGTAA	Vert-16S-eDNA-F1	Vert-16S-eDNA-R1	https://doi.org/10.1007/s12686-016-0550-y	Paired	NovaSeq6000	TCGTTGGGGGTCTTCCTGCCTTCGGGTACGTATAACGGCCTTGAAGGTGTTCGGCTTTAGTTTATGTTGTATTAACCACTCTTTACGCCGGTTTTTGTCAACTTGGGCCTCTCGTATAACCGCGGTGGCTGGCACGAAATTAACCAACCC	asv.692_EE0528
16S	AGACGAGAAGACCCYdTGGAGCTT	GATCCAACATCGAGGTCGTAA	Vert-16S-eDNA-F1	Vert-16S-eDNA-R1	https://doi.org/10.1007/s12686-016-0550-y	Paired	NovaSeq6000	AGTTGGGCTTCATACCTCCGAGCGCGTATAACGGTCTTGGGGGCGTTCGACTTTAGTTGTATTGGGGTAACTTAACCACTCTTTACGCCGATGGCTGTCAGCTTGGACCTCTCGTATAACCGCGGTGGCTGGCACGAAATTAACCAACCC	asv.694_EE0528
16S	AGACGAGAAGACCCYdTGGAGCTT	GATCCAACATCGAGGTCGTAA	Vert-16S-eDNA-F1	Vert-16S-eDNA-R1	https://doi.org/10.1007/s12686-016-0550-y	Paired	NovaSeq6000	CAGTCAATAACATTGTTATCGCTCCAGCCAATACAGGTAAAGACAATAATAATAAGAAAGCTGTAATTAAAACAGCCCAAACAAAAAGAGGTAAGTTGTGAAATGACAAACTTTTTACTCGCATATTAAAAATGGTACATATAAAATTAA	asv.698_EE0526
16S	AGACGAGAAGACCCYdTGGAGCTT	GATCCAACATCGAGGTCGTAA	Vert-16S-eDNA-F1	Vert-16S-eDNA-R1	https://doi.org/10.1007/s12686-016-0550-y	Paired	NovaSeq6000	TCGTAGGGGGGCTTCATGCTCTCGGGAACGTATAACAGTTTTGAGAGTGTTCAGCTTTAGTTTTGGTTTTCTCTTAACCACTCTTTACGCCGATGGCTATCAACTTGGACCTCTCGTATAACCGCGGTGGCTGGCACGAGATTTACCAAC	asv.706_EE0528
16S	AGACGAGAAGACCCYdTGGAGCTT	GATCCAACATCGAGGTCGTAA	Vert-16S-eDNA-F1	Vert-16S-eDNA-R1	https://doi.org/10.1007/s12686-016-0550-y	Paired	NovaSeq6000	TAATTTATTAATGCAAACAGTACCTAACAAACCCACAGGTCCTAAACTACCAAACCTGCATTAAAAATTTCGGTTGGGGCGACCTCGGAGCAGAACCCAACCTCCGAGCAGTACATGCTAAGACTTCACCAGTCAAAGCGAACTACTATACTCAATTGATCCAATAACTTGACCAACAGAACAAGTTACCCTAGGGATAACAGCGCAATCCTATTCTAGAGTCCATATCAACAATAGGGT	asv.71_EE0524
16S	AGACGAGAAGACCCYdTGGAGCTT	GATCCAACATCGAGGTCGTAA	Vert-16S-eDNA-F1	Vert-16S-eDNA-R1	https://doi.org/10.1007/s12686-016-0550-y	Paired	NovaSeq6000	TAGTTGGGCTTCCACCTCCCGGTGCACATTTGACCGTCCTGGAAGGGGTCGACTTTAGTTTGTGATGTTTCTCCTAACCACTCTTTACGCCGCAGCCTATCAACTTGGGTCACACGTTTAACCGCGGCGGCTGGCACGAGATTTACCAAC	asv.748_EE0526
16S	AGACGAGAAGACCCYdTGGAGCTT	GATCCAACATCGAGGTCGTAA	Vert-16S-eDNA-F1	Vert-16S-eDNA-R1	https://doi.org/10.1007/s12686-016-0550-y	Paired	NovaSeq6000	GTTTTGTGTGAACGTTACGGCATTGATAACTCACACCGTACGCTCCACGGGGCATTGCTCGATGCGGAGATTCTAGCTGACGTTTACCTACTGATGACTGGTGGACAAACAAGCCTAGAATTCAACGCTAACAAGAGTGACGGGCGGTGT	asv.785_EE0537
16S	AGACGAGAAGACCCYdTGGAGCTT	GATCCAACATCGAGGTCGTAA	Vert-16S-eDNA-F1	Vert-16S-eDNA-R1	https://doi.org/10.1007/s12686-016-0550-y	Paired	NovaSeq6000	AAGATATCAACGCATTTCACCGCTCCACCTTGAGTTCCGCTCACCTCTGTCTCCCTCGAGCACAGTAGTTTTGGGCGCAGTTCCTCGGTTGAGCCGAGGGCTTTCACACCCAACTTTCTGCGCAGCCTACGCACCCTTTAAGCCCAATAA	asv.798_EE0528
16S	AGACGAGAAGACCCYdTGGAGCTT	GATCCAACATCGAGGTCGTAA	Vert-16S-eDNA-F1	Vert-16S-eDNA-R1	https://doi.org/10.1007/s12686-016-0550-y	Paired	NovaSeq6000	ATTATTGTTATCTTTACCTGTTTTAGCTGGTGCTATAACTATGTTGTTAACTGATCGAAATTTTAATACAACTTTTTTTGACCCTGCTGGTGGTGGTGACCCTGTTTTATATCAGCATTTATTTTGGTTCTTCGGCCACCCCGAGGTCTA	asv.813_EE0528
16S	AGACGAGAAGACCCYdTGGAGCTT	GATCCAACATCGAGGTCGTAA	Vert-16S-eDNA-F1	Vert-16S-eDNA-R1	https://doi.org/10.1007/s12686-016-0550-y	Paired	NovaSeq6000	TTACTACTTCTCTCATTACCGGTACTGGCGGGGGCGATTACGATGCTTTTGACAGATAGAAATTTCAATACCACTTTTTTTGATCCCGCAGGTGGTGGGGATCCTGTACTCTTCCAGCACCTGTTCTGATTCTTCGGCCACCCCGAGGTC	asv.819_EE0528
16S	AGACGAGAAGACCCYdTGGAGCTT	GATCCAACATCGAGGTCGTAA	Vert-16S-eDNA-F1	Vert-16S-eDNA-R1	https://doi.org/10.1007/s12686-016-0550-y	Paired	NovaSeq6000	CTGTGCGTTACTATTAATATTTGACAGAAGCTTTGGAACTAGTTTTTATTTAAGTGATATATACATTGCAGGTGAAGCGCTAGATGCTACTGGAGGTTCACCATTGTTATTCCAACATTTATTTTGGTTTTTCGGCCACCCCGAAGTCTA	asv.820_EE0526
16S	AGACGAGAAGACCCYdTGGAGCTT	GATCCAACATCGAGGTCGTAA	Vert-16S-eDNA-F1	Vert-16S-eDNA-R1	https://doi.org/10.1007/s12686-016-0550-y	Paired	NovaSeq6000	CTATTGCTTCTAGCTCTACCTGTTCTAGCTGGTGCAATTACTATGCTACTAACTGATCGAAACTTCAATACTAGTTTCTTTGATCCAGCAGGAGGAGGAGATCCAATTCTATTCCAGCACTTGTTCTGGTTCTTCGGCCACCCCGAAGTC	asv.822_EE0526
16S	AGACGAGAAGACCCYdTGGAGCTT	GATCCAACATCGAGGTCGTAA	Vert-16S-eDNA-F1	Vert-16S-eDNA-R1	https://doi.org/10.1007/s12686-016-0550-y	Paired	NovaSeq6000	TCTTTTATTATCACTTCCAGTTCTTGCTGGAGCGATTACTATGCTTTTAACTGATCGTAACTTTAATACAACTTTCTTTGATCCAGCGGGAGGAGGAGATCCAATTTTATTTCAACACCTTTTTTGGTTCTTCGGCCACCCCGAAGTCTA	asv.833_EE0528
16S	AGACGAGAAGACCCYdTGGAGCTT	GATCCAACATCGAGGTCGTAA	Vert-16S-eDNA-F1	Vert-16S-eDNA-R1	https://doi.org/10.1007/s12686-016-0550-y	Paired	NovaSeq6000	AAGCGTGGTTAGATAACAATGAACTAAAGCCGAATACTCTCGAGGCTGTTATACGCACCTGAGAGCCAGAAGCCCCACTACGAAAGTGGCTTTACCTAATTTGAACCCACGAAAGCTAAGACACAAACTGGGATTAGATACCCCACTATG	asv.837_EE0526
16S	AGACGAGAAGACCCYdTGGAGCTT	GATCCAACATCGAGGTCGTAA	Vert-16S-eDNA-F1	Vert-16S-eDNA-R1	https://doi.org/10.1007/s12686-016-0550-y	Paired	NovaSeq6000	ACTTTTACTTTCATTACCTGTTTTAGCAGGTGCTATTACAATGCTATTAACGGATCGTAATTTTAATACAACTTTTTTTGATCCAGCAGGAGGAGGAGATCCAGTTCTTTATCAACATTTATTTTGATTCTTTGGCCATCCCGAGGTCTA	asv.839_EE0528
16S	AGACGAGAAGACCCYdTGGAGCTT	GATCCAACATCGAGGTCGTAA	Vert-16S-eDNA-F1	Vert-16S-eDNA-R1	https://doi.org/10.1007/s12686-016-0550-y	Paired	NovaSeq6000	GTTAATAGCATTGTAATTGCTCCTGCAAGTACAGGTACAGCTAATAAAAGAAGTACAACAGTTACAAAGATACTTCATACGAATAGAGGCATTCGGTGAAGACTAATTCCTGGAGCTCGCATGTTCATTACAGTTGTAATGAAGTTTACT	asv.867_EE0526
16S	AGACGAGAAGACCCYdTGGAGCTT	GATCCAACATCGAGGTCGTAA	Vert-16S-eDNA-F1	Vert-16S-eDNA-R1	https://doi.org/10.1007/s12686-016-0550-y	Paired	NovaSeq6000	TTTATTATTATTATCATTACCAGTTTTAGCAGGAGCAATTACAATGCTATTAACTGATAGAAATTTTAATACTACCTTCTTTGACCCTGCAGGTGGAGGAGATCCTGTACTTTTCCAGCACTTATTCTGATTTTTTGGCCACCCCGAAGT	asv.869_EE0526
16S	AGACGAGAAGACCCYdTGGAGCTT	GATCCAACATCGAGGTCGTAA	Vert-16S-eDNA-F1	Vert-16S-eDNA-R1	https://doi.org/10.1007/s12686-016-0550-y	Paired	NovaSeq6000	TTTTATTACTATTAGCAGTCCCTGTTTTAGCAGGAGCAATAACTATGTTATTAACGGACAGAAATTTTAATACTTCTTTTTTTGATCTGTCGGGAGGAGGTGATCCTGTTTTATATCAACATTTATTTTGGTTCTTCGGCCACCCGAAGT	asv.877_EE0528
16S	AGACGAGAAGACCCYdTGGAGCTT	GATCCAACATCGAGGTCGTAA	Vert-16S-eDNA-F1	Vert-16S-eDNA-R1	https://doi.org/10.1007/s12686-016-0550-y	Paired	NovaSeq6000	CCTGTTATTGCTGTCACTGCCAGTATTAGCGGGAGCGATCACGATGCTCCTTACAGACCGTAATTTCAATACGACTTTCTTCGATCCTGCTGGTGGAGGTGATCCCGTATTGTATCAACATTTGTTCTGATTCTTTGGCCACCCCGAGGT	asv.880_EE0528
16S	AGACGAGAAGACCCYdTGGAGCTT	GATCCAACATCGAGGTCGTAA	Vert-16S-eDNA-F1	Vert-16S-eDNA-R1	https://doi.org/10.1007/s12686-016-0550-y	Paired	NovaSeq6000	CCCCCCCCCCCCCCCCCCCCCCCCCCCCCCCCCCCCCCCCCCCCCCCCCCCCCCCCCCCCCCCCCCCCCCCCCCCCCCCCCCCCCCCCCCCCCCCCCCCCCCCCCCCCCCCCCCCCCCCCCCCCCCCCCCCCCCCCCCCCCCCCCCCCCC	asv.891_EE0528
16S	AGACGAGAAGACCCYdTGGAGCTT	GATCCAACATCGAGGTCGTAA	Vert-16S-eDNA-F1	Vert-16S-eDNA-R1	https://doi.org/10.1007/s12686-016-0550-y	Paired	NovaSeq6000	AAAAAAAAAAAAAAAAAAAAAAAAAAAAAAAAAAAAAAAAAAAAAAAAAAAAAAAAAAAAAAAAAAAAAAAAAAAAAAAAAAAAAAAAAAAAAAAAAAAAAAAAAAAAAAAAAAAAAAAAAAAAAAAAAAAAAAAAAAAAAAAAAAAAAA	asv.895_EE0528
16S	AGACGAGAAGACCCYdTGGAGCTT	GATCCAACATCGAGGTCGTAA	Vert-16S-eDNA-F1	Vert-16S-eDNA-R1	https://doi.org/10.1007/s12686-016-0550-y	Paired	NovaSeq6000	AAAAAAAAAAAAAAAAAAAAAAAAAAAAAAAAAAAAAAAAAAAAAAAAAAAAAAAAAAAAAAAAAAAAAAAAAAAAAAAAAAAAAAAAAAAAAAAAAAAAAAAAAAAAAAAAAAAAAAAAAAAAAAAAAAAAAAAAAAAAAAAAAAAAAA	asv.895_EE0524
16S	AGACGAGAAGACCCYdTGGAGCTT	GATCCAACATCGAGGTCGTAA	Vert-16S-eDNA-F1	Vert-16S-eDNA-R1	https://doi.org/10.1007/s12686-016-0550-y	Paired	NovaSeq6000	TTTCGTAGTATATTTTATTTCAGCTGGAGATTTTTACGATTTAGATAGAGCTTAACTTTGTTGACTGAAGACCTTAAACACTCTTTATGCCGAGTTTTATTAGCTTGGGTTAATCGTATGGCCGCGGTGGCTGGCACGAGATTTACCAAC	asv.896_EE0528
16S	AGACGAGAAGACCCYdTGGAGCTT	GATCCAACATCGAGGTCGTAA	Vert-16S-eDNA-F1	Vert-16S-eDNA-R1	https://doi.org/10.1007/s12686-016-0550-y	Paired	NovaSeq6000	GTGTGGTTAAGGATTAAACTAAACTAAAGCCGAATACTTTCAGAGCTGTTATACGCAAATGAAAGATTGAAGCCCAACCACGAAAGTGGCTTTAACAGCCCTGACGCCACGGAAGCTACGGGACAAACTGGGATTAGATACCCCACTATG	asv.903_EE0526
16S	AGACGAGAAGACCCYdTGGAGCTT	GATCCAACATCGAGGTCGTAA	Vert-16S-eDNA-F1	Vert-16S-eDNA-R1	https://doi.org/10.1007/s12686-016-0550-y	Paired	NovaSeq6000	ACTTTTATTGTCTTTACCAGTTCTAGCAGGAGCTATTACAATGCTTTTAACAGATCGTAACTTTAATACGTCATTCTTCGACCCTAATGGTGGAGGTGATCCAGTATTGTATCAACACTTGTTTTGATTCTTCGGCCACCCCGAGGTCTA	asv.904_EE0526
16S	AGACGAGAAGACCCYdTGGAGCTT	GATCCAACATCGAGGTCGTAA	Vert-16S-eDNA-F1	Vert-16S-eDNA-R1	https://doi.org/10.1007/s12686-016-0550-y	Paired	NovaSeq6000	TGCAGCATTGCTCTTGGTTTTTGACAGAAGTTTAGGTACTTCATTCTACCTTTCAGACATTTTTATTGCTGGAGAAGCACTAGATGCTACGGGTGGTAGCCCACTTTTATATCAACACCTGTTTTGGTTTTTCGGCCACCCCGAAGTCTA	asv.906_EE0526
16S	AGACGAGAAGACCCYdTGGAGCTT	GATCCAACATCGAGGTCGTAA	Vert-16S-eDNA-F1	Vert-16S-eDNA-R1	https://doi.org/10.1007/s12686-016-0550-y	Paired	NovaSeq6000	TTTTTTTTTTTTTTTTTTTTTTTTTTTTTTTTTTTTTTTTTTTTTTTTTTTTTTTTTTTTTTTTTTTTTTTTTTTTTTTTTTTTTTTTTTTTTTTTTTTTTTTTTTTTTTTTTTTTTTTTTTTTTTTTTTTTTTTTTTTTTTTTTTTTTT	asv.913_EE0528
16S	AGACGAGAAGACCCYdTGGAGCTT	GATCCAACATCGAGGTCGTAA	Vert-16S-eDNA-F1	Vert-16S-eDNA-R1	https://doi.org/10.1007/s12686-016-0550-y	Paired	NovaSeq6000	ACTACTATTATCTCTACCTGTGTTAGCTGGTGCTATTACTATGTTATTAACTGATAGAAATTTCAATACATCTTTCTTCGACCCTGCTGGAGGAGGAGATCCTATTTTATATCAGCACTTATTCTGATTCTTCGGCCACCCCGAAGTCTA	asv.918_EE0526
16S	AGACGAGAAGACCCYdTGGAGCTT	GATCCAACATCGAGGTCGTAA	Vert-16S-eDNA-F1	Vert-16S-eDNA-R1	https://doi.org/10.1007/s12686-016-0550-y	Paired	NovaSeq6000	CGGTCAGTGAGCAGCATAGTTATAGCTCCAGCCAACACAGGAAGCGACAACAGAAGCAAAAAAGCAGTTATTAAAACGGACCAAACAAAAAGAGGCAAGCGATGCATGGCTAAACCTGGCGCACGCATGTTAAAAATGGTGGTAATAAAA	asv.921_EE0526
16S	AGACGAGAAGACCCYdTGGAGCTT	GATCCAACATCGAGGTCGTAA	Vert-16S-eDNA-F1	Vert-16S-eDNA-R1	https://doi.org/10.1007/s12686-016-0550-y	Paired	NovaSeq6000	CGGTCAGTGAGCAGCATAGTTATAGCTCCAGCCAACACAGGAAGCGACAACAGAAGCAAAAAAGCAGTTATTAAAACGGACCAAACAAAAAGAGGCAAGCGATGCATGGCTAAACCTGGCGCACGCATGTTAAAAATGGTGGTAATAAAA	asv.921_EE0528
16S	AGACGAGAAGACCCYdTGGAGCTT	GATCCAACATCGAGGTCGTAA	Vert-16S-eDNA-F1	Vert-16S-eDNA-R1	https://doi.org/10.1007/s12686-016-0550-y	Paired	NovaSeq6000	GATCAATTGAGTATAGTAGTTCGCTTTGACTGGTGAAGTCTTAGCATGTACTGCTCGGAGGTTGGGTTCTGCTCCGAGGTCGCCCCAACCGAAATTTTTAATGCAGGTTTGGTAGTTTAGGACCTGTGGGTTTGTTAGGTACTGTTTGCA	asv.928_EE0526
16S	AGACGAGAAGACCCYdTGGAGCTT	GATCCAACATCGAGGTCGTAA	Vert-16S-eDNA-F1	Vert-16S-eDNA-R1	https://doi.org/10.1007/s12686-016-0550-y	Paired	NovaSeq6000	TGCAAGCATACGCTTTCTACAACCATGAGCGCCAGCTCTAAGTGCCAGAACATCTGTCTTAAACTTGATCCGGTCAGACCGATCAACGGACCCAGTTACCCCAGGGATAACAGCGCAATCCTCTTTTAGAGCCCATATCGACAAGAGGGT	asv.931_EE0526
16S	AGACGAGAAGACCCYdTGGAGCTT	GATCCAACATCGAGGTCGTAA	Vert-16S-eDNA-F1	Vert-16S-eDNA-R1	https://doi.org/10.1007/s12686-016-0550-y	Paired	NovaSeq6000	CTGTTAAAAGCATTGTAATCCCTCCAGCTAGAATGGGAAGGGATAAAAGAAGAAGGATAGCGGTAATAAAGATTGATCATGTGAATAAGGTTATTCGGGCTATTTTTATGTTTTCTGCTCGTATGTTGAGAATTGTGGTAATGAAGTTAA	asv.935_EE0526
16S	AGACGAGAAGACCCYdTGGAGCTT	GATCCAACATCGAGGTCGTAA	Vert-16S-eDNA-F1	Vert-16S-eDNA-R1	https://doi.org/10.1007/s12686-016-0550-y	Paired	NovaSeq6000	CCGTTAAAAGCATTGTAATAGCTCCTGCAAGAACAGGAAGAGATAAAAGTAATAAAAAAGCTGTAATTAAAACAGACCAAACAAAAAGTGGGAGTCTGTGCATACTTAAACCAGGGCCACGCATGTTAAAAATTGTGGTAATAAAATTAA	asv.937_EE0526
16S	AGACGAGAAGACCCYdTGGAGCTT	GATCCAACATCGAGGTCGTAA	Vert-16S-eDNA-F1	Vert-16S-eDNA-R1	https://doi.org/10.1007/s12686-016-0550-y	Paired	NovaSeq6000	CCTTTTACTTTTATCTTTGCCAGTATTGGCCGGAGGAATAACAATGCTTCTTACTGATCGTAATTTCAATACAACTTTTTTTGACCCAGCTGGTGGTGGAGATCCCGTTCTTTACCAACACTTATTTTGATTCTTTGGCCATCCCGAAGT	asv.938_EE0528
16S	AGACGAGAAGACCCYdTGGAGCTT	GATCCAACATCGAGGTCGTAA	Vert-16S-eDNA-F1	Vert-16S-eDNA-R1	https://doi.org/10.1007/s12686-016-0550-y	Paired	NovaSeq6000	TTTATTATTGTTATCATTACCTGTATTAGCAGGTGCTATTACTATGGTATTAACTGATCGTCACTTTAATACAACTTTCTTTGATGCAAAAGGAGGAGGTGATCCAGTATTATATCAGCATTTATTTTGATTTTTTGGCCATCCCGAGGT	asv.940_EE0528
16S	AGACGAGAAGACCCYdTGGAGCTT	GATCCAACATCGAGGTCGTAA	Vert-16S-eDNA-F1	Vert-16S-eDNA-R1	https://doi.org/10.1007/s12686-016-0550-y	Paired	NovaSeq6000	GGTACACTTACCATGGCGCGATAAGGGCTGTGTTCATCTCCACTATCTGTAAGCAAAATATTGTCCGGTTTTAGGTCTCGGTGCAGGACCCCTTGTTCATGTGCAAAACTTAGCACATCTGTGATTTGCGAGAAGAGTGACGGGCGGTGT	asv.944_EE0524
16S	AGACGAGAAGACCCYdTGGAGCTT	GATCCAACATCGAGGTCGTAA	Vert-16S-eDNA-F1	Vert-16S-eDNA-R1	https://doi.org/10.1007/s12686-016-0550-y	Paired	NovaSeq6000	TTGAATTAGCTTCAAGACTTCACGCAGGTCAGCTTCTTTAAGCTTAGTCTCTTTGATGACTAGCTTGTAGTCGCGATTACCAAGGTGATCGATATGATCGCTCAATACCATTTTCGCTTCTGCTAGCCACGGCGTATCTTCTGGGAAGGT	asv.945_EE0524
16S	AGACGAGAAGACCCYdTGGAGCTT	GATCCAACATCGAGGTCGTAA	Vert-16S-eDNA-F1	Vert-16S-eDNA-R1	https://doi.org/10.1007/s12686-016-0550-y	Paired	NovaSeq6000	TCTTCTTCTTCTTTCTCTTCCCGTTTTAGCCGCGGGGATCACAATACTGCTTACAGACCGAAACCTAAACACAACATTCTTTGACCCAGCCGGAGGGGGAGACCCGATCCTTTACCAACACCTGTTCTGATTCTTCGGCCACCCCGAAGT	asv.946_EE0526
16S	AGACGAGAAGACCCYdTGGAGCTT	GATCCAACATCGAGGTCGTAA	Vert-16S-eDNA-F1	Vert-16S-eDNA-R1	https://doi.org/10.1007/s12686-016-0550-y	Paired	NovaSeq6000	TGGTTGTTGTTACTATCATTACCTGTTTTTGCAGGAGGTATTACAATGTTACTTACAGATCGTAATTTTAATACAACTTTCTTTGATCCAGCCGGTGGTGGTGATCCTGTTCTTTATCAACACCTATTCTGATTCTTCGGCCATCCGAGG	asv.947_EE0526
16S	AGACGAGAAGACCCYdTGGAGCTT	GATCCAACATCGAGGTCGTAA	Vert-16S-eDNA-F1	Vert-16S-eDNA-R1	https://doi.org/10.1007/s12686-016-0550-y	Paired	NovaSeq6000	AATTCTACTATTGTTAGCAGTGCCCGTTTTAGCAGGTGCTATCACAATGCTTTTAACAGATCGAAACTTTAATACGATGTTTTTTGATGCTAAAGGTGGCGGTGATCCAATTCTTTACCAGCACTGGTTCTTTGGCCATCCCGAGGTCTA	asv.948_EE0526
16S	AGACGAGAAGACCCYdTGGAGCTT	GATCCAACATCGAGGTCGTAA	Vert-16S-eDNA-F1	Vert-16S-eDNA-R1	https://doi.org/10.1007/s12686-016-0550-y	Paired	NovaSeq6000	AAAGAGAGAACCTTCTCTTATAACTGAGACTGACAAGTCTAAGTACCAGAATATCTGACCAAAAATGATCCGGCAAAGCCGATCAACGAACCGAGTTACCCTAGGGATAACAGCGCAATCCTCTCCTAGAGCCCATATCGACGAGAGGGT	asv.949_EE0528
16S	AGACGAGAAGACCCYdTGGAGCTT	GATCCAACATCGAGGTCGTAA	Vert-16S-eDNA-F1	Vert-16S-eDNA-R1	https://doi.org/10.1007/s12686-016-0550-y	Paired	NovaSeq6000	CAGGAGCACAACTACTCCCACAGCTAAGAGCTACCGTTCTAATAAGCAGAATTTCTGACCAATAATGATCCGACAGCGTCGACCAACAAACCGAGTTACCCTAGGGATAACAGCGCAATCTCCTTTTAGAGTCCATATCGACAAGGAGGT	asv.950_EE0528
16S	AGACGAGAAGACCCYdTGGAGCTT	GATCCAACATCGAGGTCGTAA	Vert-16S-eDNA-F1	Vert-16S-eDNA-R1	https://doi.org/10.1007/s12686-016-0550-y	Paired	NovaSeq6000	ATTATTGTTGTTATCTTTACCAGTTTTAGCAGGTGCTATTACAATGTTGTTAACGGACCGTAACTTTAATACTAGCTTTTTTGAGATTTCTGGTGGTGGTGATCCTGTATTGTATCAACACTTATTTTGGTTCTTCGGCCATCCCGAGGT	asv.951_EE0528
16S	AGACGAGAAGACCCYdTGGAGCTT	GATCCAACATCGAGGTCGTAA	Vert-16S-eDNA-F1	Vert-16S-eDNA-R1	https://doi.org/10.1007/s12686-016-0550-y	Paired	NovaSeq6000	GCTCCTACTCCTCTCATTGCCTGTCTTAGCCGCAGCAATTACCATACTACTCACCGATCGAAACTTTAACACCTCCTTTTTCGACCCTTCCGGCGGTGGAGACCCCGTCTTATACCAGCATCTATTCTGGTTTTTCGGCCACCCCGAAGT	asv.952_EE0528
16S	AGACGAGAAGACCCYdTGGAGCTT	GATCCAACATCGAGGTCGTAA	Vert-16S-eDNA-F1	Vert-16S-eDNA-R1	https://doi.org/10.1007/s12686-016-0550-y	Paired	NovaSeq6000	TTTGTTAATACTTGTATTGCCAGTTTTGGGTGGTACAATTACAATGTTATTGACTGATAGAAATTTTGGCACTAGCCTTTTTAACCCTGCTGGTGGCGGAGACCCATTATTGTATCAGCATTTGTTTTGGTTCTTCGGCCACCCCGAAGT	asv.953_EE0528
16S	AGACGAGAAGACCCYdTGGAGCTT	GATCCAACATCGAGGTCGTAA	Vert-16S-eDNA-F1	Vert-16S-eDNA-R1	https://doi.org/10.1007/s12686-016-0550-y	Paired	NovaSeq6000	CTTGTTATTATTATCATTGCCGGTTTTAGCCGGGGCTATTACAATACTTTTAACGGATCGTAATGTTAATTCTAGGTTTTATGATGTTAGTGGGGGAGGAGATCCTATTTTATATCAGCATTTATTTTGATTCTTCGGCCACCCCGAAGT	asv.954_EE0528
16S	AGACGAGAAGACCCYdTGGAGCTT	GATCCAACATCGAGGTCGTAA	Vert-16S-eDNA-F1	Vert-16S-eDNA-R1	https://doi.org/10.1007/s12686-016-0550-y	Paired	NovaSeq6000	TGTTAATAACATTGTAATACCACCGGCAAATACTGGTAAAGATAGAAGCAACAACCATGCAGTAATATAAATAGCCCAAACAAATAATGGCATATTTGACATATAAATACCTGGAGCTCTCATATTCATAACAGTTGTAATCATATTAAT	asv.955_EE0528
16S	AGACGAGAAGACCCYdTGGAGCTT	GATCCAACATCGAGGTCGTAA	Vert-16S-eDNA-F1	Vert-16S-eDNA-R1	https://doi.org/10.1007/s12686-016-0550-y	Paired	NovaSeq6000	AAACTTAAAGAAACCGAACAAGCATAAGCAAACAAGGAGTATGCAACAGAAACTGACGTCTAGAATTACATAAATAGCTATGAACCGTTAACAGATAAAATGAAAATAAACGGTAACCTTTCCAAGACTCATTTACTTCTCACAATCAAT	asv.956_EE0528
16S	AGACGAGAAGACCCYdTGGAGCTT	GATCCAACATCGAGGTCGTAA	Vert-16S-eDNA-F1	Vert-16S-eDNA-R1	https://doi.org/10.1007/s12686-016-0550-y	Paired	NovaSeq6000	TTTTATTACTTTTATCACTTCCGGTTTTAGCAGGAGCTATTACGATGGTTTTAACTGATCGCCACTTCAATACAACTTTTTTTGATGCAAAAGGTGGAGGTGATCCAGTATTATACCAACACTTATTTTGGTTCTTCGGCCATCCCGAAG	asv.957_EE0528
16S	AGACGAGAAGACCCYdTGGAGCTT	GATCCAACATCGAGGTCGTAA	Vert-16S-eDNA-F1	Vert-16S-eDNA-R1	https://doi.org/10.1007/s12686-016-0550-y	Paired	NovaSeq6000	TTCTGTTGCTTGCCAGCTTGCCTGTGTTAGCTAGTGGTATAACACTCCTCCTTCTAGATCGTGAGATAGGGACCATTGTTATGACTCCTTCTTATGGAGGGGATCCTGTGATATTCCAACATTTGTTCTGATTCTTCGGCCATCCCGAAG	asv.958_EE0528
16S	AGACGAGAAGACCCYdTGGAGCTT	GATCCAACATCGAGGTCGTAA	Vert-16S-eDNA-F1	Vert-16S-eDNA-R1	https://doi.org/10.1007/s12686-016-0550-y	Paired	NovaSeq6000	TTTTACTACTATTGGCTGTGCCTGTGTTGGGTGGTGCCATTACCATGCTGTTGACCGACCGTAACTTCGGCACAAACTTTTTCAACCCTGCTGGCGGTGGTGACCCGGTATTGTATCAGCACCTGTTCTGATTCTTCGGCCACCCCGAAG	asv.959_EE0528
16S	AGACGAGAAGACCCYdTGGAGCTT	GATCCAACATCGAGGTCGTAA	Vert-16S-eDNA-F1	Vert-16S-eDNA-R1	https://doi.org/10.1007/s12686-016-0550-y	Paired	NovaSeq6000	TAGACACCAAAGCAGACCATGTTAATTATCCCTAAACAAAGGACTAAACAATATTGAACCCTGCCCTAATGTCTTCGGTTGGGGCGACCACGGAGAAATAAAAAACCCCCGCGTGGAATAGGGATACTATCCTGACAATCGCGAGCCTCCGCTCTACTAAACAGAACCTCTGACCTTTTAGATCCGGCAATGCCGACCAACGGACCAAGTTACCCTAGGGATAACAGCGCAATCCCCTTTTAGAGCCCATATCGACAAGGGGGT	asv.96_EE0526
16S	AGACGAGAAGACCCYdTGGAGCTT	GATCCAACATCGAGGTCGTAA	Vert-16S-eDNA-F1	Vert-16S-eDNA-R1	https://doi.org/10.1007/s12686-016-0550-y	Paired	NovaSeq6000	CGCCGTTGGGCCTTGGGTTCTCAAAGCGTGTTAAACAGCCTGGAGACTATTTGGCTCTAGGATAATAAATGAAGTAACCACGCTTTGTGCCGGGAGTAATCAATTTGGGCCTCTGGTATAACCGCGGTGGCTGGCACGAGATTTACCAAC	asv.960_EE0528
16S	AGACGAGAAGACCCYdTGGAGCTT	GATCCAACATCGAGGTCGTAA	Vert-16S-eDNA-F1	Vert-16S-eDNA-R1	https://doi.org/10.1007/s12686-016-0550-y	Paired	NovaSeq6000	AGCATCTCTTTTATTAATTTTTGATAGAAGTTTTGGCACAGCATTTTACCTTTCTGATATTATGATTCAAGGTGAAATACTGACTCAAACAGGTGGGTCTCCTATTTTATTTCAACATCTTTTTTGGTTCTTTGGCCATCCCGAAGTCTA	asv.961_EE0528
16S	AGACGAGAAGACCCYdTGGAGCTT	GATCCAACATCGAGGTCGTAA	Vert-16S-eDNA-F1	Vert-16S-eDNA-R1	https://doi.org/10.1007/s12686-016-0550-y	Paired	NovaSeq6000	CAGTTAATAACATGGTAATTGCACCAGCTAAAACAGGTAATGATAATAATAGTAAAATAGCAGTAATAAATACAGCTCAAACAAATAAAGGAATTCTATGCATTTTTAAACCAGGAACTCTCATGTTTAATACAGTTGTAATGAAATTCA	asv.962_EE0528
16S	AGACGAGAAGACCCYdTGGAGCTT	GATCCAACATCGAGGTCGTAA	Vert-16S-eDNA-F1	Vert-16S-eDNA-R1	https://doi.org/10.1007/s12686-016-0550-y	Paired	NovaSeq6000	CAAGCAATAACATTGTTATTGCGCCTGCTAAAACTGGTAATGATAGAAGTAACAGAAAGGCGGTTATAAAAATGGCCCAAACAAATAATGGCATTCTATGAAATGCTAAACTGTTAGATCTCATATTTGTAATAGTAACGATAAAATTAA	asv.963_EE0528
16S	AGACGAGAAGACCCYdTGGAGCTT	GATCCAACATCGAGGTCGTAA	Vert-16S-eDNA-F1	Vert-16S-eDNA-R1	https://doi.org/10.1007/s12686-016-0550-y	Paired	NovaSeq6000	TATTATTATTATTATCTTTACCTGTTTTAGCAGGTGGGATTACAATGTTATTATTAGACCGTAACTTAAATACAACATTCTACGAATATTATGGTGGTGGAGACCCTGTATTATACCAACACTTATTTTGATTCTTCGGCCACCCCGAAG	asv.964_EE0528
16S	AGACGAGAAGACCCYdTGGAGCTT	GATCCAACATCGAGGTCGTAA	Vert-16S-eDNA-F1	Vert-16S-eDNA-R1	https://doi.org/10.1007/s12686-016-0550-y	Paired	NovaSeq6000	TCTACTGCTATTATCACTACCCGTCCTTGCTGCCGGCATCACCATGCTCCTTACAGACCGAAACTTAAACACAACCTTCTTCGACCCCGCAGGCGGCGGCGATCCTATCCTGTACCAGCACTTGTTCTGATTTTTCGGCCACCCCGAGGT	asv.965_EE0528
16S	AGACGAGAAGACCCYdTGGAGCTT	GATCCAACATCGAGGTCGTAA	Vert-16S-eDNA-F1	Vert-16S-eDNA-R1	https://doi.org/10.1007/s12686-016-0550-y	Paired	NovaSeq6000	CTTATTAGTACTAGCATTACCTGTACTAGGTGGAGCAATCACAATGCTACTTACTGACAGAAATTTTGGCACAGCATTCTTTGATCCTGCTGGCGGAGGTGACCCAGTATTTTACCAGCATTTATTCTGATTTTTCGGCCACCCCGAAGT	asv.966_EE0528
16S	AGACGAGAAGACCCYdTGGAGCTT	GATCCAACATCGAGGTCGTAA	Vert-16S-eDNA-F1	Vert-16S-eDNA-R1	https://doi.org/10.1007/s12686-016-0550-y	Paired	NovaSeq6000	TTTGTTAGCCTTTTCTCTTCCAGTCTTGGCGGCAGCTTTGACTATATTGTTGACCGATCGTAATTTTAATTCTACTTTTTTTGATCCTGTGGGAGGAGGTGACCCTATTTTGTATCAACATTTGTTTTGATTCTTCGGCCATCCCGAGGT	asv.967_EE0539
16S	AGACGAGAAGACCCYdTGGAGCTT	GATCCAACATCGAGGTCGTAA	Vert-16S-eDNA-F1	Vert-16S-eDNA-R1	https://doi.org/10.1007/s12686-016-0550-y	Paired	NovaSeq6000	AACATTTAATTATATTCTTACTAACGAATATTCCAATATTCGCATATGCTGATACTACACTTGTGGCGGAATACCAGATGACTATGGATGGCGACTCCGCTGTCTTTTTCCGCATCCAAGGTGGAGATGGCGAGGTTTTTATTGGAAATA	asv.968_EE0539
16S	AGACGAGAAGACCCYdTGGAGCTT	GATCCAACATCGAGGTCGTAA	Vert-16S-eDNA-F1	Vert-16S-eDNA-R1	https://doi.org/10.1007/s12686-016-0550-y	Paired	NovaSeq6000	TAGACACCAAAGCAGACCATGTTAATTACCCCTAGACAAAGGCCCGAACAATATTGAACCCTGCCCTAATGTCTTCGGTTGGGGCGACCACGGAGAAATAAAAAACCCCCGCGTGGAATAGGGATACTATCCCCACAGTCACGAGCTTCCGCTCTATCAAACAGAACCTCTGACCAACCAGATCCGGCAATGCCGACCAACGGACCAAGTTACCCTAGGGATAACAGCGCAATCCCCTTTTAGAGCCCATATCGACAAGGGGGT	asv.109_EE0526
16S	AGACGAGAAGACCCYdTGGAGCTT	GATCCAACATCGAGGTCGTAA	Vert-16S-eDNA-F1	Vert-16S-eDNA-R1	https://doi.org/10.1007/s12686-016-0550-y	Paired	NovaSeq6000	TAGACAAAAAATGGCCCCTGTATATAAACCTTAAAAAGTTAAAACAAAAGGCACCCCATTCTTATGTCTTTGGTTGGGGCGACCGCGGGGAAATATAAAACCCCCATGTGGTATTTGAAAATACTTCTTTAAACCTAGAGTGGCAACTCAAAGGAACAGAAATTCTGACCTAATATGACCCGGCACATTTCTGCCGATCAACGAAACTAGTTACCCCAGGGATAACAGCGCAATCCTCTCCCAGAGTCCATATCGACAAGAGGGT	asv.112_EE0528
16S	AGACGAGAAGACCCYdTGGAGCTT	GATCCAACATCGAGGTCGTAA	Vert-16S-eDNA-F1	Vert-16S-eDNA-R1	https://doi.org/10.1007/s12686-016-0550-y	Paired	NovaSeq6000	TAGACTTCGGAACAGGTCATGTCAATTACCTCCTTAAACAAGTAATAACTATTGAACCTCTGTCTCCTGTCTTTGGTTGGGGCGACCACGGGGAAGAAAAAAACCCTCATGTGGACTGGGAGCACCCTCCTCCCACAACCATGAGCCACAGCTCTAATGCACAGAATTTCTGACCATAAGATCCGGCAAAGCCGATCAACGAACCGAGTTACCCTAGGGATAACAGCGCAATCCCCTTTAAGAGTCCATATCGACAAGGGGGT	asv.118_EE0526
16S	AGACGAGAAGACCCYdTGGAGCTT	GATCCAACATCGAGGTCGTAA	Vert-16S-eDNA-F1	Vert-16S-eDNA-R1	https://doi.org/10.1007/s12686-016-0550-y	Paired	NovaSeq6000	GAGACACCAAAGCAGCCTTTGCCACAAGGCCTAGTTAAAGGCTAGTGAACTTCAACCCCCCTGCTTTAATGTCTTTGGTTGGGGCGACCGCGGAGTAGCATAAAACCTCCACGAAGATTGCAAGCATACGCTTTCTACAACCATGAGCGCCAGCTCTAAGTGCCAGAACATCTGTCTTAAACTCGATCCGGTCAGACCGATCAACGGACCCAGTTACCCCAGGGATAACAGCGCAATCCTCTTTTAGAGCCCATATCGACAAGAGGGT	asv.131_EE0526
16S	AGACGAGAAGACCCYdTGGAGCTT	GATCCAACATCGAGGTCGTAA	Vert-16S-eDNA-F1	Vert-16S-eDNA-R1	https://doi.org/10.1007/s12686-016-0550-y	Paired	NovaSeq6000	TAGACAACAGAGCAGACCATGTTAACACCCTCCCATTAAGAAGAAGAACTAATTGGATCCTGCCCTAATGTTTTTGGTTGGGGCGACCGCGGGGAAACAAAAATCCCCCACGTGGAATAGGAGCACCCCTCCTACAACCAAGAGCTACAGCTCTAAGCAACAGAAATTCTGACCATCAAGATCCGGCAACGCCGATCAACGAACCGAGTTACCCCAGGGATAACAGCGCAATCCTCTTTTAGAGCCCATATCGACAAGGGGGT	asv.152_EE0526
16S	AGACGAGAAGACCCYdTGGAGCTT	GATCCAACATCGAGGTCGTAA	Vert-16S-eDNA-F1	Vert-16S-eDNA-R1	https://doi.org/10.1007/s12686-016-0550-y	Paired	NovaSeq6000	CAGACACTAAAACAGCTCATGTTAAAAACCCTCACAAAAGAGGCCAAACTAGATGACCCCTGTCCTAATGTCTTTGGTTGGGGCGACCACGGGGCAATAAAAAACCCCCGCGCGGAACAGAAACACTGTTTCCAGAACCAAGAGCACCCGCTCTAAGTAACAAGACCCACTTGACCTTTGAGATCCGGCACAAGCCGATCAACGGACCGAGTTACCCTAGGGATAACAGCGCAATCTTCTTCGAGAGCTCATATCGACGAGAAGGT	asv.154_EE0526
16S	AGACGAGAAGACCCYdTGGAGCTT	GATCCAACATCGAGGTCGTAA	Vert-16S-eDNA-F1	Vert-16S-eDNA-R1	https://doi.org/10.1007/s12686-016-0550-y	Paired	NovaSeq6000	TAGACACCAAGACAGCTTACGTCAAGAACCTTATACAAAAGATTGAACTACATAAATCCTGTCCTAATGTCTTCGGTTGGGGCGACCCTGGGGAGATAAATAACCCCCATGAGGACTGGAGAGATATCTCCAAAACTAAGAGCTTCCGCTCTAAGAAGCAGAACTTCTGACCGCAAGATCCGGCAGCGCCGATCAACGGACCGAGTTACCCTAGGGATAACAGCGCAATCCCCTTCTAGAGCCCCTATCGACAAGGGGGT	asv.164_EE0526
16S	AGACGAGAAGACCCYdTGGAGCTT	GATCCAACATCGAGGTCGTAA	Vert-16S-eDNA-F1	Vert-16S-eDNA-R1	https://doi.org/10.1007/s12686-016-0550-y	Paired	NovaSeq6000	TAGACAAAGAATGGAGCCTGTAAAGAAAATACTTAATAAAACAAAAGGATCCCCATTATTATGTCTTTGGTTGGGGCGACCGCGGGGTAACGAAAAACCCCCATGTGGTATTTGAAAAATATTCTTTAAACTAAGAGTGGCAACTCAAAGAAACAGAATGTCTGACCTAAAATGACCCGGTATACTATTTACCGATCAACGAAACTAGTTACCCCAGGGATAACAGCGCAATCCTCTCCCAGAGTCCATATCGACGAGAGGGT	asv.166_EE0526
16S	AGACGAGAAGACCCYdTGGAGCTT	GATCCAACATCGAGGTCGTAA	Vert-16S-eDNA-F1	Vert-16S-eDNA-R1	https://doi.org/10.1007/s12686-016-0550-y	Paired	NovaSeq6000	TAGACAAAAGACAGACCATGTTAAGCACCCTCAAATAAGAGACCAAACTTGATGTTTACTGCCCTAATGTCTTTGGTTGGGGTGACCGCGGCGAAATAAATGACCCCCGTGTAGAAAGAGGGCTCACTCCCTTCGAATCAAGAGCTTCCGCTCAAATAAACAGAACATCTGACTAAATAAGATCCGGCAACGCCGATCAACGGACCGAGTTACCCTAGGGATAACAGCGCAATCCCCTTCTAGAGCCCATATCGACAAGGGGGT	asv.171_EE0526
16S	AGACGAGAAGACCCYdTGGAGCTT	GATCCAACATCGAGGTCGTAA	Vert-16S-eDNA-F1	Vert-16S-eDNA-R1	https://doi.org/10.1007/s12686-016-0550-y	Paired	NovaSeq6000	TAGACACCAAGGCAGGTCATGTTAAGAACCACTAAGCTAAAAGACTAAACAAGATGAACACTGCCCACATGTCTTTGGTTGGGGCGACCGTGGGGAAACAAACAACCCCCATGTGGACCGGGAGAACTTCTCCTAAAAGCAAGAACCGCAGTTCTAACTAACAGAACTTCTGACCTTTAAGATCCGGCTTACGCCGATCAACGGACCGAGTTACCCTAGGGATAACAGCGCAATCCCCTTTGAGAGCCCATATCGATGAGGGGGT	asv.193_EE0528
16S	AGACGAGAAGACCCYdTGGAGCTT	GATCCAACATCGAGGTCGTAA	Vert-16S-eDNA-F1	Vert-16S-eDNA-R1	https://doi.org/10.1007/s12686-016-0550-y	Paired	NovaSeq6000	CAGACAAAAGAACAGACTATGTCAAAACCCCCAGACAAGGAAAAGAACCAATTAGACCCTGTCCTAATGTCTTCGGTTGGGGCGACCGCGGGGAAATGAAAATCCCCCATGTGGAATAGAGCCACACCTTCTACAACCGAGAGTAACAACTCTAAGCAACAGAAATTCTGACCATTATGATCCGGCACCGCCGATCAACGGAACGAGTTACCCCAGGGATAACAGCGCAATCCTCTTTTAGAGCCCATATCGACAAGAGGGT	asv.199_EE0526
16S	AGACGAGAAGACCCYdTGGAGCTT	GATCCAACATCGAGGTCGTAA	Vert-16S-eDNA-F1	Vert-16S-eDNA-R1	https://doi.org/10.1007/s12686-016-0550-y	Paired	NovaSeq6000	TAGACACTAAGCCAGATCACGTCAAATACACCCACTAAAGGATCGAACTTACTGCAACCTGGCCTGATGTCTTTGGTTGGGGCGACCTCGGGGAAGCAAAAAACCCCCGCGTGGAATGGAAGAACTCTGCTTCCAGAACCAAGAGCCACCGCTCAAATTAACAGAATTTCTGACCAATTACAGATCCGGCTCAACGCCGATCAACGGACCGAGTTACCCCAGGGATAACAGCGCAATCCTCTTTTAGAGCCCATATCGACAAGAGGGT	asv.208_EE0528
16S	AGACGAGAAGACCCYdTGGAGCTT	GATCCAACATCGAGGTCGTAA	Vert-16S-eDNA-F1	Vert-16S-eDNA-R1	https://doi.org/10.1007/s12686-016-0550-y	Paired	NovaSeq6000	TAGACAATAAATAGCACCTGTAAAGACTAGCTTGCAACGTAAAACAAAATGTATTTCTATTTTACATGTCTTCGGTTGGGGCGACCGCGGGGAATACAAAACCCCCACGTGGAACAAGAACTCCATCTTTAAACTGAGAGCTACACCTCTAAGGAACAGAATCTCTGACCAGAATGATCCGGCGGCAACCCCGCCGATCAACGGAACTAGTTACCCCAGGGATAACAGCGCAATCCTCTCCCAGAGCCCATATCGACGAGGGGGT	asv.214_EE0526
16S	AGACGAGAAGACCCYdTGGAGCTT	GATCCAACATCGAGGTCGTAA	Vert-16S-eDNA-F1	Vert-16S-eDNA-R1	https://doi.org/10.1007/s12686-016-0550-y	Paired	NovaSeq6000	TAGACCAAAAATAGCGCTTGTAAAGAAAACTAAATGTAAAAACAGAAAGCCTGTCTATTTTATGTGTCTTCGGTTGGGGCGACCGCGGGGTAGCAATAAAACCACCATGTGGAAAATGAACACCCTTCTTTAAGCCGAGAGTGACAGCTCAAAGTAACAGAACATCTGACCTAAATTGACCCGGGCTAACCGATCAACGAAAACAGTTACCCCAGGGATAACAGCGCAATCCTCTTCCAGAGCCCATATCGACAAGAGGGT	asv.232_EE0528
16S	AGACGAGAAGACCCYdTGGAGCTT	GATCCAACATCGAGGTCGTAA	Vert-16S-eDNA-F1	Vert-16S-eDNA-R1	https://doi.org/10.1007/s12686-016-0550-y	Paired	NovaSeq6000	TAGACCAAAAATAGCGCTTGTAAAGAAAACTAAATGTAAAAACAGAAAGCCTGTCTATTTTATGTGTCTTCGGTTGGGGCGACCGCGGGGTAGCAATAAAACCCCCATGTGGAAAATGAACACCCTTCTTTAAGCCGAGAGTGACAGCTCAAAGTAACAGAACATCTGACCTAAATTGACCCGGGCTAACCGATCAACGAAAACAGTTACCCCAGGGAGAACAGCGCAATCCTCTTCCAGAGCCCATATCGACAAGAGGGT	asv.240_EE0526
16S	AGACGAGAAGACCCYdTGGAGCTT	GATCCAACATCGAGGTCGTAA	Vert-16S-eDNA-F1	Vert-16S-eDNA-R1	https://doi.org/10.1007/s12686-016-0550-y	Paired	NovaSeq6000	TAGACACCAAAGCAGACCATGTTAATTATCCCTAAACAAGGGACTAAACAATATTGAACCCTGCCCTAATGTCTTCGGTTGGGGCGACCACGGAGAAATAAAAAACCCCCGCGTGGAATAGGGATACTATCCTGACAATCACGAGCCTCCGCTCTACTAAACAGAACCTCTGACCTTTTAGATCCGGCAATGCCGACCAACGGACCAAGTTACCCTAGGGATAACAGCGCAATCCCCTTTTAGAGCCCATATCGACAAGGGGGT	asv.251_EE0526
16S	AGACGAGAAGACCCYdTGGAGCTT	GATCCAACATCGAGGTCGTAA	Vert-16S-eDNA-F1	Vert-16S-eDNA-R1	https://doi.org/10.1007/s12686-016-0550-y	Paired	NovaSeq6000	TAGTTGAAAAATTTTTGTAAAATTTAACGGCTTTAGTTGGGGCAACTATTTTTAAAATATAAAACAAGAATATAGTATTTATAATTTAAGTTTACTGTTGACCCTTAAATTTAAGAGAAATAAAACAAGTTACCATGGGGATAACAGCGTAATTTTTTTTGAGAGTTCTTATTGACAAAGAAGTTTACGACCTCGATGTTGGATC	asv.298_EE0526
16S	AGACGAGAAGACCCYdTGGAGCTT	GATCCAACATCGAGGTCGTAA	Vert-16S-eDNA-F1	Vert-16S-eDNA-R1	https://doi.org/10.1007/s12686-016-0550-y	Paired	NovaSeq6000	GGTAAATCTCGTGCCAGCCACCGCGGTCACACGATTAACCCAAGTCAATAGAAGCCGGCGTAAAGAGTGTTTTAGATCACCCCCTCCCCAATAAAGCTAAAACTCACCTGAGTTGTAAAAAACTCCAGTTGACACAAAATAGACTACGAAAGTGGCTTTAACATATCTGAACACACAATAGCTAAGACCCAAACTGGGATTAGATACCCCACTATG	asv.317_EE0528
16S	AGACGAGAAGACCCYdTGGAGCTT	GATCCAACATCGAGGTCGTAA	Vert-16S-eDNA-F1	Vert-16S-eDNA-R1	https://doi.org/10.1007/s12686-016-0550-y	Paired	NovaSeq6000	GGTAAATCTCGTGCCAGCCACCGCGGTCACACGATTAACCCAAGTCAATAGAAGCCGGCGTAAAGAGTGTTTTAGATCACCCCCTCCCCAATAAAGCTAAAACTCACCTGAGTTGTAAAAAACTCCAGTTGACACAAAATAGACTACGAAAGTGGCTTTAACATATCTGAACACACAATAGCTAAGACCCAAACTGGGATTAGATACCCCACTATG	asv.317_EE0531
16S	AGACGAGAAGACCCYdTGGAGCTT	GATCCAACATCGAGGTCGTAA	Vert-16S-eDNA-F1	Vert-16S-eDNA-R1	https://doi.org/10.1007/s12686-016-0550-y	Paired	NovaSeq6000	TAGACGCTAGAACAGATCATATGAATTACTCCCATAAAATAAGTAACAACTAGTGAATTCTATTCCCCTGTCTTCGGTTGGGGCGACCATGGGGAAAAAAAACCCCCCACGTGGACCAGGAGCTGAAATACTCCCACAACCATGAGCCACACCTCTAATGCACAAAACCTTTGACCTTTAGATCCGGCAAAGCCGATTAACGGACCAAGTTACCCTAGGGATAACAGCGCAATCCCCTTTAAGAGTCCCTATCGACAAGGGGGT	asv.319_EE0524
16S	AGACGAGAAGACCCYdTGGAGCTT	GATCCAACATCGAGGTCGTAA	Vert-16S-eDNA-F1	Vert-16S-eDNA-R1	https://doi.org/10.1007/s12686-016-0550-y	Paired	NovaSeq6000	CAGACAAAAGAACAGACTATGTCAAAGCCCCCAGACAAGGAAAAGAACCAATTAGACCCTGTCCTAATGTCTTTGGTTGGGGCGACCGCGGGGTAGCAATAAAACCCCCATGTGGAAAATGAACACCCTTCTTTAAGCCGAGAGTGACAGCTCAAAGTAACAGAACATCTGACCTAAATTGACCCGGGCTAACCGATCAACGAAACCAGTTACCCCAGGGATAACAGCGCAATCCTCTTCCAGAGCCCATATCGACAAGAGGGT	asv.320_EE0526
16S	AGACGAGAAGACCCYdTGGAGCTT	GATCCAACATCGAGGTCGTAA	Vert-16S-eDNA-F1	Vert-16S-eDNA-R1	https://doi.org/10.1007/s12686-016-0550-y	Paired	NovaSeq6000	CAGACAAAAGAACAGACTATGTCAAAGCCCCCAGACAAGGAAAAGAACCAATTAGACCCTGTCCTAATGTCTTTGGTTGGGGCGACCGCGGGGTAGCAATAAAACCCCCATGTGGAAAATGAACACCCTTCTTTAAGCCGAGAGTGACAGCTCAAAGTAACAGAACATCTGACCTAAATTGACCCGGGCTAACCGATCAACGAAAACAGTTACCCCAGGGATAACAGCGCAATCCTCTTCCAGAGCCCATATCGACAAGAGGGT	asv.334_EE0526
16S	AGACGAGAAGACCCYdTGGAGCTT	GATCCAACATCGAGGTCGTAA	Vert-16S-eDNA-F1	Vert-16S-eDNA-R1	https://doi.org/10.1007/s12686-016-0550-y	Paired	NovaSeq6000	GTTGGTAAATCTCGTGCCAGCAGCCGCGGTAATACGGGAGGGGCAAGCGTTATCCGAAATGACTGGGCGTAAAGAGTCCGTAGACTGTACTGTAAGTTATTTGTTAAATCCTAAAGCTCAACTTTAGAACAGCTTATAATACTACTTTACTTGAGTTTTGTTCAGAAGAGTAGAATTCCATGTTTAGGGATAAGCCCCGT	asv.343_EE0524
16S	AGACGAGAAGACCCYdTGGAGCTT	GATCCAACATCGAGGTCGTAA	Vert-16S-eDNA-F1	Vert-16S-eDNA-R1	https://doi.org/10.1007/s12686-016-0550-y	Paired	NovaSeq6000	GTTGGTAAATCTCGTGCCAGCAGCCGCGGTAATACGGAGGGTGCGAGCGTTAATCGGAATTACTGGGCGTAAAGCGCATGCAGGTGGTTTGTTAAGTCAGATGTGAAAGCCCGGGGCTCAACCTCGGAATAGCATTTGAAACTGGCAGACTAGAGTACTGTAGAGGGGGTAGAATTTCAGGTGTAGCGGTGAAATGCGTA	asv.349_EE0541
16S	AGACGAGAAGACCCYdTGGAGCTT	GATCCAACATCGAGGTCGTAA	Vert-16S-eDNA-F1	Vert-16S-eDNA-R1	https://doi.org/10.1007/s12686-016-0550-y	Paired	NovaSeq6000	GTCGGTAAAACTCGTGCCAGCAGCCGCGGTAATACGGAGGGTGCAAGCGTTAATCGGAATTACTGGGCGTAAAGCGCACGCAGGCGGTCTGTCAAGTCGGATGTGAAATCCCCGGGCTCAACCTGGGAACTGCATTCGAAACTGGCAGGCTAGAGTCTTGTAGAGGGGGTAGAATTCCAGGTGTAGCGGTGAAATGCGTA	asv.371_EE0539
16S	AGACGAGAAGACCCYdTGGAGCTT	GATCCAACATCGAGGTCGTAA	Vert-16S-eDNA-F1	Vert-16S-eDNA-R1	https://doi.org/10.1007/s12686-016-0550-y	Paired	NovaSeq6000	GTCGGTAAAACTCGTGCCAGCAGCCGCGGTAATACGGAGGGTGCAAGCGTTAATCGGAATTACTGGGCGTAAAGCGCACGCAGGCGGTCTGTCAAGTCGGATGTGAAATCCCCGGGCTCAACCTGGGAACTGCATTCGAAACTGGCAGGCTAGAGTCTTGTAGAGGGGGTAGAATTCCAGGTGTAGCGGTGAAATGCGTA	asv.371_EE0526
16S	AGACGAGAAGACCCYdTGGAGCTT	GATCCAACATCGAGGTCGTAA	Vert-16S-eDNA-F1	Vert-16S-eDNA-R1	https://doi.org/10.1007/s12686-016-0550-y	Paired	NovaSeq6000	GGGTTGGTAAATTTCGTGCCAGCCACCGCGGTCACACGATTAACCCAAGTCAATAGAAGCCGGCGTAAAGAGTGTTTTAGATCACCCCCTCCCCAATAAAGCTAAAACTCACCTGAGTTGTAAAAAACTCCAGTTGACACAAAATAGACTACGAAAGTGGCTTTAACATATCTGAACACACAATAGCTAAGACCCAAACT	asv.377_EE0531
16S	AGACGAGAAGACCCYdTGGAGCTT	GATCCAACATCGAGGTCGTAA	Vert-16S-eDNA-F1	Vert-16S-eDNA-R1	https://doi.org/10.1007/s12686-016-0550-y	Paired	NovaSeq6000	GCTCCAGCTAAGACAGGTAAAGCTAATACTAATAATATTGTTGTTAATAAAATAGATCAAACAAATAACGGTAATCTATCCATAGTCATCCCTGGTGCTCTCATATTTAAAATTGTGGTTATAAAATTTATGGAGCTTAATATAGAAGAAATTCCGGCTAAATGAAGGCTAAATATTGCCATATCCACTGAGCCCCCGGA	asv.380_EE0528
16S	AGACGAGAAGACCCYdTGGAGCTT	GATCCAACATCGAGGTCGTAA	Vert-16S-eDNA-F1	Vert-16S-eDNA-R1	https://doi.org/10.1007/s12686-016-0550-y	Paired	NovaSeq6000	AGTGAGGTATCTAATCTCAGTTTGTTTCACAGCTTTCGTGGGGTCGGGTATTTTAAAGCCACTTTCGTAGTTGGGCTTCATACCTCCGAGAACGTATAACGGTTTTGGGGGCGTTCGGCTTTAGTGTTATTAGGGCTAACTTAACCACTCTTTACGCCGATAACTATCAACTTGGGCCTCTCGTATAACCGCGGTGGCTG	asv.388_EE0526
16S	AGACGAGAAGACCCYdTGGAGCTT	GATCCAACATCGAGGTCGTAA	Vert-16S-eDNA-F1	Vert-16S-eDNA-R1	https://doi.org/10.1007/s12686-016-0550-y	Paired	NovaSeq6000	GGGTTGGTTAATTTCGTGCCAGCCGCGGTAATACGGAGGGTGCGAGCGTTAATCGGAATTACTGGGCGTAAAGCGCATGCAGGTGGTTTGTTAAGTCAGATGTGAAAGCCCGGGGCTCAACCTCGGAATAGCATTTGAAACTGGCAGACTAGAGTACTGTAGAGGGGGGTAGAATTTCAGGTGTAGCGGTGAAATGCGTA	asv.393_EE0528
16S	AGACGAGAAGACCCYdTGGAGCTT	GATCCAACATCGAGGTCGTAA	Vert-16S-eDNA-F1	Vert-16S-eDNA-R1	https://doi.org/10.1007/s12686-016-0550-y	Paired	NovaSeq6000	GGGTTGGTTAATTTCGTGCCAGCCGCGGTAATACGGAGGGTGCGAGCGTTAATCGGAATTACTGGGCGTAAAGCGCATGCAGGTGGTTTGTTAAGTCAGATGTGAAAGCCCGGGGCTCAACCTCGGAATAGCATTTGAAACTGGCAGACTAGAGTACTGTAGAGGGGGGTAGAATTTCAGGTGTAGCGGTGAAATGCGTA	asv.393_EE0531
16S	AGACGAGAAGACCCYdTGGAGCTT	GATCCAACATCGAGGTCGTAA	Vert-16S-eDNA-F1	Vert-16S-eDNA-R1	https://doi.org/10.1007/s12686-016-0550-y	Paired	NovaSeq6000	GGGTTGGTTAATTTCGTGCCAGCCGCGGTAATACGGAGGGTGCGAGCGTTAATCGGAATTACTGGGCGTAAAGCGCATGCAGGTGGTTTGTTAAGTCAGATGTGAAAGCCCGGGGCTCAACCTCGGAATAGCATTTGAAACTGGCAGACTAGAGTACTGTAGAGGGGGGTAGAATTTCAGGTGTAGCGGTGAAATGCGTA	asv.393_EE0526
16S	AGACGAGAAGACCCYdTGGAGCTT	GATCCAACATCGAGGTCGTAA	Vert-16S-eDNA-F1	Vert-16S-eDNA-R1	https://doi.org/10.1007/s12686-016-0550-y	Paired	NovaSeq6000	GTCGGTAAACTCGTGCCAGCAGCCGCGGTAATACGAAAGGGGCTAGCGTTGTTCGGATTTACTGGGCGTAAAGGGCACGCAGGCGGTCTTGCCAGTCAGGGGTGAAAGCCCGGGGCTCAACCCCGGAACTGCCTCTGATACTGCAAGACTAGAGACTAGGAGAGGGTGGTGGAATTCCCAGTGTAGAGGTGAAATTCGTA	asv.408_EE0528
16S	AGACGAGAAGACCCYdTGGAGCTT	GATCCAACATCGAGGTCGTAA	Vert-16S-eDNA-F1	Vert-16S-eDNA-R1	https://doi.org/10.1007/s12686-016-0550-y	Paired	NovaSeq6000	GTTGGTAAATCTCGTGCCAGCCACCGCGGTTATACGAGAGGTCCAAGTTGATAGCCATCGGCGTAAAGAGTGGTTAAGAGAAAACCAAAACTAAAGCTGAACACTCTCAAAACTGTTATACGTTCCCGAGAGCATGAAGCCCCCCTACGAAAGTGGCTTTAACCCTTCTGAATCCACGAAAGCTAGGAAACAAACTGGGA	asv.442_EE0528
16S	AGACGAGAAGACCCYdTGGAGCTT	GATCCAACATCGAGGTCGTAA	Vert-16S-eDNA-F1	Vert-16S-eDNA-R1	https://doi.org/10.1007/s12686-016-0550-y	Paired	NovaSeq6000	GGGTTGGTAAATTTCGTGCCAGCAGCCGCGGTAATACGAAGGGGGCGAGCGTTGTTCGGAATTACTGGGCGTAAAGGGAGCGCAGGCGGTTCATTCAGTTAGGCGTGAAATCCCCGGGCTCAACCTGGGAACTGCGCTTAATACTGATGAGCTAGAAAACAGGAGAGGGTAGTGGAATTTCCAGTGTAGAGGTGAAATTC	asv.450_EE0524
16S	AGACGAGAAGACCCYdTGGAGCTT	GATCCAACATCGAGGTCGTAA	Vert-16S-eDNA-F1	Vert-16S-eDNA-R1	https://doi.org/10.1007/s12686-016-0550-y	Paired	NovaSeq6000	GTCGGTAAAACTCGTGCCAGCAGCCGCGGTAAAACGAGAAGGGTTAGCGTTATTCGGATTAATTGGGCGTAAAGAATACGTAGATTGAAAATGAATTAAATAACTAAAAATTAATTTTAATATTAAAATGATTTATTAAAAACTTTTTCTCGAGTTTAGAAGAAGACTGTAGAACTTTAAATGTAACGGTAAAATGTATT	asv.458_EE0526
16S	AGACGAGAAGACCCYdTGGAGCTT	GATCCAACATCGAGGTCGTAA	Vert-16S-eDNA-F1	Vert-16S-eDNA-R1	https://doi.org/10.1007/s12686-016-0550-y	Paired	NovaSeq6000	AGTGAGGTATCTAATCTCAGTTTGTTTCCTAGCTTTCGTGGGTTCAGATCACATAAAGCCACTTTCGTGGTGGTTCTTCTTACCTCCGGAAGCGTATAACAGCTTTGGGGGCATTCGGCTTTAATAAATTAGACATCTTAACCACTCTTTACGCCGTAGGCTATCAACTTGGGCCTCTCGTATAACCGCGGTGGCTGGCA	asv.459_EE0526
16S	AGACGAGAAGACCCYdTGGAGCTT	GATCCAACATCGAGGTCGTAA	Vert-16S-eDNA-F1	Vert-16S-eDNA-R1	https://doi.org/10.1007/s12686-016-0550-y	Paired	NovaSeq6000	GGGTTGGTAAATTTCGTGCCAGCCACCGCGGTTATACGAGAGGCCCAAGTTGATAGGCACCGGCGTAAAGGGTGGTTAGGGATCCCTATAAAATAAAGCCGAATATCTTCAACGCTGTTATACGCCCCCGAAGATTCGAAGCCCCGTTACGAAAGTAGCTTTACCTTCCCCCGAACCCACGAAAGCCAGGGTACAAACTG	asv.465_EE0526
16S	AGACGAGAAGACCCYdTGGAGCTT	GATCCAACATCGAGGTCGTAA	Vert-16S-eDNA-F1	Vert-16S-eDNA-R1	https://doi.org/10.1007/s12686-016-0550-y	Paired	NovaSeq6000	GGGTTGGTTAATTTCGTGCCAGCCGCGGTAATACAGAGGATGCAAGCGTTATCCGGAATCACTGGGCATAAAGCGTCTGTAGGTGGTTTGGTAAGTCTGCTGTTAAAGACTGGGGCTCAACCCCAGAAAAGCAGTGGAAACTGCTAGACTTGAGTGTGGTAGAGGTAGAGGGAATTCCTAGTGTAGCGGTGAAATGCGTA	asv.466_EE0528
16S	AGACGAGAAGACCCYdTGGAGCTT	GATCCAACATCGAGGTCGTAA	Vert-16S-eDNA-F1	Vert-16S-eDNA-R1	https://doi.org/10.1007/s12686-016-0550-y	Paired	NovaSeq6000	GGGTTGGTAAATTTCGTGCCAGCCGCGGTAATACGGAGGGTGCGAGCGTTAATCGGAATTACTGGGCGTAAAGCGCATGCAGGCGGCTTGTTAAGCCAGATGTGAAAGCCCGGGGCTCAACCTCGGAATAGCATTTGGAACTGGCAGGCTAGAGTCTTGTAGAGGGGGGTAGAATTTCAGGTGTAGCGGTGAAATGCGTA	asv.481_EE0528
16S	AGACGAGAAGACCCYdTGGAGCTT	GATCCAACATCGAGGTCGTAA	Vert-16S-eDNA-F1	Vert-16S-eDNA-R1	https://doi.org/10.1007/s12686-016-0550-y	Paired	NovaSeq6000	GGGTTGGTAAATTTCGTGCCAGCCGCGGTAATACGGAGGGTGCGAGCGTTAATCGGAATTACTGGGCGTAAAGCGCATGCAGGCGGCTTGTTAAGCCAGATGTGAAAGCCCGGGGCTCAACCTCGGAATAGCATTTGGAACTGGCAGGCTAGAGTCTTGTAGAGGGGGGTAGAATTTCAGGTGTAGCGGTGAAATGCGTA	asv.481_EE0524
16S	AGACGAGAAGACCCYdTGGAGCTT	GATCCAACATCGAGGTCGTAA	Vert-16S-eDNA-F1	Vert-16S-eDNA-R1	https://doi.org/10.1007/s12686-016-0550-y	Paired	NovaSeq6000	GTCGGTAAACTCGTGCCAGCAGCCGCGGTAATACGAAGGGGGCTAGCGTTGTTCGGAATCACTGGGCGTAAAGCGCGCGTAGGCGGATTGATAAGTTAGGGGTGAAATCCCGAGGCTCAACCTCGGAACTGCCTTTGATACTGTCAGTCTTGAGTTCGAGAGAGGTGAGTGGAACTCCGAGTGTAGAGGTGAAATTCGTA	asv.487_EE0528
16S	AGACGAGAAGACCCYdTGGAGCTT	GATCCAACATCGAGGTCGTAA	Vert-16S-eDNA-F1	Vert-16S-eDNA-R1	https://doi.org/10.1007/s12686-016-0550-y	Paired	NovaSeq6000	GTCGGTAAACTCGTGCCAGCAGCCGCGGTAATACGAAGGGGGCTAGCGTTGTTCGGAATCACTGGGCGTAAAGCGCGCGTAGGCGGATTGATAAGTTAGGGGTGAAATCCCGAGGCTCAACCTCGGAACTGCCTTTGATACTGTCAGTCTTGAGTTCGAGAGAGGTGAGTGGAACTCCGAGTGTAGAGGTGAAATTCGTA	asv.487_EE0526
16S	AGACGAGAAGACCCYdTGGAGCTT	GATCCAACATCGAGGTCGTAA	Vert-16S-eDNA-F1	Vert-16S-eDNA-R1	https://doi.org/10.1007/s12686-016-0550-y	Paired	NovaSeq6000	GTCGGAAAACTCGTGCCAGCAGCCGCGGTAATACGGAGGGTGCGAGCGTTAATCGGAATTACTGGGCGTAAAGCGCATGCAGGCGGCCAAGTCAGTCAGGTGTGAAAGCCCCGGGCTTAACCTGGGAATTGCATTTGATACTGCTTGGCTAGAGTCCTTGAGAGGGGGGTAGAATTTCAGGTGTAGCGGTGAAATGCGTA	asv.505_EE0524
16S	AGACGAGAAGACCCYdTGGAGCTT	GATCCAACATCGAGGTCGTAA	Vert-16S-eDNA-F1	Vert-16S-eDNA-R1	https://doi.org/10.1007/s12686-016-0550-y	Paired	NovaSeq6000	GTCGGTAAAACTCGTGCCAGCAGCCGCGGTAATACGGGGGATGCAAGTGTTATCCGGAATTATTGGGCGTAAAGCGTCTGTAGGTGGTTTAATAAGTCTATTGTTAAAGCTTGAAACTTAACTTCAGAGATGCAGTAGAAACTGTTAAACTAGAGTATAATTGAGGTAGAAGGAATTTCCAGTGGAGTGGTGAAATGCGT	asv.512_EE0528
16S	AGACGAGAAGACCCYdTGGAGCTT	GATCCAACATCGAGGTCGTAA	Vert-16S-eDNA-F1	Vert-16S-eDNA-R1	https://doi.org/10.1007/s12686-016-0550-y	Paired	NovaSeq6000	AGTGAGGTATCTAATCTCAGTTTGTTCCCTAGCTTTCGTGGGTTCAGAAGGGTTAAAGCCACTTTCGTAGAAGGGCTTCTGGCTCTCGGGAACGTATAACAGTTTTGAGAGTGTTCAGCTTTAGTTTTGGTTTTCTCTTAACCACTCTTTACGCCGATGGCTATCAACTTGGACCTCTCGTATAACCGCGGTGGCTGGCA	asv.529_EE0526
16S	AGACGAGAAGACCCYdTGGAGCTT	GATCCAACATCGAGGTCGTAA	Vert-16S-eDNA-F1	Vert-16S-eDNA-R1	https://doi.org/10.1007/s12686-016-0550-y	Paired	NovaSeq6000	GTTGGTAAATCTCGTGCCAGCAGCCGCGGTAATACGAAAGGTGCAAGCGTTGTTCGGAATAACTGGGCGTAAAGCGCTCGTAGGCGGGACTTCAGGTCGATTGTGAAAGCCCAGGGCTCAACCTTGGAATTGCAGTCGAAACCGTCGTTCTTGAATACCTGAGAGGTGGGGGAATTCCTAGTGGAGAAGTGAAATTCGTA	asv.530_EE0526
16S	AGACGAGAAGACCCYdTGGAGCTT	GATCCAACATCGAGGTCGTAA	Vert-16S-eDNA-F1	Vert-16S-eDNA-R1	https://doi.org/10.1007/s12686-016-0550-y	Paired	NovaSeq6000	AGTGAGGTATCTAATCTCAGTTTGTATCATAGCTTTCGTGGGTTCATCTTGGTTAAAGCCACTTTCGTTGGGGGTCTTCCTACCTTCGGGTGCGTATAACGGCTTAGAAGGTGTTCGGCTTTAGTTTATATTCTACTAACCACTCTTTACGCCGGTTTTCGTCAACTTGGGCCTCTCGTATAACCGCGGTGGCTGGCACG	asv.533_EE0526
16S	AGACGAGAAGACCCYdTGGAGCTT	GATCCAACATCGAGGTCGTAA	Vert-16S-eDNA-F1	Vert-16S-eDNA-R1	https://doi.org/10.1007/s12686-016-0550-y	Paired	NovaSeq6000	AGTGAGGTATCTAATCTCAGTTTGTTTCGCAGCTTTCGTGGAGTCGGATATAGTTAAAGTTACTTTCGTAGTTGGGCTTCATACCTTCGGAAACGTATAACGGTCTTGAGGGCGTTCGGCTTTAGTTCTATTAGGATACTTAACCACTCTTTACGCCGGTATCTATCAGCTTGGGTCTTTCGTATAACCGCGGTGGCTGG	asv.539_EE0526
16S	AGACGAGAAGACCCYdTGGAGCTT	GATCCAACATCGAGGTCGTAA	Vert-16S-eDNA-F1	Vert-16S-eDNA-R1	https://doi.org/10.1007/s12686-016-0550-y	Paired	NovaSeq6000	AGTGAGGTATCTAATCTCAGTTTGTCCCTCAGCTTTCGTGGGGTCAGAAAAGTTAAAGCCACTTTCGTGGTGGGGCTTCTTGTCCTCGTAGCGTATAACAGCTTTGAGGGTATTCGGCTTTAGTGTACGGTCTTCCTAACCACTCTTTACGCCGGTGTCTAATCAACTCAGGCCTCTCGTATAACCGCGGTGGCTGGCAC	asv.552_EE0526
16S	AGACGAGAAGACCCYdTGGAGCTT	GATCCAACATCGAGGTCGTAA	Vert-16S-eDNA-F1	Vert-16S-eDNA-R1	https://doi.org/10.1007/s12686-016-0550-y	Paired	NovaSeq6000	TAGACACCAAGGCAGATCATGTTAAACACCCCTTCACAAAGGACTAAACCAGATGAACCCTGCCCTAATGTCTTTGGTTGGGGCGACCGCGGGGAAACAAAAAACCCCCACGTGGAATGGGAATACTCCTTCCTACAACTAAGAGCTCCCGCTCTAATGACCAGAACTTCTGACCAATCAGATCCGGCAACGCCGATCAACGAACCGAGTTACCCTAGGGATAACAGCGCAATCCCCTTTTAGAGCCCATATCGACAAGGGGGT	asv.56_EE0528
16S	AGACGAGAAGACCCYdTGGAGCTT	GATCCAACATCGAGGTCGTAA	Vert-16S-eDNA-F1	Vert-16S-eDNA-R1	https://doi.org/10.1007/s12686-016-0550-y	Paired	NovaSeq6000	CCTGTTAATATAGGTAATACAAATAGAAGTAAAGAAGAGGTGATTAAGAGTGAGTAAATAAATAATGGAATGAGTTTAAATGTGAGAGAATATGATTTTAAATTAATGGAAGTTATATAAAAGTTTAATGATGTTAGAATAGAAGAGATACCGGATAATAATAAACCTATAATAAGATAATATAAAGAACTAGGAGAAAG	asv.574_EE0526
16S	AGACGAGAAGACCCYdTGGAGCTT	GATCCAACATCGAGGTCGTAA	Vert-16S-eDNA-F1	Vert-16S-eDNA-R1	https://doi.org/10.1007/s12686-016-0550-y	Paired	NovaSeq6000	TTACCAAAGAGTCGCCTTCGCCACAGGTGTTCCTCCATATATCTACGGGGCTTATCCCTAAACATGGAATTCTACTCTTCTGAACAAAACTCAAGTAAAGTAGTATTATAAGCTGTTCTAAAGTTGAGCTTTAGGATTTAACAAATAACTTACAGTACAGTCTACGGACTCTTTACGCCCAGTCATTTCGGATAACGCTT	asv.575_EE0526
16S	AGACGAGAAGACCCYdTGGAGCTT	GATCCAACATCGAGGTCGTAA	Vert-16S-eDNA-F1	Vert-16S-eDNA-R1	https://doi.org/10.1007/s12686-016-0550-y	Paired	NovaSeq6000	AGTGAGGTATCTAATCTCAGTTTGTTTCACAGCTTTCGTGGGGTCAGGAATTTTAAAGCTACTTTCGTAGGGGTGCTTCTTATCCTCGAGTACGTATAACAGTTTTGAGGGGTTTTCGGCTTTAGTTGTATATTAACTTAACCACTCTTTACGCCGAATGCTTATCAACTCGGGCCTCTCGTATAACCGCGGTGGCTGGC	asv.576_EE0528
16S	AGACGAGAAGACCCYdTGGAGCTT	GATCCAACATCGAGGTCGTAA	Vert-16S-eDNA-F1	Vert-16S-eDNA-R1	https://doi.org/10.1007/s12686-016-0550-y	Paired	NovaSeq6000	AGTGAGGTATCTAATCTCCGTTTGGGTCTTAGCTGTTGCATCTTCAGGATATTAAAGGCACATTCATAGTATATTTTATTTCAGCTGGAGTTTTTTACAACTTAGACGGAGTTTAGCTTTATTGAGGGCAGACCTTAAGCACTGTTTTCACCAAGTTCAATTAGCTTGGGTTAATCGTATGGCTGCGGTGGCTGGCACGA	asv.584_EE0528
16S	AGACGAGAAGACCCYdTGGAGCTT	GATCCAACATCGAGGTCGTAA	Vert-16S-eDNA-F1	Vert-16S-eDNA-R1	https://doi.org/10.1007/s12686-016-0550-y	Paired	NovaSeq6000	GCCCCCGCTAAAACAGGTAAAGAAAGTAAAAGTAAGAAAGCTGTAATAAAGACGGCCCATACAAATAAAGGAGTTCTATTAGACGTCATGCCGGGGCACCTCATGTTCATAATAGTCACTATAAAATTTATAGCCCCTAGAATGGAAGAAACGCCAGCGATATGAAGACTAAAAATGGCTAAGTCAACAGAAGCCCCAGA	asv.600_EE0526
16S	AGACGAGAAGACCCYdTGGAGCTT	GATCCAACATCGAGGTCGTAA	Vert-16S-eDNA-F1	Vert-16S-eDNA-R1	https://doi.org/10.1007/s12686-016-0550-y	Paired	NovaSeq6000	GCCCCCGCTAAAACAGGTAAAGAAAGTAAAAGTAAGAAAGCTGTAATAAAGACGGCCCATACAAATAAAGGAGTTCTATTAGACGTCATGCCGGGGCACCTCATGTTCATAATAGTCACTATAAAATTTATAGCCCCTAGAATGGAAGAAACGCCAGCGATATGAAGACTAAAAATGGCTAAGTCAACAGAAGCCCCAGA	asv.600_EE0528
16S	AGACGAGAAGACCCYdTGGAGCTT	GATCCAACATCGAGGTCGTAA	Vert-16S-eDNA-F1	Vert-16S-eDNA-R1	https://doi.org/10.1007/s12686-016-0550-y	Paired	NovaSeq6000	GCTCCCGCAAGTACCGGTACTGCTAATAGAAGAAGTACAACAGTTACGAAAACACTTCATACGAATAAAGGCATTCGGTGAAGGCTAATTCCAGGAGCTCGCATGTTCATTACAGTTGTAATAAAGTTTACCGCTCCAAGAATTGAAGAAGCTCCTGCAACGTGAAGAGCAAAAATTGCACAATCAACTGCTCCTCCAGA	asv.601_EE0526
16S	AGACGAGAAGACCCYdTGGAGCTT	GATCCAACATCGAGGTCGTAA	Vert-16S-eDNA-F1	Vert-16S-eDNA-R1	https://doi.org/10.1007/s12686-016-0550-y	Paired	NovaSeq6000	GCTCCCGCAAGTACCGGTACTGCTAATAGAAGAAGTACAACAGTTACGAAAACACTTCATACGAATAAAGGCATTCGGTGAAGGCTAATTCCAGGAGCTCGCATGTTCATTACAGTTGTAATAAAGTTTACCGCTCCAAGAATTGAAGAAGCTCCTGCAACGTGAAGAGCAAAAATTGCACAATCAACTGCTCCTCCAGA	asv.601_EE0528
16S	AGACGAGAAGACCCYdTGGAGCTT	GATCCAACATCGAGGTCGTAA	Vert-16S-eDNA-F1	Vert-16S-eDNA-R1	https://doi.org/10.1007/s12686-016-0550-y	Paired	NovaSeq6000	TCTTCTTTTAGCTGTTCCTGTTTTGGGTGGAGCTATCACTATGCTACTTACTGACCGTAACTTTGGAACTACATTTTTTGATCCAGCTGGTGGAGGTGACCCTGTTCTTTTCCAACACCTTTTCTGATTCTTTGGCCACCCCGAAGTCTA	asv.618_EE0539
16S	AGACGAGAAGACCCYdTGGAGCTT	GATCCAACATCGAGGTCGTAA	Vert-16S-eDNA-F1	Vert-16S-eDNA-R1	https://doi.org/10.1007/s12686-016-0550-y	Paired	NovaSeq6000	TAGACAAAGAATGGAGCCTGTAAAGAAAATGCTTAATAAAACAAAAGGACCCCCATTATTATGTCTTTGGTTGGGGCGACCGCGGGGTAACGAAAAACCCCCATGTGGTATTTGAAAAATATTCTTTAAACTAAGAGTGGCAACTCAAAGAAACAGAATGTCTGACCTAAAATGACCCGGTATACTATTTACCGATCAACGAAACTAGTTACCCCAGGGATAACAGCGCAATCCTCTCCCAGAGTCCATATCGACGAGAGGGT	asv.62_EE0528
16S	AGACGAGAAGACCCYdTGGAGCTT	GATCCAACATCGAGGTCGTAA	Vert-16S-eDNA-F1	Vert-16S-eDNA-R1	https://doi.org/10.1007/s12686-016-0550-y	Paired	NovaSeq6000	ATTATTACTATCTTTACCAGTTTTAGCAGGTGCTATTACTATGTTATTAACAGATCGTAATTTTAACACAACATTTTTTGATCCTGCAGGAGGAGGTGATCCTGTGTTATATCAACATTTATTCTGATTCTTCGGCCACCCCGAAGTCTA	asv.622_EE0524
16S	AGACGAGAAGACCCYdTGGAGCTT	GATCCAACATCGAGGTCGTAA	Vert-16S-eDNA-F1	Vert-16S-eDNA-R1	https://doi.org/10.1007/s12686-016-0550-y	Paired	NovaSeq6000	ATTATTACTATCTTTACCTGTTTTAGCAGGTGCAATAACTATGTTATTAACAGATAGAAACTTCAATACTAGCTTCTTTGATCCTGCTGGTGGTGGTGATCCTATATTATATCAGCATTTATTCTGATTCTTTGGCCACCCCGAAGTCTA	asv.628_EE0524
16S	AGACGAGAAGACCCYdTGGAGCTT	GATCCAACATCGAGGTCGTAA	Vert-16S-eDNA-F1	Vert-16S-eDNA-R1	https://doi.org/10.1007/s12686-016-0550-y	Paired	NovaSeq6000	TCTACGCATTTCACCGCTACACCTGGAATTCTACCCCCCTCTACAAGACTCTAGCCTGCCAGTTTCGAATGCAGTTCCCAGGTTGAGCCCGGGGATTTCACATCCGACTTGACAGACCGCCTGCGTGCGCTTTACGCCCAGTAATTCCGA	asv.632_EE0528
16S	AGACGAGAAGACCCYdTGGAGCTT	GATCCAACATCGAGGTCGTAA	Vert-16S-eDNA-F1	Vert-16S-eDNA-R1	https://doi.org/10.1007/s12686-016-0550-y	Paired	NovaSeq6000	ATTATTACTATCTTTACCAGTTTTAGCAGGTGCTATTACTATGTTATTAACAGATCGTAATTTTAATACAACATTTTTTGATCCTGCAGGGGGAGGTGATCCTGTGTTATATCAACATTTATTCTGATTCTTCGGCCACCCCGAAGTCTA	asv.633_EE0524
16S	AGACGAGAAGACCCYdTGGAGCTT	GATCCAACATCGAGGTCGTAA	Vert-16S-eDNA-F1	Vert-16S-eDNA-R1	https://doi.org/10.1007/s12686-016-0550-y	Paired	NovaSeq6000	ATTATTACTATCTTTACCAGTTTTAGCAGGTGCTATTACTATGTTATTAACAGATCGTAATTTTAATACAACATTTTTTGATCCTGCAGGGGGAGGTGATCCTGTGTTATATCAACATTTATTCTGATTCTTCGGCCACCCCGAAGTCTA	asv.633_EE0537
16S	AGACGAGAAGACCCYdTGGAGCTT	GATCCAACATCGAGGTCGTAA	Vert-16S-eDNA-F1	Vert-16S-eDNA-R1	https://doi.org/10.1007/s12686-016-0550-y	Paired	NovaSeq6000	ATCGGAAGAGCGTCGTGTAGGGAAAGAGTGTGCCTTGCGGAGTGTAGATCTCGGTGGTCGCCGTATCATTAAAAAAAATTTTTTTCAAGCAGAAGACGGCATACTAGATTTGAGAGGATGTGACTGGAGTTCAGACGTGTGCTCTTCCGA	asv.642_EE0539
16S	AGACGAGAAGACCCYdTGGAGCTT	GATCCAACATCGAGGTCGTAA	Vert-16S-eDNA-F1	Vert-16S-eDNA-R1	https://doi.org/10.1007/s12686-016-0550-y	Paired	NovaSeq6000	ATTATTAGTATTAGCTTTACCTGTCTTAGCTGGAGCAATTACTATGCTTTTAACTGATAGGAATTTTAATACAACCTTTTTTGATCCTGCGGGTGGAGGAGACCCAATTTTATATCAACATTTATTTTGGTTCTTTGGCCACCCCGAAGT	asv.659_EE0528
16S	AGACGAGAAGACCCYdTGGAGCTT	GATCCAACATCGAGGTCGTAA	Vert-16S-eDNA-F1	Vert-16S-eDNA-R1	https://doi.org/10.1007/s12686-016-0550-y	Paired	NovaSeq6000	ACTTCTTTTAGCTGTTCCTGTTTTGGGTGGAGCTATCACCATGCTACTTACTGACCGTAACTTTGGGACTACATTTTTTGATCCAGCTGGTGGAGGTGACCCTGTTCTTTTCCAACACCTTTTCTGATTTTTCGGCCACCCCGAAGTCTA	asv.666_EE0526
16S	AGACGAGAAGACCCYdTGGAGCTT	GATCCAACATCGAGGTCGTAA	Vert-16S-eDNA-F1	Vert-16S-eDNA-R1	https://doi.org/10.1007/s12686-016-0550-y	Paired	NovaSeq6000	TCTACGCATTTCACCGCTACACAGGAAATTCCGCCATCCTCTACCATACTCTAGCTAGGCAGTTTTGGATGCAGTTCCCAGGTTGAGCCCGGGGCTTTCACATCCAACTTACCAAGCCGCCTACGCGCGCTTTACGCCCAGTAATTCCGA	asv.668_EE0528
16S	AGACGAGAAGACCCYdTGGAGCTT	GATCCAACATCGAGGTCGTAA	Vert-16S-eDNA-F1	Vert-16S-eDNA-R1	https://doi.org/10.1007/s12686-016-0550-y	Paired	NovaSeq6000	TCGTTGGGGGTCTTCCTGCCTTCGGGTACGTATAACGGCCTTGAAGGTGTTCGGCTTTAGTTTATGTTGTATTAACCACTCTTTACGCCGGTTTTTGTCAACTTGGGCCTCTCGTATAACCGCGGTGGCTGGCACGAAATTTACCAACCC	asv.681_EE0528
16S	AGACGAGAAGACCCYdTGGAGCTT	GATCCAACATCGAGGTCGTAA	Vert-16S-eDNA-F1	Vert-16S-eDNA-R1	https://doi.org/10.1007/s12686-016-0550-y	Paired	NovaSeq6000	ATTATTACTATCTTTACCAGTTTTAGCAGGTGCTATTACTATGTTATTAACAGATCGTAATTTTAATACAACATTTTTTGATCCTGCAGGGGGAGGTGATCCTGTGTTATATCAACATTTATTCTGATTTTTCGGCCACCCCGAGGTCTA	asv.685_EE0537
16S	AGACGAGAAGACCCYdTGGAGCTT	GATCCAACATCGAGGTCGTAA	Vert-16S-eDNA-F1	Vert-16S-eDNA-R1	https://doi.org/10.1007/s12686-016-0550-y	Paired	NovaSeq6000	GTTGGGCTTCATACCTCCGAGAACGTATAACGGTTTTGGGGGCGTTCGGCTTTAGTGTTATTAGGGCTAACTTAACCACTCTTTACGCCGATAACTATCAACTTGGGCCTCTCGTATAACCGCGGTGGCTGGCACGAAATTTACCAACCC	asv.686_EE0526
16S	AGACGAGAAGACCCYdTGGAGCTT	GATCCAACATCGAGGTCGTAA	Vert-16S-eDNA-F1	Vert-16S-eDNA-R1	https://doi.org/10.1007/s12686-016-0550-y	Paired	NovaSeq6000	TCTACGAATTTCACCTCTACACTCGGAATTCCACTCACCTCTCTCGAACTCTAGACTAGCAGTTTTGGAGGCAGTTCCGGGGTTGAGCCCCGGGATTTCACCCCCAACTTTCTAATCCGCCTACGCGCGCTTTACGCCCAGTAATTCCGA	asv.722_EE0526
16S	AGACGAGAAGACCCYdTGGAGCTT	GATCCAACATCGAGGTCGTAA	Vert-16S-eDNA-F1	Vert-16S-eDNA-R1	https://doi.org/10.1007/s12686-016-0550-y	Paired	NovaSeq6000	TTTATTATTATTATCATTACCTGTATTAGCTGGTGCAATTACTATGTTATTAACTGATAGAAATTTTAACACTACTTTTTTTGACCCTGCTGGTGGTGGTGATCCAGTATTATATCAACATTTATTCTGGTTCTTTGGCCATCCCGAAGT	asv.744_EE0537
16S	AGACGAGAAGACCCYdTGGAGCTT	GATCCAACATCGAGGTCGTAA	Vert-16S-eDNA-F1	Vert-16S-eDNA-R1	https://doi.org/10.1007/s12686-016-0550-y	Paired	NovaSeq6000	GATCGGGCTTCTTACCTTCGGGAAACGTATAACAGTATAGAAGGCGTTCGGCTTTAGTATTGGGATCATCTTAACCACGCTTTACGCCGGTGTCTAACAGCTTGGGCTCACTCGTATAACCGCGGTGGCTGGCACGAAATTAACCAACCC	asv.755_EE0524
16S	AGACGAGAAGACCCYdTGGAGCTT	GATCCAACATCGAGGTCGTAA	Vert-16S-eDNA-F1	Vert-16S-eDNA-R1	https://doi.org/10.1007/s12686-016-0550-y	Paired	NovaSeq6000	TCTACGAATTTCACCTCTACACTCGGAGTTCCACTCACCTCTCTCGAACTCAAGACTGACAGTATCAAAGGCAGTTCCGAGGTTGAGCCTCGGGATTTCACCCCTAACTTATCAATCCGCCTACGCGCGCTTTACGCCCAGTGATTCCGA	asv.761_EE0528
16S	AGACGAGAAGACCCYdTGGAGCTT	GATCCAACATCGAGGTCGTAA	Vert-16S-eDNA-F1	Vert-16S-eDNA-R1	https://doi.org/10.1007/s12686-016-0550-y	Paired	NovaSeq6000	TCTACGAATTTCACCTCTACACTCGGAGTTCCACTCACCTCTCTCGAACTCAAGACTGACAGTATCAAAGGCAGTTCCGAGGTTGAGCCTCGGGATTTCACCCCTAACTTATCAATCCGCCTACGCGCGCTTTACGCCCAGTGATTCCGA	asv.761_EE0524
16S	AGACGAGAAGACCCYdTGGAGCTT	GATCCAACATCGAGGTCGTAA	Vert-16S-eDNA-F1	Vert-16S-eDNA-R1	https://doi.org/10.1007/s12686-016-0550-y	Paired	NovaSeq6000	TCTACGAATTTCACCTCTACACTGGGAATTCCACCACCCTCTCCTAGTCTCTAGTCTTGCAGTATCAGAGGCAGTTCCGGGGTTGAGCCCCGGGCTTTCACCCCTGACTGGCAAGACCGCCTGCGTGCCCTTTACGCCCAGTAAATCCGA	asv.777_EE0528
16S	AGACGAGAAGACCCYdTGGAGCTT	GATCCAACATCGAGGTCGTAA	Vert-16S-eDNA-F1	Vert-16S-eDNA-R1	https://doi.org/10.1007/s12686-016-0550-y	Paired	NovaSeq6000	ACTATTACTATCTCTACCTGTTCTAGCTGGTGCTATTACTATGTTACTAACAGATAGAAACTTTAACACATCTTTCTTCGACCCTGCTGGAGGAGGAGATCCTATTTTATATCAACATTTATTCTGATTCTTTGGCCATCCCGAGGTCTA	asv.788_EE0526
16S	AGACGAGAAGACCCYdTGGAGCTT	GATCCAACATCGAGGTCGTAA	Vert-16S-eDNA-F1	Vert-16S-eDNA-R1	https://doi.org/10.1007/s12686-016-0550-y	Paired	NovaSeq6000	TCTACGGATTTTACCCCTACACCAGAAATTCCATCTACCTCTCCCATACTCTAGATAGACAGTTTCAAAAGCAGTTCAATAGTTGAGCTATTGGATTTCACTTCTGACTTATCTATCCGCCTACACGCTCTTTACGCCCAGTGATTCCGA	asv.790_EE0528
16S	AGACGAGAAGACCCYdTGGAGCTT	GATCCAACATCGAGGTCGTAA	Vert-16S-eDNA-F1	Vert-16S-eDNA-R1	https://doi.org/10.1007/s12686-016-0550-y	Paired	NovaSeq6000	TCTACGCATTTCACCGCTCCACTGGAAATTCCCTTTACCCCTACTATACTCTAGCCTAACAGTTTCGACTGCGATTTCGAAGTTGAGCTTCAAGATTTAACAGTTGACTTGTTAAGCCACCTACAGACGCTTTACGCCCAGTGATTCCGG	asv.791_EE0526
16S	AGACGAGAAGACCCYdTGGAGCTT	GATCCAACATCGAGGTCGTAA	Vert-16S-eDNA-F1	Vert-16S-eDNA-R1	https://doi.org/10.1007/s12686-016-0550-y	Paired	NovaSeq6000	TCGTGGTGGTTCTTCTTACCTCCGGAAGCGTATAACAGCTTTGGGGGCATTCGGCTTTAATAAATTAGACATCTTAACCACTCTTTACGCCGTAGGCTATCAACTTGGGCCTCTCGTATAACCGCGGTGGCTGGCACGAGATTTACCAAC	asv.802_EE0526
16S	AGACGAGAAGACCCYdTGGAGCTT	GATCCAACATCGAGGTCGTAA	Vert-16S-eDNA-F1	Vert-16S-eDNA-R1	https://doi.org/10.1007/s12686-016-0550-y	Paired	NovaSeq6000	ATTATTGTTATCTTTACCTGTTTTAGCTGGTGCTATAACTATGTTGTTAACTGATCGAAATTTTAATACAACTTTTTTTGACCCTGCTGGTGGTGGTGACCCTGTTTTATATCAGCATTTATTTTGGTTCTTCGGCCACCCCGAGGTCTA	asv.813_EE0524
16S	AGACGAGAAGACCCYdTGGAGCTT	GATCCAACATCGAGGTCGTAA	Vert-16S-eDNA-F1	Vert-16S-eDNA-R1	https://doi.org/10.1007/s12686-016-0550-y	Paired	NovaSeq6000	GCTTCTACTGCTAGCTGTACCTGTCCTAGCGGGAGGTATCACGATGCTGCTAACGGATCGGAACTTCAGCACCGGCTTCTTCGATGCTCAAGTAGGCGGCGATCCTCTACTGTTCCAGCATCTCTTCTGGTTCTTCGGCCATCCCGAAGT	asv.841_EE0541
16S	AGACGAGAAGACCCYdTGGAGCTT	GATCCAACATCGAGGTCGTAA	Vert-16S-eDNA-F1	Vert-16S-eDNA-R1	https://doi.org/10.1007/s12686-016-0550-y	Paired	NovaSeq6000	TAAGGGTGCTTCTTACCCTCGGATACGTATAACAGTTCTGAGGGAGTTTCGGCTTTAGTTTAAAATCAATTTAACCACTCTTTACGCCGAAAGCCTGTCAACTTGGGTCCCTCGTATAACCGCGGTGGCTGGCACGAAATTGACCAGTCC	asv.851_EE0528
16S	AGACGAGAAGACCCYdTGGAGCTT	GATCCAACATCGAGGTCGTAA	Vert-16S-eDNA-F1	Vert-16S-eDNA-R1	https://doi.org/10.1007/s12686-016-0550-y	Paired	NovaSeq6000	TTTATTATTACTTTCATTGCCCGTCTTAGCTGGAGCAATTACAATGCTACTGACTGATCGAAACTTTAACACCACGTTTTTTGACCCTGCCGGGGGTGGTGATCCTGTTCTTTATCAGCACTTATTCTGATTCTTCGGCCATCCCGAGGT	asv.858_EE0526
16S	AGACGAGAAGACCCYdTGGAGCTT	GATCCAACATCGAGGTCGTAA	Vert-16S-eDNA-F1	Vert-16S-eDNA-R1	https://doi.org/10.1007/s12686-016-0550-y	Paired	NovaSeq6000	GGTTATTTTATTTTAACTAGGGCTTTTTACAGCTTAGTTATAATTTAACTCTATTGTGATTTTTTTTTTCTTAAACACTCTTTACGCCGTGGATCTATTAATTTGGGTTAATCGTATGACCGCGGTGGCTGGCACGAAATTTACCAACCC	asv.865_EE0526
16S	AGACGAGAAGACCCYdTGGAGCTT	GATCCAACATCGAGGTCGTAA	Vert-16S-eDNA-F1	Vert-16S-eDNA-R1	https://doi.org/10.1007/s12686-016-0550-y	Paired	NovaSeq6000	CGTGGTGGGGCTTCTTGTCCTCGTAGCGTATAACAGCTTTGAGGGTATTCGGCTTTAGTGTACGGTCTTCCTAACCACTCTTTACGCCGGTGTCTAATCAACTCAGGCCTCTCGTATAACCGCGGTGGCTGGCACGAAATTTACCAACCC	asv.884_EE0526
16S	AGACGAGAAGACCCYdTGGAGCTT	GATCCAACATCGAGGTCGTAA	Vert-16S-eDNA-F1	Vert-16S-eDNA-R1	https://doi.org/10.1007/s12686-016-0550-y	Paired	NovaSeq6000	AAAAAAAAAAAAAAAAAAAAAAAAAAAAAAAAAAAAAAAAAAAAAAAAAAAAAAAAAAAAAAAAAAAAAAAAAAAAAAAAAAAAAAAAAAAAAAAAAAAAAAAAAAAAAAAAAAAAAAAAAAAAAAAAAAAAAAAAAAAAAAAAAAAAAA	asv.895_EE0526
16S	AGACGAGAAGACCCYdTGGAGCTT	GATCCAACATCGAGGTCGTAA	Vert-16S-eDNA-F1	Vert-16S-eDNA-R1	https://doi.org/10.1007/s12686-016-0550-y	Paired	NovaSeq6000	CTACAAGTTTTACCTCTCCATATGAAATTCCACTCTTCCGTATAAAACTCTAAGTAAAGCAGTATTATAAATTAGTTCAAAGTTGAGCTTTGAGATTTGATTTATAACTTACTATACAGCCTACAGACACTTTACGCCCAATCATTTTGG	asv.899_EE0526
16S	AGACGAGAAGACCCYdTGGAGCTT	GATCCAACATCGAGGTCGTAA	Vert-16S-eDNA-F1	Vert-16S-eDNA-R1	https://doi.org/10.1007/s12686-016-0550-y	Paired	NovaSeq6000	CTTACTTTTGTTAGCTGTTCCTGTTTTAGCTGGAGCAATTACAATGCTTCTAACTGATAGAAACTTTGGTACAACATTCTTTAATCCTGCTGGTGGTGGAGATCCAGTTCTTTTCCAACACTTATTTTGGTTTTTCGGCCACCCCGAGGT	asv.900_EE0528
16S	AGACGAGAAGACCCYdTGGAGCTT	GATCCAACATCGAGGTCGTAA	Vert-16S-eDNA-F1	Vert-16S-eDNA-R1	https://doi.org/10.1007/s12686-016-0550-y	Paired	NovaSeq6000	CTACTTTTACTTTCTCTTCCAGTATTAGCAGGTGCTATTACCATGTTATTAACTGATAGAAATTTTAATACGACCTTTTTCGATCCAGCAGGTGGAGGAGATCCTGTATTGTACCAGCATTTATTTTGATTTTTTGGCCACCCCGAAGTC	asv.901_EE0528
16S	AGACGAGAAGACCCYdTGGAGCTT	GATCCAACATCGAGGTCGTAA	Vert-16S-eDNA-F1	Vert-16S-eDNA-R1	https://doi.org/10.1007/s12686-016-0550-y	Paired	NovaSeq6000	AGCTGCATTATTATTAATCTTCGATAGAACTTTTGGAACAAGCTTCTATTTATCTGATATCTACATTGCAGGTGAGGCATTAGATGCTACAGGTGGTTCTCCTTTATTATTCCAACACTTATTTTGATTTTTTGGCCACCCCGAAGTCTA	asv.905_EE0526
16S	AGACGAGAAGACCCYdTGGAGCTT	GATCCAACATCGAGGTCGTAA	Vert-16S-eDNA-F1	Vert-16S-eDNA-R1	https://doi.org/10.1007/s12686-016-0550-y	Paired	NovaSeq6000	TCTACGCATTTCACCGCTACACCTGAAATTCTACCCCCCTCTCAAGGACTCTAGCCAAGCAGTATCAAATGCAATTCCCAGGTTAAGCCCGGGGCTTTCACATCTGACTGACTTGGCCGCCTGCATGCGCTTTACGCCCAGTAATTCCGA	asv.907_EE0526
16S	AGACGAGAAGACCCYdTGGAGCTT	GATCCAACATCGAGGTCGTAA	Vert-16S-eDNA-F1	Vert-16S-eDNA-R1	https://doi.org/10.1007/s12686-016-0550-y	Paired	NovaSeq6000	TTTTTTTTTTTTTTTTTTTTTTTTTTTTTTTTTTTTTTTTTTTTTTTTTTTTTTTTTTTTTTTTTTTTTTTTTTTTTTTTTTTTTTTTTTTTTTTTTTTTTTTTTTTTTTTTTTTTTTTTTTTTTTTTTTTTTTTTTTTTTTTTTTTTTT	asv.913_EE0526
16S	AGACGAGAAGACCCYdTGGAGCTT	GATCCAACATCGAGGTCGTAA	Vert-16S-eDNA-F1	Vert-16S-eDNA-R1	https://doi.org/10.1007/s12686-016-0550-y	Paired	NovaSeq6000	TTTTTTTTTTTTTTTTTTTTTTTTTTTTTTTTTTTTTTTTTTTTTTTTTTTTTTTTTTTTTTTTTTTTTTTTTTTTTTTTTTTTTTTTTTTTTTTTTTTTTTTTTTTTTTTTTTTTTTTTTTTTTTTTTTTTTTTTTTTTTTTTTTTTTT	asv.913_EE0524
16S	AGACGAGAAGACCCYdTGGAGCTT	GATCCAACATCGAGGTCGTAA	Vert-16S-eDNA-F1	Vert-16S-eDNA-R1	https://doi.org/10.1007/s12686-016-0550-y	Paired	NovaSeq6000	GTGGTTAAGTTACCCCAATACAACTAAAGTCGAACGCCCCCAAGACCGTTATACGCGCTCGGAGGTATGAAGCCCAACTACGAAAGTGGCTTTAAATTTTCTGACCCCACGAAAGCTGTGAAACAAACTGGGATTAGATACCCCACTATG	asv.916_EE0528
16S	AGACGAGAAGACCCYdTGGAGCTT	GATCCAACATCGAGGTCGTAA	Vert-16S-eDNA-F1	Vert-16S-eDNA-R1	https://doi.org/10.1007/s12686-016-0550-y	Paired	NovaSeq6000	TTTTACTTTTGTTGTCGTTACCTGTTTTAGCAGGTGCGATCACGATGTTGCTCACAGATCGAAACTTTAACACATCTTTCTTCGATCCAAACGGTGGAGGTGACCCCGTGCTCTACCAACATCTGTTTTGATTCTTCGGCCACCCCGAAG	asv.917_EE0528
16S	AGACGAGAAGACCCYdTGGAGCTT	GATCCAACATCGAGGTCGTAA	Vert-16S-eDNA-F1	Vert-16S-eDNA-R1	https://doi.org/10.1007/s12686-016-0550-y	Paired	NovaSeq6000	ACTACTATTATCTCTACCTGTGTTAGCTGGTGCTATTACTATGTTATTAACTGATAGAAATTTCAATACATCTTTCTTCGACCCTGCTGGAGGAGGAGATCCTATTTTATATCAGCACTTATTCTGATTCTTCGGCCACCCCGAAGTCTA	asv.918_EE0531
16S	AGACGAGAAGACCCYdTGGAGCTT	GATCCAACATCGAGGTCGTAA	Vert-16S-eDNA-F1	Vert-16S-eDNA-R1	https://doi.org/10.1007/s12686-016-0550-y	Paired	NovaSeq6000	ACTACTATTATCTCTACCTGTGTTAGCTGGTGCTATTACTATGTTATTAACTGATAGAAATTTCAATACATCTTTCTTCGACCCTGCTGGAGGAGGAGATCCTATTTTATATCAGCACTTATTCTGATTCTTCGGCCACCCCGAAGTCTA	asv.918_EE0528
16S	AGACGAGAAGACCCYdTGGAGCTT	GATCCAACATCGAGGTCGTAA	Vert-16S-eDNA-F1	Vert-16S-eDNA-R1	https://doi.org/10.1007/s12686-016-0550-y	Paired	NovaSeq6000	CAGTTAATAGCATTGTAATTGCTCCTGCTAAAACTGGTAATGATAATAATAATAAAATGGCGGTAATAAAAACAGCCCAAACAAATAACGGAAGCTTGTGAAATGGTAAACTTTCAGTTCTCATGTTTACAATTGTACAAATGAAATTAA	asv.919_EE0526
16S	AGACGAGAAGACCCYdTGGAGCTT	GATCCAACATCGAGGTCGTAA	Vert-16S-eDNA-F1	Vert-16S-eDNA-R1	https://doi.org/10.1007/s12686-016-0550-y	Paired	NovaSeq6000	GATCAGTAAGTAACATTGTTATAGCTCCAGCTAATACGGGAACAGCAAGTAAAAGTAAGAAAGCCGTTACAAATATTGACCAAACAAATAGTGGGATACGGTACATACTTTGACCAGGATTGCGCATATTTAAGATCGTTGATATAAAGT	asv.920_EE0528
16S	AGACGAGAAGACCCYdTGGAGCTT	GATCCAACATCGAGGTCGTAA	Vert-16S-eDNA-F1	Vert-16S-eDNA-R1	https://doi.org/10.1007/s12686-016-0550-y	Paired	NovaSeq6000	TCTACGCATTTCACCGCTTCACTGGAAATTCCCTCTACTTCGACTGTACTCAAGCCTAGCAGTTTCTGCTGCAGTTTTAAAGTTAAGCTTTAACCTTTATCAACAGACTTGTTAGGCAACCTACAGACGCTTTACGCCCAATAATTCCGG	asv.922_EE0528
16S	AGACGAGAAGACCCYdTGGAGCTT	GATCCAACATCGAGGTCGTAA	Vert-16S-eDNA-F1	Vert-16S-eDNA-R1	https://doi.org/10.1007/s12686-016-0550-y	Paired	NovaSeq6000	GATCAATTGAGTATAGTAGTTCGCTTTGACTGGTGAAGTCTTAGCATGTACTGCTCGGAGGTTGGGTTCTGCTCCGAGGTCGCCCCAACCGAAATTTTTAATGCAGGTTTGGTAGTTTAGGACCTGTGGGTTTGTTAGGTACTGTTTGCA	asv.928_EE0524
16S	AGACGAGAAGACCCYdTGGAGCTT	GATCCAACATCGAGGTCGTAA	Vert-16S-eDNA-F1	Vert-16S-eDNA-R1	https://doi.org/10.1007/s12686-016-0550-y	Paired	NovaSeq6000	TGCAAGCATACGCTTTCTACAACCATGAGCGCCAGCTCTAAGTGCCAGAACATCTGTCTTAAACTTGATCCGGTCAGACCGATCAACGGACCCAGTTACCCCAGGGATAACAGCGCAATCCTCTTTTAGAGCCCATATCGACAAGAGGGT	asv.931_EE0528
16S	AGACGAGAAGACCCYdTGGAGCTT	GATCCAACATCGAGGTCGTAA	Vert-16S-eDNA-F1	Vert-16S-eDNA-R1	https://doi.org/10.1007/s12686-016-0550-y	Paired	NovaSeq6000	CTGTTAAAAGCATTGTAATCCCTCCAGCTAGAATGGGAAGGGATAAAAGAAGAAGGATAGCGGTAATAAAGATTGATCATGTGAATAAGGTTATTCGGGCTATTTTTATGTTTTCTGCTCGTATGTTGAGAATTGTGGTAATGAAGTTAA	asv.935_EE0528
16S	AGACGAGAAGACCCYdTGGAGCTT	GATCCAACATCGAGGTCGTAA	Vert-16S-eDNA-F1	Vert-16S-eDNA-R1	https://doi.org/10.1007/s12686-016-0550-y	Paired	NovaSeq6000	CCGTTAAAAGCATTGTAATAGCTCCTGCAAGAACAGGAAGAGATAAAAGTAATAAAAAAGCTGTAATTAAAACAGACCAAACAAAAAGTGGGAGTCTGTGCATACTTAAACCAGGGCCACGCATGTTAAAAATTGTGGTAATAAAATTAA	asv.937_EE0528
16S	AGACGAGAAGACCCYdTGGAGCTT	GATCCAACATCGAGGTCGTAA	Vert-16S-eDNA-F1	Vert-16S-eDNA-R1	https://doi.org/10.1007/s12686-016-0550-y	Paired	NovaSeq6000	CCTTTTACTTTTATCTTTGCCAGTATTGGCCGGAGGAATAACAATGCTTCTTACTGATCGTAATTTCAATACAACTTTTTTTGACCCAGCTGGTGGTGGAGATCCCGTTCTTTACCAACACTTATTTTGATTCTTTGGCCATCCCGAAGT	asv.938_EE0526
16S	AGACGAGAAGACCCYdTGGAGCTT	GATCCAACATCGAGGTCGTAA	Vert-16S-eDNA-F1	Vert-16S-eDNA-R1	https://doi.org/10.1007/s12686-016-0550-y	Paired	NovaSeq6000	TTTATTATTGTTATCATTACCTGTATTAGCAGGTGCTATTACTATGGTATTAACTGATCGTCACTTTAATACAACTTTCTTTGATGCAAAAGGAGGAGGTGATCCAGTATTATATCAGCATTTATTTTGATTTTTTGGCCATCCCGAGGT	asv.940_EE0526
